1 1 B T
2 2 B T
3 2 T 1
4 2 B 1
5 3 B 2
6 3 2 3
7 3 3 1
8 3 T 1
9 3 B 4
10 3 4 1
11 3 2 4
12 3 B 1
13 4 6 5
14 4 7 6
15 4 8 6
16 4 1 7
17 4 B 1
18 4 3 6
19 4 T 6
20 4 9 5
21 4 4 6
22 4 B 10
23 4 B 11
24 4 B 6
25 4 10 6
26 4 12 6
27 5 14 13
28 5 13 5
29 5 16 15
30 5 16 14
31 5 17 16
32 5 B 17
33 5 B 18
34 5 18 13
35 5 B 19
36 5 20 5
37 5 21 20
38 5 22 21
39 5 23 20
40 5 17 22
41 5 22 24
42 5 B 22
43 5 22 23
44 5 25 13
45 5 B 21
46 5 B 14
47 5 B 25
48 5 B 13
49 5 B 24
50 5 B 26
51 5 B 15
52 6 28 27
53 6 5 13
54 6 27 29
55 6 13 15
56 6 27 30
57 6 30 31
58 6 5 28
59 6 B 5
60 6 31 32
61 6 34 33
62 6 34 35
63 6 B 36
64 6 B 37
65 6 36 27
66 6 B 28
67 6 B 38
68 6 B 39
69 6 B 20
70 6 37 30
71 6 B 40
72 6 B 13
73 6 B 41
74 6 B 23
75 6 38 31
76 6 39 30
77 6 B 32
78 6 B 42
79 6 20 27
80 6 B 43
81 6 40 32
82 6 42 32
83 6 43 31
84 6 37 33
85 6 36 44
86 6 B 45
87 6 44 46
88 6 28 44
89 6 48 47
90 6 B 49
91 6 48 50
92 6 44 51
93 6 13 26
94 7 53 52
95 7 55 54
96 7 52 56
97 7 54 57
98 7 59 58
99 7 58 52
100 7 15 29
101 7 29 31
102 7 56 57
103 7 57 60
104 7 31 32
105 7 B 59
106 7 60 32
107 7 52 61
108 7 55 62
109 7 B 63
110 7 63 64
111 7 66 65
112 7 68 67
113 7 59 66
114 7 69 68
115 7 65 70
116 7 67 71
117 7 72 65
118 7 74 73
119 7 73 71
120 7 76 75
121 7 78 77
122 7 79 76
123 7 80 78
124 7 75 81
125 7 82 32
126 7 83 82
127 7 85 84
128 7 88 87
129 7 89 47
130 7 91 47
131 7 93 92
132 7 B 50
133 8 95 94
134 8 97 96
135 8 94 98
136 8 96 99
137 8 100 95
138 8 101 97
139 8 103 102
140 8 102 96
141 8 104 103
142 8 98 105
143 8 99 98
144 8 106 103
145 8 32 106
146 8 B 32
147 8 62 107
148 8 61 107
149 8 19 108
150 8 109 105
151 8 110 98
152 8 112 111
153 8 114 113
154 8 116 115
155 8 118 117
156 8 119 115
157 8 121 120
158 8 123 122
159 8 77 124
160 8 B 125
161 8 B 126
162 8 86 127
163 8 129 128
164 8 90 127
165 8 130 128
166 8 132 131
167 9 134 133
168 9 136 135
169 9 138 137
170 9 139 134
171 9 140 136
172 9 141 138
173 9 143 142
174 9 136 143
175 9 144 139
176 9 139 140
177 9 145 141
178 9 142 105
179 9 145 144
180 9 146 145
181 9 B 146
182 9 B 147
183 9 148 136
184 9 B 149
185 9 147 133
186 9 B 148
187 9 150 105
188 9 151 150
189 9 152 151
190 9 153 150
191 9 154 152
192 9 156 155
193 9 157 156
194 9 158 155
195 9 159 157
196 9 157 154
197 9 158 152
198 9 152 153
199 9 160 159
200 9 161 157
201 9 157 158
202 9 146 160
203 9 B 160
204 9 160 161
205 9 162 152
206 9 163 136
207 9 B 162
208 9 B 140
209 9 B 163
210 9 B 136
211 9 B 164
212 9 B 165
213 9 B 134
214 9 165 133
215 9 B 166
216 9 B 133
217 9 164 155
218 9 B 137
219 10 168 167
220 10 135 133
221 10 167 169
222 10 133 137
223 10 171 170
224 10 170 172
225 10 173 168
226 10 142 135
227 10 174 171
228 10 176 175
229 10 175 177
230 10 171 176
231 10 178 173
232 10 105 142
233 10 173 174
234 10 175 179
235 10 179 180
236 10 105 178
237 10 B 105
238 10 180 181
239 10 183 182
240 10 185 184
241 10 183 186
242 10 B 187
243 10 B 188
244 10 B 150
245 10 187 173
246 10 B 178
247 10 B 189
248 10 B 190
249 10 188 174
250 10 B 191
251 10 188 168
252 10 150 135
253 10 B 192
254 10 B 155
255 10 189 171
256 10 190 168
257 10 B 193
258 10 B 194
259 10 191 176
260 10 B 195
261 10 190 174
262 10 B 196
263 10 B 197
264 10 150 173
265 10 B 198
266 10 196 175
267 10 197 176
268 10 B 199
269 10 B 200
270 10 198 171
271 10 B 201
272 10 192 169
273 10 155 137
274 10 193 172
275 10 194 169
276 10 195 177
277 10 199 180
278 10 200 177
279 10 201 172
280 10 195 179
281 10 B 202
282 10 202 181
283 10 200 179
284 10 B 181
285 10 B 203
286 10 201 175
287 10 B 204
288 10 203 181
289 10 204 180
290 10 205 186
291 10 189 206
292 10 B 207
293 10 206 208
294 10 174 206
295 10 210 209
296 10 B 211
297 10 210 212
298 10 206 213
299 10 168 214
300 10 216 215
301 10 217 184
302 10 155 166
303 10 214 218
304 10 133 166
305 11 220 219
306 11 222 221
307 11 219 223
308 11 221 224
309 11 226 225
310 11 225 227
311 11 137 169
312 11 169 172
313 11 223 228
314 11 224 229
315 11 227 230
316 11 172 177
317 11 232 231
318 11 231 233
319 11 233 227
320 11 228 234
321 11 229 235
322 11 230 228
323 11 177 180
324 11 237 236
325 11 236 231
326 11 234 235
327 11 235 238
328 11 180 181
329 11 B 237
330 11 219 239
331 11 227 241
332 11 222 240
333 11 238 181
334 11 B 242
335 11 244 243
336 11 246 245
337 11 248 247
338 11 237 246
339 11 244 248
340 11 242 243
341 11 245 249
342 11 247 250
343 11 252 251
344 11 254 253
345 11 256 255
346 11 258 257
347 11 252 256
348 11 254 258
349 11 255 259
350 11 257 260
351 11 261 255
352 11 263 262
353 11 264 261
354 11 265 263
355 11 267 266
356 11 269 268
357 11 270 267
358 11 271 269
359 11 273 272
360 11 275 274
361 11 273 275
362 11 274 276
363 11 278 277
364 11 279 278
365 11 262 260
366 11 266 280
367 11 268 281
368 11 277 282
369 11 283 277
370 11 285 284
371 11 286 283
372 11 287 285
373 11 288 181
374 11 289 288
375 11 291 290
376 11 294 293
377 11 295 209
378 11 297 209
379 11 299 298
380 11 300 212
381 11 302 301
382 11 304 303
383 11 B 215
384 12 306 305
385 12 308 307
386 12 305 309
387 12 307 310
388 12 311 306
389 12 312 308
390 12 314 313
391 12 313 315
392 12 316 314
393 12 309 317
394 12 310 318
395 12 315 319
396 12 321 320
397 12 320 322
398 12 323 321
399 12 322 315
400 12 317 324
401 12 318 325
402 12 319 318
403 12 327 326
404 12 326 320
405 12 328 327
406 12 324 329
407 12 325 324
408 12 240 330
409 12 239 331
410 12 149 332
411 12 241 331
412 12 333 327
413 12 181 333
414 12 334 329
415 12 335 324
416 12 337 336
417 12 339 338
418 12 340 324
419 12 342 341
420 12 344 343
421 12 346 345
422 12 348 347
423 12 350 349
424 12 352 351
425 12 354 353
426 12 356 355
427 12 358 357
428 12 B 359
429 12 B 360
430 12 B 361
431 12 B 362
432 12 B 363
433 12 B 364
434 12 365 349
435 12 367 366
436 12 B 368
437 12 370 369
438 12 372 371
439 12 B 373
440 12 B 374
441 12 292 375
442 12 377 376
443 12 296 375
444 12 378 376
445 12 380 379
446 12 B 381
447 12 383 382
448 13 385 384
449 13 387 386
450 13 389 388
451 13 390 385
452 13 391 387
453 13 392 389
454 13 394 393
455 13 395 394
456 13 396 390
457 13 397 391
458 13 398 392
459 13 399 395
460 13 401 400
461 13 402 401
462 13 395 402
463 13 403 396
464 13 404 397
465 13 405 398
466 13 397 399
467 13 407 406
468 13 401 407
469 13 B 408
470 13 409 387
471 13 B 410
472 13 408 384
473 13 B 409
474 13 411 395
475 13 B 411
476 13 412 403
477 13 403 404
478 13 413 405
479 13 414 329
480 13 416 415
481 13 418 414
482 13 419 416
483 13 421 420
484 13 423 421
485 13 416 418
486 13 417 414
487 13 424 419
488 13 425 416
489 13 416 417
490 13 426 423
491 13 427 421
492 13 421 422
493 13 429 428
494 13 431 429
495 13 432 431
496 13 433 429
497 13 429 430
498 13 434 424
499 13 435 426
500 13 436 432
501 13 426 434
502 13 427 424
503 13 424 425
504 13 437 435
505 13 438 426
506 13 426 427
507 13 439 436
508 13 440 432
509 13 432 433
510 13 441 424
511 13 442 395
512 13 B 441
513 13 B 399
514 13 B 442
515 13 B 395
516 13 B 443
517 13 B 444
518 13 B 391
519 13 444 387
520 13 B 445
521 13 B 387
522 13 443 421
523 13 445 384
524 13 B 446
525 13 B 385
526 13 B 447
527 13 B 384
528 13 B 388
529 14 449 448
530 14 386 384
531 14 448 450
532 14 384 388
533 14 452 451
534 14 451 453
535 14 454 449
536 14 393 386
537 14 455 452
538 14 457 456
539 14 456 458
540 14 459 457
541 14 460 454
542 14 400 393
543 14 461 455
544 14 462 459
545 14 464 463
546 14 463 465
547 14 466 464
548 14 459 466
549 14 467 460
550 14 406 400
551 14 468 461
552 14 461 462
553 14 470 469
554 14 472 471
555 14 474 473
556 14 474 475
557 14 477 476
558 14 476 478
559 14 464 477
560 14 479 467
561 14 B 406
562 14 B 480
563 14 B 417
564 14 481 468
565 14 B 482
566 14 480 454
567 14 417 393
568 14 B 483
569 14 B 422
570 14 482 455
571 14 B 484
572 14 485 461
573 14 486 468
574 14 B 487
575 14 B 488
576 14 414 467
577 14 B 489
578 14 487 459
579 14 488 455
580 14 B 490
581 14 B 491
582 14 489 454
583 14 B 492
584 14 483 448
585 14 422 384
586 14 B 493
587 14 B 430
588 14 484 451
589 14 B 494
590 14 490 456
591 14 491 451
592 14 B 495
593 14 B 496
594 14 492 448
595 14 B 497
596 14 482 462
597 14 B 498
598 14 498 466
599 14 B 499
600 14 499 463
601 14 B 500
602 14 488 462
603 14 B 501
604 14 B 502
605 14 489 461
606 14 B 503
607 14 501 464
608 14 502 466
609 14 B 504
610 14 B 505
611 14 503 459
612 14 B 506
613 14 504 476
614 14 505 463
615 14 B 507
616 14 B 508
617 14 506 456
618 14 B 509
619 14 510 475
620 14 487 511
621 14 B 512
622 14 511 513
623 14 462 511
624 14 515 514
625 14 B 516
626 14 515 517
627 14 511 518
628 14 455 519
629 14 521 520
630 14 522 469
631 14 483 523
632 14 B 524
633 14 519 525
634 14 449 523
635 14 527 526
636 14 523 528
637 14 384 447
638 15 530 529
639 15 532 531
640 15 529 533
641 15 531 534
642 15 536 535
643 15 535 537
644 15 388 450
645 15 450 453
646 15 533 538
647 15 534 539
648 15 537 540
649 15 453 458
650 15 542 541
651 15 541 543
652 15 543 544
653 15 538 545
654 15 539 546
655 15 540 547
656 15 458 465
657 15 544 548
658 15 550 549
659 15 549 551
660 15 551 552
661 15 552 544
662 15 529 553
663 15 537 555
664 15 532 554
665 15 544 556
666 15 545 557
667 15 546 558
668 15 547 559
669 15 465 478
670 15 548 547
671 15 561 560
672 15 563 562
673 15 560 564
674 15 562 565
675 15 567 566
676 15 569 568
677 15 566 570
678 15 568 571
679 15 573 572
680 15 575 574
681 15 576 573
682 15 577 575
683 15 579 578
684 15 581 580
685 15 582 579
686 15 583 581
687 15 585 584
688 15 587 586
689 15 584 588
690 15 586 589
691 15 591 590
692 15 593 592
693 15 594 591
694 15 595 593
695 15 572 596
696 15 574 597
697 15 578 598
698 15 580 599
699 15 590 600
700 15 592 601
701 15 602 578
702 15 604 603
703 15 605 602
704 15 606 604
705 15 608 607
706 15 610 609
707 15 611 608
708 15 612 610
709 15 614 613
710 15 616 615
711 15 617 614
712 15 618 616
713 15 620 619
714 15 623 622
715 15 624 514
716 15 626 514
717 15 628 627
718 15 629 517
719 15 631 630
720 15 634 633
721 15 635 520
722 15 637 636
723 15 B 526
724 16 639 638
725 16 641 640
726 16 638 642
727 16 640 643
728 16 644 639
729 16 645 641
730 16 647 646
731 16 646 648
732 16 649 647
733 16 642 650
734 16 643 651
735 16 648 652
736 16 654 653
737 16 653 655
738 16 656 654
739 16 655 657
740 16 650 658
741 16 651 659
742 16 652 660
743 16 657 661
744 16 554 662
745 16 553 663
746 16 410 664
747 16 555 665
748 16 556 665
749 16 667 666
750 16 666 668
751 16 669 667
752 16 668 670
753 16 670 657
754 16 672 671
755 16 674 673
756 16 676 675
757 16 678 677
758 16 680 679
759 16 682 681
760 16 684 683
761 16 686 685
762 16 688 687
763 16 690 689
764 16 692 691
765 16 694 693
766 16 696 695
767 16 698 697
768 16 700 699
769 16 702 701
770 16 704 703
771 16 706 705
772 16 708 707
773 16 710 709
774 16 712 711
775 16 621 713
776 16 715 714
777 16 625 713
778 16 716 714
779 16 718 717
780 16 632 719
781 16 721 720
782 16 723 722
783 17 725 724
784 17 727 726
785 17 729 728
786 17 730 725
787 17 731 727
788 17 732 729
789 17 734 733
790 17 735 734
791 17 736 730
792 17 737 731
793 17 738 732
794 17 739 735
795 17 741 740
796 17 742 741
797 17 743 742
798 17 B 744
799 17 745 727
800 17 B 746
801 17 744 724
802 17 B 745
803 17 747 735
804 17 B 747
805 17 748 743
806 17 749 736
807 17 750 737
808 17 751 738
809 17 752 739
810 17 753 743
811 17 755 754
812 17 757 756
813 17 758 755
814 17 759 754
815 17 760 757
816 17 761 756
817 17 763 762
818 17 764 763
819 17 765 762
820 17 766 758
821 17 767 760
822 17 768 764
823 17 769 766
824 17 770 758
825 17 771 767
826 17 772 760
827 17 758 759
828 17 760 761
829 17 773 768
830 17 774 764
831 17 764 765
832 17 B 748
833 17 775 769
834 17 776 743
835 17 B 777
836 17 B 739
837 17 778 735
838 17 B 778
839 17 B 779
840 17 B 735
841 17 777 760
842 17 779 727
843 17 B 780
844 17 B 731
845 17 B 781
846 17 B 727
847 17 B 725
848 17 781 724
849 17 B 782
850 17 B 724
851 17 780 762
852 17 B 728
853 18 784 783
854 18 726 724
855 18 783 785
856 18 724 728
857 18 787 786
858 18 786 788
859 18 789 784
860 18 733 726
861 18 790 787
862 18 792 791
863 18 791 793
864 18 794 792
865 18 795 789
866 18 740 733
867 18 796 790
868 18 797 794
869 18 799 798
870 18 801 800
871 18 803 802
872 18 805 804
873 18 807 806
874 18 806 808
875 18 809 807
876 18 810 809
877 18 811 795
878 18 754 740
879 18 B 812
880 18 B 756
881 18 813 796
882 18 814 795
883 18 B 815
884 18 B 816
885 18 812 784
886 18 756 726
887 18 B 817
888 18 B 762
889 18 815 787
890 18 816 784
891 18 B 818
892 18 B 819
893 18 820 797
894 18 B 821
895 18 821 792
896 18 B 822
897 18 817 785
898 18 762 728
899 18 818 788
900 18 819 785
901 18 822 793
902 18 823 810
903 18 824 797
904 18 B 825
905 18 B 826
906 18 827 796
907 18 B 828
908 18 825 807
909 18 826 792
910 18 B 829
911 18 B 830
912 18 828 787
913 18 B 831
914 18 829 808
915 18 830 793
916 18 831 788
917 18 833 832
918 18 823 834
919 18 B 835
920 18 834 836
921 18 797 837
922 18 840 839
923 18 841 802
924 18 815 842
925 18 B 843
926 18 837 844
927 18 790 842
928 18 846 845
929 18 842 847
930 18 784 848
931 18 850 849
932 18 851 800
933 18 762 782
934 18 848 852
935 18 724 782
936 19 854 853
937 19 856 855
938 19 853 857
939 19 855 858
940 19 860 859
941 19 859 861
942 19 728 785
943 19 785 788
944 19 857 862
945 19 858 863
946 19 861 864
947 19 788 793
948 19 866 865
949 19 865 867
950 19 867 868
951 19 853 869
952 19 861 871
953 19 856 870
954 19 868 872
955 19 862 873
956 19 863 874
957 19 864 875
958 19 793 808
959 19 868 876
960 19 878 877
961 19 880 879
962 19 882 881
963 19 884 883
964 19 878 882
965 19 880 884
966 19 886 885
967 19 888 887
968 19 890 889
969 19 892 891
970 19 886 890
971 19 888 892
972 19 881 893
973 19 883 894
974 19 889 895
975 19 891 896
976 19 898 897
977 19 900 899
978 19 898 900
979 19 899 901
980 19 903 902
981 19 905 904
982 19 906 903
983 19 907 905
984 19 909 908
985 19 911 910
986 19 912 909
987 19 913 911
988 19 915 914
989 19 916 915
990 19 918 917
991 19 921 920
992 19 922 838
993 19 924 923
994 19 927 926
995 19 928 839
996 19 930 929
997 19 931 845
998 19 933 932
999 19 935 934
1000 19 B 849
1001 20 937 936
1002 20 939 938
1003 20 936 940
1004 20 938 941
1005 20 942 937
1006 20 943 939
1007 20 945 944
1008 20 944 946
1009 20 947 945
1010 20 940 948
1011 20 941 949
1012 20 946 950
1013 20 870 951
1014 20 869 952
1015 20 746 953
1016 20 871 954
1017 20 956 955
1018 20 955 957
1019 20 958 956
1020 20 957 959
1021 20 961 960
1022 20 963 962
1023 20 965 964
1024 20 967 966
1025 20 969 968
1026 20 971 970
1027 20 973 972
1028 20 975 974
1029 20 B 976
1030 20 B 977
1031 20 B 978
1032 20 B 979
1033 20 981 980
1034 20 983 982
1035 20 985 984
1036 20 987 986
1037 20 B 988
1038 20 B 989
1039 20 919 990
1040 20 992 991
1041 20 925 993
1042 20 995 994
1043 20 997 996
1044 20 B 998
1045 20 1000 999
1046 21 1002 1001
1047 21 1004 1003
1048 21 1006 1005
1049 21 1007 1002
1050 21 1008 1004
1051 21 1009 1006
1052 21 1011 1010
1053 21 1012 1011
1054 21 B 1013
1055 21 1014 1004
1056 21 B 1015
1057 21 1013 1001
1058 21 B 1014
1059 21 1016 1012
1060 21 1017 1007
1061 21 1018 1008
1062 21 1019 1009
1063 21 1020 1012
1064 21 1022 1021
1065 21 1025 1024
1066 21 1027 1022
1067 21 1028 1025
1068 21 1030 1029
1069 21 1032 1030
1070 21 1033 1027
1071 21 1034 1022
1072 21 1035 1028
1073 21 1036 1025
1074 21 1022 1023
1075 21 1025 1026
1076 21 1037 1032
1077 21 1038 1030
1078 21 1030 1031
1079 21 B 1016
1080 21 1039 1033
1081 21 1040 1012
1082 21 B 1041
1083 21 B 1008
1084 21 1042 1004
1085 21 B 1042
1086 21 B 1043
1087 21 B 1004
1088 21 1041 1025
1089 21 1043 1001
1090 21 B 1044
1091 21 B 1002
1092 21 B 1045
1093 21 B 1001
1094 21 B 1005
1095 22 1047 1046
1096 22 1003 1001
1097 22 1046 1048
1098 22 1001 1005
1099 22 1050 1049
1100 22 1049 1051
1101 22 1052 1047
1102 22 1010 1003
1103 22 1053 1050
1104 22 1055 1054
1105 22 1057 1056
1106 22 1059 1058
1107 22 1061 1060
1108 22 1060 1062
1109 22 1063 1061
1110 22 1064 1052
1111 22 1023 1010
1112 22 B 1065
1113 22 B 1026
1114 22 1066 1053
1115 22 B 1067
1116 22 1065 1046
1117 22 1026 1001
1118 22 B 1068
1119 22 B 1031
1120 22 1067 1049
1121 22 B 1069
1122 22 1070 1063
1123 22 1071 1053
1124 22 B 1072
1125 22 B 1073
1126 22 1074 1052
1127 22 B 1075
1128 22 1072 1060
1129 22 1073 1049
1130 22 B 1076
1131 22 B 1077
1132 22 1075 1046
1133 22 B 1078
1134 22 1080 1079
1135 22 1070 1081
1136 22 B 1082
1137 22 1081 1083
1138 22 1053 1084
1139 22 1087 1086
1140 22 1088 1054
1141 22 1065 1089
1142 22 B 1090
1143 22 1084 1091
1144 22 1047 1089
1145 22 1093 1092
1146 22 1089 1094
1147 22 1001 1045
1148 23 1096 1095
1149 23 1098 1097
1150 23 1095 1099
1151 23 1097 1100
1152 23 1102 1101
1153 23 1101 1103
1154 23 1005 1048
1155 23 1048 1051
1156 23 1095 1104
1157 23 1103 1106
1158 23 1098 1105
1159 23 1099 1107
1160 23 1100 1108
1161 23 1103 1109
1162 23 1051 1062
1163 23 1111 1110
1164 23 1113 1112
1165 23 1110 1114
1166 23 1112 1115
1167 23 1117 1116
1168 23 1119 1118
1169 23 1116 1120
1170 23 1118 1121
1171 23 1123 1122
1172 23 1125 1124
1173 23 1126 1123
1174 23 1127 1125
1175 23 1129 1128
1176 23 1131 1130
1177 23 1132 1129
1178 23 1133 1131
1179 23 1135 1134
1180 23 1138 1137
1181 23 1139 1085
1182 23 1141 1140
1183 23 1144 1143
1184 23 1145 1086
1185 23 1147 1146
1186 23 B 1092
1187 24 1149 1148
1188 24 1151 1150
1189 24 1148 1152
1190 24 1150 1153
1191 24 1154 1149
1192 24 1155 1151
1193 24 1105 1156
1194 24 1104 1157
1195 24 1015 1158
1196 24 1160 1159
1197 24 1159 1161
1198 24 1162 1160
1199 24 1164 1163
1200 24 1166 1165
1201 24 1168 1167
1202 24 1170 1169
1203 24 1172 1171
1204 24 1174 1173
1205 24 1176 1175
1206 24 1178 1177
1207 24 1136 1179
1208 24 1181 1180
1209 24 1142 1182
1210 24 1184 1183
1211 24 1186 1185
1212 25 1188 1187
1213 25 1190 1189
1214 25 1192 1191
1215 25 B 1193
1216 25 1194 1190
1217 25 B 1195
1218 25 1193 1187
1219 25 1196 1188
1220 25 1197 1190
1221 25 1198 1192
1222 25 1200 1199
1223 25 1202 1201
1224 25 1203 1200
1225 25 1204 1199
1226 25 1205 1202
1227 25 1206 1201
1228 25 B 1194
1229 25 1207 1203
1230 25 1208 1190
1231 25 B 1209
1232 25 B 1188
1233 25 1210 1187
1234 25 B 1210
1235 25 B 1211
1236 25 B 1187
1237 25 1209 1201
1238 25 B 1191
1239 26 1213 1212
1240 26 1189 1187
1241 26 1212 1214
1242 26 1187 1191
1243 26 1216 1215
1244 26 1218 1217
1245 26 1220 1219
1246 26 1219 1221
1247 26 1222 1213
1248 26 1199 1189
1249 26 B 1223
1250 26 B 1201
1251 26 1224 1220
1252 26 1225 1213
1253 26 B 1226
1254 26 B 1227
1255 26 1223 1214
1256 26 1201 1191
1257 26 1226 1221
1258 26 1227 1214
1259 26 1229 1228
1260 26 1224 1230
1261 26 B 1231
1262 26 1230 1232
1263 26 1213 1233
1264 26 1236 1235
1265 26 1237 1217
1266 26 1201 1211
1267 26 1233 1238
1268 26 1187 1211
1269 27 1240 1239
1270 27 1242 1241
1271 27 1239 1243
1272 27 1191 1214
1273 27 1242 1244
1274 27 1239 1245
1275 27 1241 1246
1276 27 1248 1247
1277 27 1250 1249
1278 27 1252 1251
1279 27 1254 1253
1280 27 1248 1252
1281 27 1250 1254
1282 27 1256 1255
1283 27 1258 1257
1284 27 1256 1258
1285 27 1260 1259
1286 27 1263 1262
1287 27 1264 1234
1288 27 1266 1265
1289 27 1268 1267
1290 27 B 1235
1291 28 1270 1269
1292 28 1244 1271
1293 28 1272 1270
1294 28 1195 1273
1295 28 1275 1274
1296 28 1277 1276
1297 28 1279 1278
1298 28 1281 1280
1299 28 B 1282
1300 28 B 1283
1301 28 B 1284
1302 28 1261 1285
1303 28 1287 1286
1304 28 B 1288
1305 28 1290 1289
1306 29 B 1294
1307 29 1292 1291
1308 29 1295 1291
1309 29 1297 1296
1310 29 1300 1299
1311 29 B 1292
1312 29 1302 1297
1313 29 1303 1291
1314 29 B 1304
1315 29 B 1293
1316 29 B 1305
1317 30 1307 1306
1318 30 1291 1293
1319 30 1309 1308
1320 30 1298 1291
1321 30 B 1310
1322 30 B 1301
1323 30 1312 1311
1324 30 1309 1313
1325 30 B 1314
1326 30 1313 1315
1327 30 1291 1305
1328 31 1318 1317
1329 31 1320 1319
1330 31 1322 1321
1331 31 1324 1323
1332 31 1327 1326
1333 31 B 1316
1334 32 1294 1328
1335 32 1330 1329
1336 32 1325 1331
1337 32 1333 1332
1338 33 B 1334
1339 33 1336 1335
1340 34 1339 1338
1341 34 1335 1337
1342 35 1341 1340
1343 36 B 1342
1344 39 B 1343
1345 40 B 1344