1 1 B T
2 2 B T
3 2 T 1
4 2 B 1
5 3 B 2
6 3 2 3
7 3 3 1
8 3 T 1
9 3 B 4
10 3 4 1
11 3 2 4
12 3 B 1
13 4 6 5
14 4 7 6
15 4 8 6
16 4 1 7
17 4 B 1
18 4 3 6
19 4 T 6
20 4 9 5
21 4 4 6
22 4 B 10
23 4 B 11
24 4 10 6
25 4 12 6
26 5 14 13
27 5 13 5
28 5 16 15
29 5 16 14
30 5 17 16
31 5 B 17
32 5 B 18
33 5 18 13
34 5 B 19
35 5 20 5
36 5 21 20
37 5 22 21
38 5 23 20
39 5 17 22
40 5 B 22
41 5 22 23
42 5 24 13
43 5 B 21
44 5 B 14
45 5 B 24
46 5 B 13
47 5 B 25
48 5 B 15
49 6 27 26
50 6 5 13
51 6 26 28
52 6 13 15
53 6 26 29
54 6 29 30
55 6 5 27
56 6 B 5
57 6 30 31
58 6 33 32
59 6 33 34
60 6 B 35
61 6 B 36
62 6 35 26
63 6 B 27
64 6 B 37
65 6 B 38
66 6 B 20
67 6 36 29
68 6 B 39
69 6 37 30
70 6 38 29
71 6 B 31
72 6 B 40
73 6 20 26
74 6 B 41
75 6 39 31
76 6 40 31
77 6 41 30
78 6 36 28
79 6 20 15
80 6 38 28
81 6 36 32
82 6 35 42
83 6 B 43
84 6 42 44
85 6 27 42
86 6 46 45
87 6 46 47
88 6 36 34
89 6 20 25
90 6 42 48
91 6 13 25
92 7 50 49
93 7 52 51
94 7 49 53
95 7 51 54
96 7 56 55
97 7 55 49
98 7 15 28
99 7 28 30
100 7 53 54
101 7 54 57
102 7 30 31
103 7 B 56
104 7 57 31
105 7 49 58
106 7 52 59
107 7 B 60
108 7 60 61
109 7 63 62
110 7 65 64
111 7 56 63
112 7 66 65
113 7 62 67
114 7 64 68
115 7 66 61
116 7 70 69
117 7 72 71
118 7 73 70
119 7 74 72
120 7 69 75
121 7 76 31
122 7 77 76
123 7 79 78
124 7 80 69
125 7 79 80
126 7 82 81
127 7 85 84
128 7 86 45
129 7 87 45
130 7 89 88
131 7 91 90
132 7 B 47
133 8 93 92
134 8 95 94
135 8 92 96
136 8 94 97
137 8 98 93
138 8 99 95
139 8 101 100
140 8 100 94
141 8 102 101
142 8 96 103
143 8 97 96
144 8 104 101
145 8 31 104
146 8 B 31
147 8 59 105
148 8 58 105
149 8 19 106
150 8 107 103
151 8 108 96
152 8 110 109
153 8 112 111
154 8 114 113
155 8 115 96
156 8 117 116
157 8 119 118
158 8 71 120
159 8 B 121
160 8 B 122
161 8 B 123
162 8 B 124
163 8 B 125
164 8 B 120
165 8 83 126
166 8 128 127
167 8 129 127
168 8 B 130
169 8 132 131
170 9 134 133
171 9 136 135
172 9 138 137
173 9 139 134
174 9 140 136
175 9 141 138
176 9 143 142
177 9 136 143
178 9 144 139
179 9 139 140
180 9 145 141
181 9 142 103
182 9 145 144
183 9 146 145
184 9 B 146
185 9 B 147
186 9 148 136
187 9 B 149
188 9 147 133
189 9 B 148
190 9 150 103
191 9 151 150
192 9 152 151
193 9 153 150
194 9 154 152
195 9 152 155
196 9 156 154
197 9 157 152
198 9 152 153
199 9 158 156
200 9 159 158
201 9 160 156
202 9 156 157
203 9 162 161
204 9 164 162
205 9 159 164
206 9 160 162
207 9 162 163
208 9 146 159
209 9 B 159
210 9 159 160
211 9 165 152
212 9 166 136
213 9 B 165
214 9 B 140
215 9 B 166
216 9 B 136
217 9 B 167
218 9 167 133
219 9 B 168
220 9 B 134
221 9 B 169
222 9 B 133
223 9 B 137
224 10 171 170
225 10 135 133
226 10 170 172
227 10 133 137
228 10 174 173
229 10 173 175
230 10 176 171
231 10 142 135
232 10 177 174
233 10 179 178
234 10 178 180
235 10 174 179
236 10 181 176
237 10 103 142
238 10 176 177
239 10 178 182
240 10 182 183
241 10 103 181
242 10 B 103
243 10 183 184
244 10 186 185
245 10 188 187
246 10 186 189
247 10 B 190
248 10 B 191
249 10 190 176
250 10 B 181
251 10 B 192
252 10 B 193
253 10 B 150
254 10 191 177
255 10 B 194
256 10 B 142
257 10 B 195
258 10 B 153
259 10 192 174
260 10 193 177
261 10 B 196
262 10 B 197
263 10 150 176
264 10 B 198
265 10 194 179
266 10 B 199
267 10 196 178
268 10 197 179
269 10 B 200
270 10 B 201
271 10 198 174
272 10 B 202
273 10 195 170
274 10 153 133
275 10 B 203
276 10 B 163
277 10 194 173
278 10 B 204
279 10 197 173
280 10 B 205
281 10 B 206
282 10 198 170
283 10 B 207
284 10 199 182
285 10 B 208
286 10 200 183
287 10 201 182
288 10 B 184
289 10 B 209
290 10 202 178
291 10 B 210
292 10 208 184
293 10 209 184
294 10 210 183
295 10 211 189
296 10 192 212
297 10 B 213
298 10 212 214
299 10 177 212
300 10 216 215
301 10 216 217
302 10 211 185
303 10 195 218
304 10 B 219
305 10 212 220
306 10 171 218
307 10 222 221
308 10 218 223
309 10 133 169
310 11 225 224
311 11 227 226
312 11 224 228
313 11 226 229
314 11 231 230
315 11 230 232
316 11 137 172
317 11 172 175
318 11 228 233
319 11 229 234
320 11 232 235
321 11 175 180
322 11 237 236
323 11 236 238
324 11 238 232
325 11 233 239
326 11 234 240
327 11 235 233
328 11 180 183
329 11 242 241
330 11 241 236
331 11 239 240
332 11 240 243
333 11 183 184
334 11 B 242
335 11 243 184
336 11 224 244
337 11 232 246
338 11 227 245
339 11 B 247
340 11 247 248
341 11 250 249
342 11 252 251
343 11 242 250
344 11 253 252
345 11 249 254
346 11 251 255
347 11 256 249
348 11 258 257
349 11 257 255
350 11 260 259
351 11 262 261
352 11 263 260
353 11 264 262
354 11 259 265
355 11 261 266
356 11 268 267
357 11 270 269
358 11 271 268
359 11 272 270
360 11 274 273
361 11 276 275
362 11 273 277
363 11 275 278
364 11 279 267
365 11 281 280
366 11 282 279
367 11 283 281
368 11 267 284
369 11 280 285
370 11 287 286
371 11 289 288
372 11 290 287
373 11 291 289
374 11 269 285
375 11 286 292
376 11 293 184
377 11 294 293
378 11 296 295
379 11 299 298
380 11 300 215
381 11 301 215
382 11 303 302
383 11 306 305
384 11 307 217
385 11 309 308
386 11 B 221
387 12 311 310
388 12 313 312
389 12 310 314
390 12 312 315
391 12 316 311
392 12 317 313
393 12 319 318
394 12 318 320
395 12 321 319
396 12 314 322
397 12 315 323
398 12 320 324
399 12 326 325
400 12 325 327
401 12 328 326
402 12 327 320
403 12 322 329
404 12 323 330
405 12 324 323
406 12 332 331
407 12 331 325
408 12 333 332
409 12 329 334
410 12 330 329
411 12 335 332
412 12 184 335
413 12 B 184
414 12 245 336
415 12 244 337
416 12 149 338
417 12 246 337
418 12 339 334
419 12 340 329
420 12 342 341
421 12 344 343
422 12 346 345
423 12 348 347
424 12 349 345
425 12 351 350
426 12 353 352
427 12 355 354
428 12 357 356
429 12 359 358
430 12 361 360
431 12 363 362
432 12 365 364
433 12 367 366
434 12 369 368
435 12 371 370
436 12 373 372
437 12 374 368
438 12 288 375
439 12 B 376
440 12 B 377
441 12 297 378
442 12 380 379
443 12 381 379
444 12 304 382
445 12 384 383
446 12 386 385
447 13 388 387
448 13 390 389
449 13 392 391
450 13 393 388
451 13 394 390
452 13 395 392
453 13 397 396
454 13 398 397
455 13 399 393
456 13 400 394
457 13 401 395
458 13 402 398
459 13 404 403
460 13 405 404
461 13 398 405
462 13 406 399
463 13 407 400
464 13 408 401
465 13 400 402
466 13 410 409
467 13 404 410
468 13 411 406
469 13 406 407
470 13 412 408
471 13 409 334
472 13 412 411
473 13 413 412
474 13 B 413
475 13 B 414
476 13 415 390
477 13 B 416
478 13 414 387
479 13 B 415
480 13 417 398
481 13 B 417
482 13 418 334
483 13 419 418
484 13 420 419
485 13 421 418
486 13 422 420
487 13 424 423
488 13 425 424
489 13 426 423
490 13 427 425
491 13 425 422
492 13 426 420
493 13 420 421
494 13 428 427
495 13 429 425
496 13 425 426
497 13 431 430
498 13 432 431
499 13 433 430
500 13 434 432
501 13 435 434
502 13 436 432
503 13 432 433
504 13 437 428
505 13 438 435
506 13 435 437
507 13 436 428
508 13 428 429
509 13 439 438
510 13 440 435
511 13 435 436
512 13 413 439
513 13 B 439
514 13 439 440
515 13 441 425
516 13 442 398
517 13 B 441
518 13 B 402
519 13 B 442
520 13 B 398
521 13 B 443
522 13 443 390
523 13 B 444
524 13 B 394
525 13 B 445
526 13 B 390
527 13 B 388
528 13 445 387
529 13 B 446
530 13 B 387
531 13 444 430
532 13 B 391
533 14 448 447
534 14 389 387
535 14 447 449
536 14 387 391
537 14 451 450
538 14 450 452
539 14 453 448
540 14 396 389
541 14 454 451
542 14 456 455
543 14 455 457
544 14 458 456
545 14 459 453
546 14 403 396
547 14 460 454
548 14 461 458
549 14 463 462
550 14 462 464
551 14 465 463
552 14 458 465
553 14 466 459
554 14 409 403
555 14 467 460
556 14 460 461
557 14 469 468
558 14 468 470
559 14 463 469
560 14 471 466
561 14 334 409
562 14 466 467
563 14 468 472
564 14 472 473
565 14 334 471
566 14 B 334
567 14 473 474
568 14 476 475
569 14 478 477
570 14 480 479
571 14 480 481
572 14 B 482
573 14 B 483
574 14 B 418
575 14 482 466
576 14 B 471
577 14 B 484
578 14 B 485
579 14 483 467
580 14 B 486
581 14 483 459
582 14 418 403
583 14 B 487
584 14 B 423
585 14 484 460
586 14 485 459
587 14 B 488
588 14 B 489
589 14 486 461
590 14 B 490
591 14 485 467
592 14 B 491
593 14 B 492
594 14 418 466
595 14 B 493
596 14 491 458
597 14 492 461
598 14 B 494
599 14 B 495
600 14 493 460
601 14 B 496
602 14 487 448
603 14 423 389
604 14 B 497
605 14 B 430
606 14 488 451
607 14 489 448
608 14 B 498
609 14 B 499
610 14 490 456
611 14 B 500
612 14 494 463
613 14 495 456
614 14 B 501
615 14 B 502
616 14 496 451
617 14 B 503
618 14 490 465
619 14 B 504
620 14 504 469
621 14 B 505
622 14 497 449
623 14 430 391
624 14 498 452
625 14 499 449
626 14 500 457
627 14 501 464
628 14 502 457
629 14 503 452
630 14 505 470
631 14 495 465
632 14 B 506
633 14 B 507
634 14 496 458
635 14 B 508
636 14 506 468
637 14 507 469
638 14 B 509
639 14 B 510
640 14 508 463
641 14 B 511
642 14 509 473
643 14 510 470
644 14 511 464
645 14 505 472
646 14 B 512
647 14 512 474
648 14 510 472
649 14 B 474
650 14 B 513
651 14 511 468
652 14 B 514
653 14 513 474
654 14 514 473
655 14 515 481
656 14 491 516
657 14 B 517
658 14 516 518
659 14 461 516
660 14 520 519
661 14 520 521
662 14 515 479
663 14 488 522
664 14 B 523
665 14 516 524
666 14 454 522
667 14 526 525
668 14 522 527
669 14 448 528
670 14 530 529
671 14 531 477
672 14 430 446
673 14 528 532
674 14 387 446
675 15 534 533
676 15 536 535
677 15 533 537
678 15 535 538
679 15 540 539
680 15 539 541
681 15 391 449
682 15 449 452
683 15 537 542
684 15 538 543
685 15 541 544
686 15 452 457
687 15 546 545
688 15 545 547
689 15 547 548
690 15 542 549
691 15 543 550
692 15 544 551
693 15 457 464
694 15 548 552
695 15 554 553
696 15 553 555
697 15 555 556
698 15 556 548
699 15 549 557
700 15 550 558
701 15 551 559
702 15 464 470
703 15 552 551
704 15 561 560
705 15 560 562
706 15 562 555
707 15 557 563
708 15 558 564
709 15 559 557
710 15 470 473
711 15 566 565
712 15 565 560
713 15 563 564
714 15 564 567
715 15 473 474
716 15 B 566
717 15 533 568
718 15 541 570
719 15 536 569
720 15 548 571
721 15 567 474
722 15 B 572
723 15 574 573
724 15 576 575
725 15 578 577
726 15 566 576
727 15 574 578
728 15 572 573
729 15 575 579
730 15 577 580
731 15 582 581
732 15 584 583
733 15 586 585
734 15 588 587
735 15 582 586
736 15 584 588
737 15 585 589
738 15 587 590
739 15 591 585
740 15 593 592
741 15 594 591
742 15 595 593
743 15 597 596
744 15 599 598
745 15 600 597
746 15 601 599
747 15 603 602
748 15 605 604
749 15 607 606
750 15 609 608
751 15 603 607
752 15 605 609
753 15 606 610
754 15 608 611
755 15 613 612
756 15 615 614
757 15 616 613
758 15 617 615
759 15 592 590
760 15 596 618
761 15 598 619
762 15 612 620
763 15 614 621
764 15 623 622
765 15 625 624
766 15 623 625
767 15 624 626
768 15 628 627
769 15 629 628
770 15 627 630
771 15 631 612
772 15 633 632
773 15 634 631
774 15 635 633
775 15 637 636
776 15 639 638
777 15 640 637
778 15 641 639
779 15 643 642
780 15 644 643
781 15 632 621
782 15 636 645
783 15 638 646
784 15 642 647
785 15 648 642
786 15 650 649
787 15 651 648
788 15 652 650
789 15 653 474
790 15 654 653
791 15 656 655
792 15 659 658
793 15 660 519
794 15 661 519
795 15 663 662
796 15 666 665
797 15 667 521
798 15 669 668
799 15 670 525
800 15 672 671
801 15 674 673
802 15 B 529
803 16 676 675
804 16 678 677
805 16 675 679
806 16 677 680
807 16 681 676
808 16 682 678
809 16 684 683
810 16 683 685
811 16 686 684
812 16 679 687
813 16 680 688
814 16 685 689
815 16 691 690
816 16 690 692
817 16 693 691
818 16 692 694
819 16 687 695
820 16 688 696
821 16 689 697
822 16 694 698
823 16 700 699
824 16 699 701
825 16 702 700
826 16 701 703
827 16 703 694
828 16 695 704
829 16 696 705
830 16 697 706
831 16 698 697
832 16 708 707
833 16 707 709
834 16 710 708
835 16 709 701
836 16 704 711
837 16 705 712
838 16 706 705
839 16 714 713
840 16 713 707
841 16 715 714
842 16 711 716
843 16 712 711
844 16 569 717
845 16 568 718
846 16 416 719
847 16 570 720
848 16 571 720
849 16 721 714
850 16 474 721
851 16 722 716
852 16 723 711
853 16 725 724
854 16 727 726
855 16 728 711
856 16 730 729
857 16 732 731
858 16 734 733
859 16 736 735
860 16 738 737
861 16 740 739
862 16 742 741
863 16 744 743
864 16 746 745
865 16 748 747
866 16 750 749
867 16 752 751
868 16 754 753
869 16 756 755
870 16 758 757
871 16 759 737
872 16 761 760
873 16 763 762
874 16 B 764
875 16 B 765
876 16 B 766
877 16 B 767
878 16 B 768
879 16 B 769
880 16 B 770
881 16 772 771
882 16 774 773
883 16 776 775
884 16 778 777
885 16 B 779
886 16 B 780
887 16 781 762
888 16 783 782
889 16 B 784
890 16 786 785
891 16 788 787
892 16 B 789
893 16 B 790
894 16 657 791
895 16 793 792
896 16 794 792
897 16 664 795
898 16 797 796
899 16 799 798
900 16 B 800
901 16 802 801
902 17 804 803
903 17 806 805
904 17 808 807
905 17 809 804
906 17 810 806
907 17 811 808
908 17 813 812
909 17 814 813
910 17 815 809
911 17 816 810
912 17 817 811
913 17 818 814
914 17 820 819
915 17 821 820
916 17 822 821
917 17 823 815
918 17 824 816
919 17 825 817
920 17 826 818
921 17 827 822
922 17 829 828
923 17 830 829
924 17 831 830
925 17 822 831
926 17 832 823
927 17 833 824
928 17 834 825
929 17 835 826
930 17 826 827
931 17 837 836
932 17 838 837
933 17 830 838
934 17 839 832
935 17 840 833
936 17 841 834
937 17 833 835
938 17 843 842
939 17 837 843
940 17 B 844
941 17 845 806
942 17 B 846
943 17 844 803
944 17 B 845
945 17 847 814
946 17 B 847
947 17 848 822
948 17 B 848
949 17 849 839
950 17 839 840
951 17 850 841
952 17 851 716
953 17 853 852
954 17 855 851
955 17 856 853
956 17 858 857
957 17 860 858
958 17 853 855
959 17 854 851
960 17 861 856
961 17 862 853
962 17 853 854
963 17 863 860
964 17 864 858
965 17 858 859
966 17 866 865
967 17 868 866
968 17 869 868
969 17 870 866
970 17 866 867
971 17 871 861
972 17 872 863
973 17 873 869
974 17 875 874
975 17 877 875
976 17 878 877
977 17 879 875
978 17 875 876
979 17 880 878
980 17 863 871
981 17 864 861
982 17 861 862
983 17 881 872
984 17 882 863
985 17 863 864
986 17 883 873
987 17 884 869
988 17 869 870
989 17 885 880
990 17 886 878
991 17 878 879
992 17 887 881
993 17 888 883
994 17 889 885
995 17 883 887
996 17 884 881
997 17 881 882
998 17 890 888
999 17 891 883
1000 17 883 884
1001 17 892 889
1002 17 893 885
1003 17 885 886
1004 17 894 863
1005 17 895 822
1006 17 B 894
1007 17 B 827
1008 17 B 895
1009 17 B 822
1010 17 B 896
1011 17 896 814
1012 17 B 897
1013 17 B 818
1014 17 B 898
1015 17 B 814
1016 17 B 810
1017 17 898 806
1018 17 B 899
1019 17 B 806
1020 17 897 866
1021 17 899 803
1022 17 B 900
1023 17 B 804
1024 17 B 901
1025 17 B 803
1026 17 B 807
1027 18 903 902
1028 18 805 803
1029 18 902 904
1030 18 803 807
1031 18 906 905
1032 18 905 907
1033 18 908 903
1034 18 812 805
1035 18 909 906
1036 18 911 910
1037 18 910 912
1038 18 913 911
1039 18 914 908
1040 18 819 812
1041 18 915 909
1042 18 916 913
1043 18 918 917
1044 18 917 919
1045 18 920 918
1046 18 921 920
1047 18 922 914
1048 18 828 819
1049 18 923 915
1050 18 924 916
1051 18 925 921
1052 18 927 926
1053 18 926 928
1054 18 929 927
1055 18 930 929
1056 18 921 930
1057 18 931 922
1058 18 836 828
1059 18 932 923
1060 18 933 924
1061 18 924 925
1062 18 935 934
1063 18 934 936
1064 18 937 935
1065 18 929 937
1066 18 938 931
1067 18 842 836
1068 18 939 932
1069 18 932 933
1070 18 941 940
1071 18 943 942
1072 18 945 944
1073 18 947 946
1074 18 947 948
1075 18 950 949
1076 18 949 951
1077 18 935 950
1078 18 952 938
1079 18 B 842
1080 18 B 953
1081 18 B 854
1082 18 954 939
1083 18 B 955
1084 18 953 922
1085 18 854 828
1086 18 B 956
1087 18 B 859
1088 18 955 923
1089 18 B 957
1090 18 958 932
1091 18 959 939
1092 18 B 960
1093 18 B 961
1094 18 851 938
1095 18 B 962
1096 18 960 924
1097 18 961 923
1098 18 B 963
1099 18 B 964
1100 18 962 922
1101 18 B 965
1102 18 956 908
1103 18 859 812
1104 18 B 966
1105 18 B 867
1106 18 957 909
1107 18 B 967
1108 18 963 913
1109 18 964 909
1110 18 B 968
1111 18 B 969
1112 18 965 908
1113 18 B 970
1114 18 955 933
1115 18 B 971
1116 18 971 925
1117 18 B 972
1118 18 972 920
1119 18 B 973
1120 18 966 902
1121 18 867 803
1122 18 B 974
1123 18 B 876
1124 18 967 905
1125 18 B 975
1126 18 968 910
1127 18 969 905
1128 18 B 976
1129 18 B 977
1130 18 970 902
1131 18 B 978
1132 18 973 917
1133 18 B 979
1134 18 961 933
1135 18 B 980
1136 18 B 981
1137 18 962 932
1138 18 B 982
1139 18 980 921
1140 18 981 925
1141 18 B 983
1142 18 B 984
1143 18 982 924
1144 18 B 985
1145 18 983 929
1146 18 984 920
1147 18 B 986
1148 18 B 987
1149 18 985 913
1150 18 B 988
1151 18 986 926
1152 18 987 917
1153 18 B 989
1154 18 B 990
1155 18 988 910
1156 18 B 991
1157 18 972 930
1158 18 B 992
1159 18 992 937
1160 18 B 993
1161 18 993 934
1162 18 B 994
1163 18 984 930
1164 18 B 995
1165 18 B 996
1166 18 985 921
1167 18 B 997
1168 18 995 935
1169 18 996 937
1170 18 B 998
1171 18 B 999
1172 18 997 929
1173 18 B 1000
1174 18 998 949
1175 18 999 934
1176 18 B 1001
1177 18 B 1002
1178 18 1000 926
1179 18 B 1003
1180 18 1004 948
1181 18 980 1005
1182 18 B 1006
1183 18 1005 1007
1184 18 925 1005
1185 18 1009 1008
1186 18 1009 1010
1187 18 1004 946
1188 18 963 1011
1189 18 B 1012
1190 18 1005 1013
1191 18 916 1011
1192 18 1015 1014
1193 18 1011 1016
1194 18 909 1017
1195 18 1019 1018
1196 18 1020 940
1197 18 966 1021
1198 18 B 1022
1199 18 1017 1023
1200 18 903 1021
1201 18 1025 1024
1202 18 1021 1026
1203 18 803 901
1204 19 1028 1027
1205 19 1030 1029
1206 19 1027 1031
1207 19 1029 1032
1208 19 1034 1033
1209 19 1033 1035
1210 19 807 904
1211 19 904 907
1212 19 1031 1036
1213 19 1032 1037
1214 19 1035 1038
1215 19 907 912
1216 19 1040 1039
1217 19 1039 1041
1218 19 1041 1042
1219 19 1036 1043
1220 19 1037 1044
1221 19 1038 1045
1222 19 912 919
1223 19 1042 1046
1224 19 1048 1047
1225 19 1047 1049
1226 19 1049 1050
1227 19 1050 1051
1228 19 1043 1052
1229 19 1044 1053
1230 19 1045 1054
1231 19 919 928
1232 19 1046 1055
1233 19 1051 1056
1234 19 1058 1057
1235 19 1057 1059
1236 19 1059 1060
1237 19 1060 1061
1238 19 1061 1051
1239 19 1052 1062
1240 19 1053 1063
1241 19 1054 1064
1242 19 928 936
1243 19 1055 1065
1244 19 1056 1055
1245 19 1067 1066
1246 19 1066 1068
1247 19 1068 1069
1248 19 1069 1060
1249 19 1027 1070
1250 19 1035 1072
1251 19 1030 1071
1252 19 1042 1073
1253 19 1051 1074
1254 19 1062 1075
1255 19 1063 1076
1256 19 1064 1077
1257 19 936 951
1258 19 1065 1064
1259 19 1079 1078
1260 19 1081 1080
1261 19 1078 1082
1262 19 1080 1083
1263 19 1085 1084
1264 19 1087 1086
1265 19 1084 1088
1266 19 1086 1089
1267 19 1091 1090
1268 19 1093 1092
1269 19 1094 1091
1270 19 1095 1093
1271 19 1097 1096
1272 19 1099 1098
1273 19 1100 1097
1274 19 1101 1099
1275 19 1103 1102
1276 19 1105 1104
1277 19 1102 1106
1278 19 1104 1107
1279 19 1109 1108
1280 19 1111 1110
1281 19 1112 1109
1282 19 1113 1111
1283 19 1090 1114
1284 19 1092 1115
1285 19 1096 1116
1286 19 1098 1117
1287 19 1108 1118
1288 19 1110 1119
1289 19 1121 1120
1290 19 1123 1122
1291 19 1120 1124
1292 19 1122 1125
1293 19 1127 1126
1294 19 1129 1128
1295 19 1130 1127
1296 19 1131 1129
1297 19 1126 1132
1298 19 1128 1133
1299 19 1134 1096
1300 19 1136 1135
1301 19 1137 1134
1302 19 1138 1136
1303 19 1140 1139
1304 19 1142 1141
1305 19 1143 1140
1306 19 1144 1142
1307 19 1146 1145
1308 19 1148 1147
1309 19 1149 1146
1310 19 1150 1148
1311 19 1152 1151
1312 19 1154 1153
1313 19 1155 1152
1314 19 1156 1154
1315 19 1135 1117
1316 19 1139 1157
1317 19 1141 1158
1318 19 1145 1159
1319 19 1147 1160
1320 19 1151 1161
1321 19 1153 1162
1322 19 1163 1145
1323 19 1165 1164
1324 19 1166 1163
1325 19 1167 1165
1326 19 1169 1168
1327 19 1171 1170
1328 19 1172 1169
1329 19 1173 1171
1330 19 1175 1174
1331 19 1177 1176
1332 19 1178 1175
1333 19 1179 1177
1334 19 1181 1180
1335 19 1184 1183
1336 19 1185 1008
1337 19 1186 1008
1338 19 1188 1187
1339 19 1191 1190
1340 19 1192 1010
1341 19 1194 1193
1342 19 1195 1014
1343 19 1197 1196
1344 19 1200 1199
1345 19 1201 1018
1346 19 1203 1202
1347 19 B 1024
1348 20 1205 1204
1349 20 1207 1206
1350 20 1204 1208
1351 20 1206 1209
1352 20 1210 1205
1353 20 1211 1207
1354 20 1213 1212
1355 20 1212 1214
1356 20 1215 1213
1357 20 1208 1216
1358 20 1209 1217
1359 20 1214 1218
1360 20 1220 1219
1361 20 1219 1221
1362 20 1222 1220
1363 20 1221 1223
1364 20 1216 1224
1365 20 1217 1225
1366 20 1218 1226
1367 20 1223 1227
1368 20 1229 1228
1369 20 1228 1230
1370 20 1231 1229
1371 20 1230 1232
1372 20 1232 1233
1373 20 1224 1234
1374 20 1225 1235
1375 20 1226 1236
1376 20 1227 1237
1377 20 1233 1238
1378 20 1240 1239
1379 20 1239 1241
1380 20 1242 1240
1381 20 1241 1243
1382 20 1243 1244
1383 20 1244 1233
1384 20 1234 1245
1385 20 1235 1246
1386 20 1236 1247
1387 20 1237 1248
1388 20 1238 1237
1389 20 1071 1249
1390 20 1070 1250
1391 20 846 1251
1392 20 1072 1252
1393 20 1073 1253
1394 20 1074 1253
1395 20 1255 1254
1396 20 1254 1256
1397 20 1257 1255
1398 20 1256 1258
1399 20 1258 1243
1400 20 1260 1259
1401 20 1262 1261
1402 20 1264 1263
1403 20 1266 1265
1404 20 1268 1267
1405 20 1270 1269
1406 20 1272 1271
1407 20 1274 1273
1408 20 1276 1275
1409 20 1278 1277
1410 20 1280 1279
1411 20 1282 1281
1412 20 1284 1283
1413 20 1286 1285
1414 20 1288 1287
1415 20 1290 1289
1416 20 1292 1291
1417 20 1294 1293
1418 20 1296 1295
1419 20 1298 1297
1420 20 1300 1299
1421 20 1302 1301
1422 20 1304 1303
1423 20 1306 1305
1424 20 1308 1307
1425 20 1310 1309
1426 20 1312 1311
1427 20 1314 1313
1428 20 1315 1285
1429 20 1317 1316
1430 20 1319 1318
1431 20 1321 1320
1432 20 1323 1322
1433 20 1325 1324
1434 20 1327 1326
1435 20 1329 1328
1436 20 1331 1330
1437 20 1333 1332
1438 20 1182 1334
1439 20 1336 1335
1440 20 1337 1335
1441 20 1189 1338
1442 20 1340 1339
1443 20 1342 1341
1444 20 1198 1343
1445 20 1345 1344
1446 20 1347 1346
1447 21 1349 1348
1448 21 1351 1350
1449 21 1353 1352
1450 21 1354 1349
1451 21 1355 1351
1452 21 1356 1353
1453 21 1358 1357
1454 21 1359 1358
1455 21 1360 1354
1456 21 1361 1355
1457 21 1362 1356
1458 21 1363 1359
1459 21 1365 1364
1460 21 1366 1365
1461 21 1367 1366
1462 21 1368 1360
1463 21 1369 1361
1464 21 1370 1362
1465 21 1371 1363
1466 21 1372 1367
1467 21 1374 1373
1468 21 1375 1374
1469 21 1376 1375
1470 21 1377 1376
1471 21 1378 1368
1472 21 1379 1369
1473 21 1380 1370
1474 21 1381 1371
1475 21 1382 1372
1476 21 1383 1377
1477 21 1385 1384
1478 21 1386 1385
1479 21 1387 1386
1480 21 1388 1387
1481 21 1377 1388
1482 21 B 1389
1483 21 1390 1351
1484 21 B 1391
1485 21 1389 1348
1486 21 B 1390
1487 21 1392 1359
1488 21 B 1392
1489 21 1393 1367
1490 21 B 1393
1491 21 1394 1377
1492 21 B 1394
1493 21 1395 1378
1494 21 1396 1379
1495 21 1397 1380
1496 21 1398 1381
1497 21 1399 1382
1498 21 1382 1383
1499 21 1401 1400
1500 21 1403 1402
1501 21 1404 1401
1502 21 1405 1400
1503 21 1406 1403
1504 21 1407 1402
1505 21 1409 1408
1506 21 1410 1409
1507 21 1411 1408
1508 21 1412 1404
1509 21 1413 1406
1510 21 1414 1410
1511 21 1416 1415
1512 21 1417 1416
1513 21 1418 1415
1514 21 1419 1417
1515 21 1420 1412
1516 21 1421 1404
1517 21 1422 1413
1518 21 1423 1406
1519 21 1404 1405
1520 21 1406 1407
1521 21 1424 1414
1522 21 1425 1410
1523 21 1410 1411
1524 21 1426 1419
1525 21 1427 1417
1526 21 1417 1418
1527 21 1428 1420
1528 21 1429 1422
1529 21 1430 1424
1530 21 1431 1426
1531 21 1422 1428
1532 21 1423 1420
1533 21 1432 1429
1534 21 1433 1422
1535 21 1420 1421
1536 21 1422 1423
1537 21 1434 1430
1538 21 1435 1424
1539 21 1424 1425
1540 21 1436 1431
1541 21 1437 1426
1542 21 1426 1427
1543 21 1438 1422
1544 21 1439 1377
1545 21 B 1438
1546 21 B 1383
1547 21 B 1439
1548 21 B 1440
1549 21 B 1377
1550 21 1440 1367
1551 21 B 1441
1552 21 B 1372
1553 21 B 1442
1554 21 B 1367
1555 21 B 1363
1556 21 1442 1359
1557 21 B 1443
1558 21 B 1359
1559 21 1441 1410
1560 21 1443 1351
1561 21 B 1444
1562 21 B 1355
1563 21 B 1445
1564 21 B 1351
1565 21 B 1349
1566 21 1445 1348
1567 21 B 1446
1568 21 B 1348
1569 21 1444 1415
1570 21 B 1352
1571 22 1448 1447
1572 22 1350 1348
1573 22 1447 1449
1574 22 1348 1352
1575 22 1451 1450
1576 22 1450 1452
1577 22 1453 1448
1578 22 1357 1350
1579 22 1454 1451
1580 22 1456 1455
1581 22 1455 1457
1582 22 1458 1456
1583 22 1459 1453
1584 22 1364 1357
1585 22 1460 1454
1586 22 1461 1458
1587 22 1463 1462
1588 22 1462 1464
1589 22 1465 1463
1590 22 1466 1465
1591 22 1467 1459
1592 22 1373 1364
1593 22 1468 1460
1594 22 1469 1461
1595 22 1470 1466
1596 22 1472 1471
1597 22 1471 1473
1598 22 1474 1472
1599 22 1475 1474
1600 22 1476 1475
1601 22 1477 1467
1602 22 1384 1373
1603 22 1478 1468
1604 22 1479 1469
1605 22 1480 1470
1606 22 1481 1476
1607 22 1483 1482
1608 22 1485 1484
1609 22 1487 1486
1610 22 1489 1488
1611 22 1491 1490
1612 22 1491 1492
1613 22 1494 1493
1614 22 1493 1495
1615 22 1496 1494
1616 22 1497 1496
1617 22 1498 1497
1618 22 1476 1498
1619 22 1499 1477
1620 22 1400 1384
1621 22 B 1500
1622 22 B 1402
1623 22 1501 1478
1624 22 1502 1477
1625 22 B 1503
1626 22 B 1504
1627 22 1500 1459
1628 22 1402 1364
1629 22 B 1505
1630 22 B 1408
1631 22 1503 1460
1632 22 1504 1459
1633 22 B 1506
1634 22 B 1507
1635 22 1508 1479
1636 22 B 1509
1637 22 1509 1461
1638 22 B 1510
1639 22 1505 1448
1640 22 1408 1350
1641 22 B 1511
1642 22 B 1415
1643 22 1506 1451
1644 22 1507 1448
1645 22 B 1512
1646 22 B 1513
1647 22 1510 1456
1648 22 B 1514
1649 22 1515 1480
1650 22 1516 1479
1651 22 B 1517
1652 22 B 1518
1653 22 1519 1478
1654 22 B 1520
1655 22 1517 1466
1656 22 1518 1461
1657 22 B 1521
1658 22 B 1522
1659 22 1520 1460
1660 22 B 1523
1661 22 1521 1463
1662 22 1522 1456
1663 22 B 1524
1664 22 B 1525
1665 22 1523 1451
1666 22 B 1526
1667 22 1511 1449
1668 22 1415 1352
1669 22 1512 1452
1670 22 1513 1449
1671 22 1514 1457
1672 22 1524 1464
1673 22 1525 1457
1674 22 1526 1452
1675 22 1527 1481
1676 22 B 1528
1677 22 1528 1475
1678 22 B 1529
1679 22 1529 1472
1680 22 B 1530
1681 22 1530 1473
1682 22 1531 1476
1683 22 1532 1481
1684 22 B 1533
1685 22 B 1534
1686 22 1535 1480
1687 22 B 1536
1688 22 1533 1497
1689 22 1534 1475
1690 22 B 1537
1691 22 B 1538
1692 22 1536 1466
1693 22 B 1539
1694 22 1537 1494
1695 22 1538 1472
1696 22 B 1540
1697 22 B 1541
1698 22 1539 1463
1699 22 B 1542
1700 22 1540 1495
1701 22 1541 1473
1702 22 1542 1464
1703 22 1543 1492
1704 22 1531 1544
1705 22 B 1545
1706 22 1544 1546
1707 22 1481 1544
1708 22 1549 1548
1709 22 1543 1490
1710 22 1517 1550
1711 22 B 1551
1712 22 1544 1552
1713 22 1470 1550
1714 22 1554 1553
1715 22 1550 1555
1716 22 1461 1556
1717 22 1558 1557
1718 22 1559 1486
1719 22 1506 1560
1720 22 B 1561
1721 22 1556 1562
1722 22 1454 1560
1723 22 1564 1563
1724 22 1560 1565
1725 22 1448 1566
1726 22 1568 1567
1727 22 1569 1484
1728 22 1415 1446
1729 22 1566 1570
1730 22 1348 1446
1731 23 1572 1571
1732 23 1574 1573
1733 23 1571 1575
1734 23 1573 1576
1735 23 1578 1577
1736 23 1577 1579
1737 23 1352 1449
1738 23 1449 1452
1739 23 1575 1580
1740 23 1576 1581
1741 23 1579 1582
1742 23 1452 1457
1743 23 1584 1583
1744 23 1583 1585
1745 23 1585 1586
1746 23 1580 1587
1747 23 1581 1588
1748 23 1582 1589
1749 23 1457 1464
1750 23 1586 1590
1751 23 1592 1591
1752 23 1591 1593
1753 23 1593 1594
1754 23 1594 1595
1755 23 1587 1596
1756 23 1588 1597
1757 23 1589 1598
1758 23 1464 1473
1759 23 1590 1599
1760 23 1595 1600
1761 23 1602 1601
1762 23 1601 1603
1763 23 1603 1604
1764 23 1604 1605
1765 23 1605 1606
1766 23 1571 1607
1767 23 1579 1609
1768 23 1574 1608
1769 23 1586 1610
1770 23 1595 1611
1771 23 1606 1612
1772 23 1596 1613
1773 23 1597 1614
1774 23 1598 1615
1775 23 1473 1495
1776 23 1599 1616
1777 23 1600 1617
1778 23 1606 1618
1779 23 1620 1619
1780 23 1622 1621
1781 23 1624 1623
1782 23 1626 1625
1783 23 1620 1624
1784 23 1622 1626
1785 23 1628 1627
1786 23 1630 1629
1787 23 1632 1631
1788 23 1634 1633
1789 23 1628 1632
1790 23 1630 1634
1791 23 1623 1635
1792 23 1625 1636
1793 23 1631 1637
1794 23 1633 1638
1795 23 1640 1639
1796 23 1642 1641
1797 23 1644 1643
1798 23 1646 1645
1799 23 1640 1644
1800 23 1642 1646
1801 23 1643 1647
1802 23 1645 1648
1803 23 1650 1649
1804 23 1652 1651
1805 23 1653 1650
1806 23 1654 1652
1807 23 1656 1655
1808 23 1658 1657
1809 23 1659 1656
1810 23 1660 1658
1811 23 1662 1661
1812 23 1664 1663
1813 23 1665 1662
1814 23 1666 1664
1815 23 1668 1667
1816 23 1670 1669
1817 23 1668 1670
1818 23 1669 1671
1819 23 1673 1672
1820 23 1674 1673
1821 23 1649 1675
1822 23 1651 1676
1823 23 1655 1677
1824 23 1657 1678
1825 23 1661 1679
1826 23 1663 1680
1827 23 1672 1681
1828 23 1683 1682
1829 23 1685 1684
1830 23 1686 1683
1831 23 1687 1685
1832 23 1689 1688
1833 23 1691 1690
1834 23 1692 1689
1835 23 1693 1691
1836 23 1695 1694
1837 23 1697 1696
1838 23 1698 1695
1839 23 1699 1697
1840 23 1701 1700
1841 23 1702 1701
1842 23 1704 1703
1843 23 1707 1706
1844 23 1708 1547
1845 23 1710 1709
1846 23 1713 1712
1847 23 1714 1548
1848 23 1716 1715
1849 23 1717 1553
1850 23 1719 1718
1851 23 1722 1721
1852 23 1723 1557
1853 23 1725 1724
1854 23 1726 1563
1855 23 1728 1727
1856 23 1730 1729
1857 23 B 1567
1858 24 1732 1731
1859 24 1734 1733
1860 24 1731 1735
1861 24 1733 1736
1862 24 1737 1732
1863 24 1738 1734
1864 24 1740 1739
1865 24 1739 1741
1866 24 1742 1740
1867 24 1735 1743
1868 24 1736 1744
1869 24 1741 1745
1870 24 1747 1746
1871 24 1746 1748
1872 24 1749 1747
1873 24 1748 1750
1874 24 1743 1751
1875 24 1744 1752
1876 24 1745 1753
1877 24 1750 1754
1878 24 1756 1755
1879 24 1755 1757
1880 24 1758 1756
1881 24 1757 1759
1882 24 1759 1760
1883 24 1751 1761
1884 24 1752 1762
1885 24 1753 1763
1886 24 1754 1764
1887 24 1760 1765
1888 24 1608 1766
1889 24 1607 1767
1890 24 1391 1768
1891 24 1609 1769
1892 24 1610 1770
1893 24 1611 1771
1894 24 1773 1772
1895 24 1772 1774
1896 24 1775 1773
1897 24 1774 1776
1898 24 1776 1777
1899 24 1777 1778
1900 24 1780 1779
1901 24 1782 1781
1902 24 1784 1783
1903 24 1786 1785
1904 24 1788 1787
1905 24 1790 1789
1906 24 1792 1791
1907 24 1794 1793
1908 24 1796 1795
1909 24 1798 1797
1910 24 1800 1799
1911 24 1802 1801
1912 24 1804 1803
1913 24 1806 1805
1914 24 1808 1807
1915 24 1810 1809
1916 24 1812 1811
1917 24 1814 1813
1918 24 B 1815
1919 24 B 1816
1920 24 B 1817
1921 24 B 1818
1922 24 B 1819
1923 24 B 1820
1924 24 1822 1821
1925 24 1824 1823
1926 24 1826 1825
1927 24 B 1827
1928 24 1829 1828
1929 24 1831 1830
1930 24 1833 1832
1931 24 1835 1834
1932 24 1837 1836
1933 24 1839 1838
1934 24 B 1840
1935 24 B 1841
1936 24 1705 1842
1937 24 1844 1843
1938 24 1711 1845
1939 24 1847 1846
1940 24 1849 1848
1941 24 1720 1850
1942 24 1852 1851
1943 24 1854 1853
1944 24 B 1855
1945 24 1857 1856
1946 25 1859 1858
1947 25 1861 1860
1948 25 1863 1862
1949 25 1864 1859
1950 25 1865 1861
1951 25 1866 1863
1952 25 1868 1867
1953 25 1869 1868
1954 25 1870 1864
1955 25 1871 1865
1956 25 1872 1866
1957 25 1873 1869
1958 25 1875 1874
1959 25 1876 1875
1960 25 1877 1876
1961 25 1878 1870
1962 25 1879 1871
1963 25 1880 1872
1964 25 1881 1873
1965 25 1882 1877
1966 25 1884 1883
1967 25 1885 1884
1968 25 1886 1885
1969 25 1887 1886
1970 25 B 1888
1971 25 1889 1861
1972 25 B 1890
1973 25 1888 1858
1974 25 B 1889
1975 25 1891 1869
1976 25 B 1891
1977 25 1892 1877
1978 25 B 1892
1979 25 1893 1887
1980 25 1894 1878
1981 25 1895 1879
1982 25 1896 1880
1983 25 1897 1881
1984 25 1898 1882
1985 25 1899 1887
1986 25 1901 1900
1987 25 1904 1903
1988 25 1906 1901
1989 25 1907 1904
1990 25 1909 1908
1991 25 1911 1909
1992 25 1912 1906
1993 25 1913 1901
1994 25 1914 1907
1995 25 1915 1904
1996 25 1901 1902
1997 25 1904 1905
1998 25 1916 1911
1999 25 1917 1909
2000 25 1909 1910
2001 25 1919 1918
2002 25 1921 1919
2003 25 1922 1921
2004 25 1923 1919
2005 25 1919 1920
2006 25 1924 1912
2007 25 1925 1914
2008 25 1926 1916
2009 25 1927 1922
2010 25 1928 1924
2011 25 1929 1912
2012 25 1930 1925
2013 25 1931 1914
2014 25 1912 1913
2015 25 1914 1915
2016 25 1932 1926
2017 25 1933 1916
2018 25 1916 1917
2019 25 1934 1927
2020 25 1935 1922
2021 25 1922 1923
2022 25 B 1893
2023 25 1936 1928
2024 25 1937 1887
2025 25 B 1938
2026 25 B 1882
2027 25 1939 1877
2028 25 B 1939
2029 25 B 1940
2030 25 B 1877
2031 25 1938 1914
2032 25 1940 1869
2033 25 B 1941
2034 25 B 1873
2035 25 B 1942
2036 25 B 1869
2037 25 B 1865
2038 25 1942 1861
2039 25 B 1943
2040 25 B 1861
2041 25 1941 1909
2042 25 1943 1858
2043 25 B 1944
2044 25 B 1859
2045 25 B 1945
2046 25 B 1858
2047 25 B 1862
2048 26 1947 1946
2049 26 1860 1858
2050 26 1946 1948
2051 26 1858 1862
2052 26 1950 1949
2053 26 1949 1951
2054 26 1952 1947
2055 26 1867 1860
2056 26 1953 1950
2057 26 1955 1954
2058 26 1954 1956
2059 26 1957 1955
2060 26 1958 1952
2061 26 1874 1867
2062 26 1959 1953
2063 26 1960 1957
2064 26 1962 1961
2065 26 1961 1963
2066 26 1964 1962
2067 26 1965 1964
2068 26 1966 1958
2069 26 1883 1874
2070 26 1967 1959
2071 26 1968 1960
2072 26 1969 1965
2073 26 1971 1970
2074 26 1973 1972
2075 26 1975 1974
2076 26 1977 1976
2077 26 1979 1978
2078 26 1981 1980
2079 26 1980 1982
2080 26 1983 1981
2081 26 1984 1983
2082 26 1985 1984
2083 26 1986 1966
2084 26 1902 1883
2085 26 B 1987
2086 26 B 1905
2087 26 1988 1967
2088 26 B 1989
2089 26 1987 1952
2090 26 1905 1867
2091 26 B 1990
2092 26 B 1910
2093 26 1989 1953
2094 26 B 1991
2095 26 1992 1968
2096 26 1993 1967
2097 26 B 1994
2098 26 B 1995
2099 26 1996 1966
2100 26 B 1997
2101 26 1994 1957
2102 26 1995 1953
2103 26 B 1998
2104 26 B 1999
2105 26 1997 1952
2106 26 B 2000
2107 26 1990 1946
2108 26 1910 1858
2109 26 B 2001
2110 26 B 1920
2111 26 1991 1949
2112 26 B 2002
2113 26 1998 1954
2114 26 1999 1949
2115 26 B 2003
2116 26 B 2004
2117 26 2000 1946
2118 26 B 2005
2119 26 2006 1969
2120 26 B 2007
2121 26 2007 1964
2122 26 B 2008
2123 26 2008 1961
2124 26 B 2009
2125 26 2010 1985
2126 26 2011 1969
2127 26 B 2012
2128 26 B 2013
2129 26 2014 1968
2130 26 B 2015
2131 26 2012 1983
2132 26 2013 1964
2133 26 B 2016
2134 26 B 2017
2135 26 2015 1957
2136 26 B 2018
2137 26 2016 1980
2138 26 2017 1961
2139 26 B 2019
2140 26 B 2020
2141 26 2018 1954
2142 26 B 2021
2143 26 2023 2022
2144 26 2010 2024
2145 26 B 2025
2146 26 2024 2026
2147 26 1969 2027
2148 26 2030 2029
2149 26 2031 1976
2150 26 1994 2032
2151 26 B 2033
2152 26 2027 2034
2153 26 1960 2032
2154 26 2036 2035
2155 26 2032 2037
2156 26 1953 2038
2157 26 2040 2039
2158 26 2041 1970
2159 26 1990 2042
2160 26 B 2043
2161 26 2038 2044
2162 26 1947 2042
2163 26 2046 2045
2164 26 2042 2047
2165 26 1858 1945
2166 27 2049 2048
2167 27 2051 2050
2168 27 2048 2052
2169 27 2050 2053
2170 27 2055 2054
2171 27 2054 2056
2172 27 1862 1948
2173 27 1948 1951
2174 27 2052 2057
2175 27 2053 2058
2176 27 2056 2059
2177 27 1951 1956
2178 27 2061 2060
2179 27 2060 2062
2180 27 2062 2063
2181 27 2057 2064
2182 27 2058 2065
2183 27 2059 2066
2184 27 1956 1963
2185 27 2063 2067
2186 27 2069 2068
2187 27 2068 2070
2188 27 2070 2071
2189 27 2071 2072
2190 27 2048 2073
2191 27 2056 2075
2192 27 2051 2074
2193 27 2063 2076
2194 27 2072 2077
2195 27 2064 2078
2196 27 2065 2079
2197 27 2066 2080
2198 27 1963 1982
2199 27 2067 2081
2200 27 2072 2082
2201 27 2084 2083
2202 27 2086 2085
2203 27 2083 2087
2204 27 2085 2088
2205 27 2090 2089
2206 27 2092 2091
2207 27 2089 2093
2208 27 2091 2094
2209 27 2096 2095
2210 27 2098 2097
2211 27 2099 2096
2212 27 2100 2098
2213 27 2102 2101
2214 27 2104 2103
2215 27 2105 2102
2216 27 2106 2104
2217 27 2108 2107
2218 27 2110 2109
2219 27 2107 2111
2220 27 2109 2112
2221 27 2114 2113
2222 27 2116 2115
2223 27 2117 2114
2224 27 2118 2116
2225 27 2095 2119
2226 27 2097 2120
2227 27 2101 2121
2228 27 2103 2122
2229 27 2113 2123
2230 27 2115 2124
2231 27 2126 2125
2232 27 2128 2127
2233 27 2129 2126
2234 27 2130 2128
2235 27 2132 2131
2236 27 2134 2133
2237 27 2135 2132
2238 27 2136 2134
2239 27 2138 2137
2240 27 2140 2139
2241 27 2141 2138
2242 27 2142 2140
2243 27 2144 2143
2244 27 2147 2146
2245 27 2148 2028
2246 27 2150 2149
2247 27 2153 2152
2248 27 2154 2029
2249 27 2156 2155
2250 27 2157 2035
2251 27 2159 2158
2252 27 2162 2161
2253 27 2163 2039
2254 27 2165 2164
2255 27 B 2045
2256 28 2167 2166
2257 28 2169 2168
2258 28 2166 2170
2259 28 2168 2171
2260 28 2172 2167
2261 28 2173 2169
2262 28 2175 2174
2263 28 2174 2176
2264 28 2177 2175
2265 28 2170 2178
2266 28 2171 2179
2267 28 2176 2180
2268 28 2182 2181
2269 28 2181 2183
2270 28 2184 2182
2271 28 2183 2185
2272 28 2178 2186
2273 28 2179 2187
2274 28 2180 2188
2275 28 2185 2189
2276 28 2074 2190
2277 28 2073 2191
2278 28 1890 2192
2279 28 2075 2193
2280 28 2076 2194
2281 28 2196 2195
2282 28 2195 2197
2283 28 2198 2196
2284 28 2197 2199
2285 28 2199 2200
2286 28 2202 2201
2287 28 2204 2203
2288 28 2206 2205
2289 28 2208 2207
2290 28 2210 2209
2291 28 2212 2211
2292 28 2214 2213
2293 28 2216 2215
2294 28 2218 2217
2295 28 2220 2219
2296 28 2222 2221
2297 28 2224 2223
2298 28 2226 2225
2299 28 2228 2227
2300 28 2230 2229
2301 28 2232 2231
2302 28 2234 2233
2303 28 2236 2235
2304 28 2238 2237
2305 28 2240 2239
2306 28 2242 2241
2307 28 2145 2243
2308 28 2245 2244
2309 28 2151 2246
2310 28 2248 2247
2311 28 2250 2249
2312 28 2160 2251
2313 28 2253 2252
2314 28 2255 2254
2315 29 2257 2256
2316 29 2259 2258
2317 29 2261 2260
2318 29 2262 2257
2319 29 2263 2259
2320 29 2264 2261
2321 29 2266 2265
2322 29 2267 2266
2323 29 2268 2262
2324 29 2269 2263
2325 29 2270 2264
2326 29 2271 2267
2327 29 2273 2272
2328 29 2274 2273
2329 29 2275 2274
2330 29 B 2276
2331 29 2277 2259
2332 29 B 2278
2333 29 2276 2256
2334 29 B 2277
2335 29 2279 2267
2336 29 B 2279
2337 29 2280 2275
2338 29 2281 2268
2339 29 2282 2269
2340 29 2283 2270
2341 29 2284 2271
2342 29 2285 2275
2343 29 2287 2286
2344 29 2289 2288
2345 29 2290 2287
2346 29 2291 2286
2347 29 2292 2289
2348 29 2293 2288
2349 29 2295 2294
2350 29 2296 2295
2351 29 2297 2294
2352 29 2298 2290
2353 29 2299 2292
2354 29 2300 2296
2355 29 2301 2298
2356 29 2302 2290
2357 29 2303 2299
2358 29 2304 2292
2359 29 2290 2291
2360 29 2292 2293
2361 29 2305 2300
2362 29 2306 2296
2363 29 2296 2297
2364 29 B 2280
2365 29 2307 2301
2366 29 2308 2275
2367 29 B 2309
2368 29 B 2271
2369 29 2310 2267
2370 29 B 2310
2371 29 B 2311
2372 29 B 2267
2373 29 2309 2292
2374 29 2311 2259
2375 29 B 2312
2376 29 B 2263
2377 29 B 2313
2378 29 B 2259
2379 29 B 2257
2380 29 2313 2256
2381 29 B 2314
2382 29 B 2256
2383 29 2312 2294
2384 29 B 2260
2385 30 2316 2315
2386 30 2258 2256
2387 30 2315 2317
2388 30 2256 2260
2389 30 2319 2318
2390 30 2318 2320
2391 30 2321 2316
2392 30 2265 2258
2393 30 2322 2319
2394 30 2324 2323
2395 30 2323 2325
2396 30 2326 2324
2397 30 2327 2321
2398 30 2272 2265
2399 30 2328 2322
2400 30 2329 2326
2401 30 2331 2330
2402 30 2333 2332
2403 30 2335 2334
2404 30 2337 2336
2405 30 2339 2338
2406 30 2338 2340
2407 30 2341 2339
2408 30 2342 2341
2409 30 2343 2327
2410 30 2286 2272
2411 30 B 2344
2412 30 B 2288
2413 30 2345 2328
2414 30 2346 2327
2415 30 B 2347
2416 30 B 2348
2417 30 2344 2316
2418 30 2288 2258
2419 30 B 2349
2420 30 B 2294
2421 30 2347 2319
2422 30 2348 2316
2423 30 B 2350
2424 30 B 2351
2425 30 2352 2329
2426 30 B 2353
2427 30 2353 2324
2428 30 B 2354
2429 30 2349 2317
2430 30 2294 2260
2431 30 2350 2320
2432 30 2351 2317
2433 30 2354 2325
2434 30 2355 2342
2435 30 2356 2329
2436 30 B 2357
2437 30 B 2358
2438 30 2359 2328
2439 30 B 2360
2440 30 2357 2339
2441 30 2358 2324
2442 30 B 2361
2443 30 B 2362
2444 30 2360 2319
2445 30 B 2363
2446 30 2361 2340
2447 30 2362 2325
2448 30 2363 2320
2449 30 2365 2364
2450 30 2355 2366
2451 30 B 2367
2452 30 2366 2368
2453 30 2329 2369
2454 30 2372 2371
2455 30 2373 2334
2456 30 2347 2374
2457 30 B 2375
2458 30 2369 2376
2459 30 2322 2374
2460 30 2378 2377
2461 30 2374 2379
2462 30 2316 2380
2463 30 2382 2381
2464 30 2383 2332
2465 30 2294 2314
2466 30 2380 2384
2467 30 2256 2314
2468 31 2386 2385
2469 31 2388 2387
2470 31 2385 2389
2471 31 2387 2390
2472 31 2392 2391
2473 31 2391 2393
2474 31 2260 2317
2475 31 2317 2320
2476 31 2389 2394
2477 31 2390 2395
2478 31 2393 2396
2479 31 2320 2325
2480 31 2398 2397
2481 31 2397 2399
2482 31 2399 2400
2483 31 2385 2401
2484 31 2393 2403
2485 31 2388 2402
2486 31 2400 2404
2487 31 2394 2405
2488 31 2395 2406
2489 31 2396 2407
2490 31 2325 2340
2491 31 2400 2408
2492 31 2410 2409
2493 31 2412 2411
2494 31 2414 2413
2495 31 2416 2415
2496 31 2410 2414
2497 31 2412 2416
2498 31 2418 2417
2499 31 2420 2419
2500 31 2422 2421
2501 31 2424 2423
2502 31 2418 2422
2503 31 2420 2424
2504 31 2413 2425
2505 31 2415 2426
2506 31 2421 2427
2507 31 2423 2428
2508 31 2430 2429
2509 31 2432 2431
2510 31 2430 2432
2511 31 2431 2433
2512 31 2435 2434
2513 31 2437 2436
2514 31 2438 2435
2515 31 2439 2437
2516 31 2441 2440
2517 31 2443 2442
2518 31 2444 2441
2519 31 2445 2443
2520 31 2447 2446
2521 31 2448 2447
2522 31 2450 2449
2523 31 2453 2452
2524 31 2454 2370
2525 31 2456 2455
2526 31 2459 2458
2527 31 2460 2371
2528 31 2462 2461
2529 31 2463 2377
2530 31 2465 2464
2531 31 2467 2466
2532 31 B 2381
2533 32 2469 2468
2534 32 2471 2470
2535 32 2468 2472
2536 32 2470 2473
2537 32 2474 2469
2538 32 2475 2471
2539 32 2477 2476
2540 32 2476 2478
2541 32 2479 2477
2542 32 2472 2480
2543 32 2473 2481
2544 32 2478 2482
2545 32 2402 2483
2546 32 2401 2484
2547 32 2278 2485
2548 32 2403 2486
2549 32 2488 2487
2550 32 2487 2489
2551 32 2490 2488
2552 32 2489 2491
2553 32 2493 2492
2554 32 2495 2494
2555 32 2497 2496
2556 32 2499 2498
2557 32 2501 2500
2558 32 2503 2502
2559 32 2505 2504
2560 32 2507 2506
2561 32 B 2508
2562 32 B 2509
2563 32 B 2510
2564 32 B 2511
2565 32 2513 2512
2566 32 2515 2514
2567 32 2517 2516
2568 32 2519 2518
2569 32 B 2520
2570 32 B 2521
2571 32 2451 2522
2572 32 2524 2523
2573 32 2457 2525
2574 32 2527 2526
2575 32 2529 2528
2576 32 B 2530
2577 32 2532 2531
2578 33 2534 2533
2579 33 2536 2535
2580 33 2538 2537
2581 33 2539 2534
2582 33 2540 2536
2583 33 2541 2538
2584 33 2543 2542
2585 33 2544 2543
2586 33 B 2545
2587 33 2546 2536
2588 33 B 2547
2589 33 2545 2533
2590 33 B 2546
2591 33 2548 2544
2592 33 2549 2539
2593 33 2550 2540
2594 33 2551 2541
2595 33 2552 2544
2596 33 2554 2553
2597 33 2557 2556
2598 33 2559 2554
2599 33 2560 2557
2600 33 2562 2561
2601 33 2564 2562
2602 33 2565 2559
2603 33 2566 2554
2604 33 2567 2560
2605 33 2568 2557
2606 33 2554 2555
2607 33 2557 2558
2608 33 2569 2564
2609 33 2570 2562
2610 33 2562 2563
2611 33 B 2548
2612 33 2571 2565
2613 33 2572 2544
2614 33 B 2573
2615 33 B 2540
2616 33 2574 2536
2617 33 B 2574
2618 33 B 2575
2619 33 B 2536
2620 33 2573 2557
2621 33 2575 2533
2622 33 B 2576
2623 33 B 2534
2624 33 B 2577
2625 33 B 2533
2626 33 B 2537
2627 34 2579 2578
2628 34 2535 2533
2629 34 2578 2580
2630 34 2533 2537
2631 34 2582 2581
2632 34 2581 2583
2633 34 2584 2579
2634 34 2542 2535
2635 34 2585 2582
2636 34 2587 2586
2637 34 2589 2588
2638 34 2591 2590
2639 34 2593 2592
2640 34 2592 2594
2641 34 2595 2593
2642 34 2596 2584
2643 34 2555 2542
2644 34 B 2597
2645 34 B 2558
2646 34 2598 2585
2647 34 B 2599
2648 34 2597 2578
2649 34 2558 2533
2650 34 B 2600
2651 34 B 2563
2652 34 2599 2581
2653 34 B 2601
2654 34 2602 2595
2655 34 2603 2585
2656 34 B 2604
2657 34 B 2605
2658 34 2606 2584
2659 34 B 2607
2660 34 2604 2592
2661 34 2605 2581
2662 34 B 2608
2663 34 B 2609
2664 34 2607 2578
2665 34 B 2610
2666 34 2612 2611
2667 34 2602 2613
2668 34 B 2614
2669 34 2613 2615
2670 34 2585 2616
2671 34 2619 2618
2672 34 2620 2586
2673 34 2597 2621
2674 34 B 2622
2675 34 2616 2623
2676 34 2579 2621
2677 34 2625 2624
2678 34 2621 2626
2679 34 2533 2577
2680 35 2628 2627
2681 35 2630 2629
2682 35 2627 2631
2683 35 2629 2632
2684 35 2634 2633
2685 35 2633 2635
2686 35 2537 2580
2687 35 2580 2583
2688 35 2627 2636
2689 35 2635 2638
2690 35 2630 2637
2691 35 2631 2639
2692 35 2632 2640
2693 35 2635 2641
2694 35 2583 2594
2695 35 2643 2642
2696 35 2645 2644
2697 35 2642 2646
2698 35 2644 2647
2699 35 2649 2648
2700 35 2651 2650
2701 35 2648 2652
2702 35 2650 2653
2703 35 2655 2654
2704 35 2657 2656
2705 35 2658 2655
2706 35 2659 2657
2707 35 2661 2660
2708 35 2663 2662
2709 35 2664 2661
2710 35 2665 2663
2711 35 2667 2666
2712 35 2670 2669
2713 35 2671 2617
2714 35 2673 2672
2715 35 2676 2675
2716 35 2677 2618
2717 35 2679 2678
2718 35 B 2624
2719 36 2681 2680
2720 36 2683 2682
2721 36 2680 2684
2722 36 2682 2685
2723 36 2686 2681
2724 36 2687 2683
2725 36 2637 2688
2726 36 2636 2689
2727 36 2547 2690
2728 36 2692 2691
2729 36 2691 2693
2730 36 2694 2692
2731 36 2696 2695
2732 36 2698 2697
2733 36 2700 2699
2734 36 2702 2701
2735 36 2704 2703
2736 36 2706 2705
2737 36 2708 2707
2738 36 2710 2709
2739 36 2668 2711
2740 36 2713 2712
2741 36 2674 2714
2742 36 2716 2715
2743 36 2718 2717
2744 37 2720 2719
2745 37 2722 2721
2746 37 2724 2723
2747 37 B 2725
2748 37 2726 2722
2749 37 B 2727
2750 37 2725 2719
2751 37 2728 2720
2752 37 2729 2722
2753 37 2730 2724
2754 37 2732 2731
2755 37 2734 2733
2756 37 2735 2732
2757 37 2736 2731
2758 37 2737 2734
2759 37 2738 2733
2760 37 B 2726
2761 37 2739 2735
2762 37 2740 2722
2763 37 B 2741
2764 37 B 2720
2765 37 2742 2719
2766 37 B 2742
2767 37 B 2743
2768 37 B 2719
2769 37 2741 2733
2770 37 B 2723
2771 38 2745 2744
2772 38 2721 2719
2773 38 2744 2746
2774 38 2719 2723
2775 38 2748 2747
2776 38 2750 2749
2777 38 2752 2751
2778 38 2751 2753
2779 38 2754 2745
2780 38 2731 2721
2781 38 B 2755
2782 38 B 2733
2783 38 2756 2752
2784 38 2757 2745
2785 38 B 2758
2786 38 B 2759
2787 38 2755 2746
2788 38 2733 2723
2789 38 2758 2753
2790 38 2759 2746
2791 38 2761 2760
2792 38 2756 2762
2793 38 B 2763
2794 38 2762 2764
2795 38 2745 2765
2796 38 2768 2767
2797 38 2769 2749
2798 38 2733 2743
2799 38 2765 2770
2800 38 2719 2743
2801 39 2772 2771
2802 39 2774 2773
2803 39 2771 2775
2804 39 2723 2746
2805 39 2774 2776
2806 39 2771 2777
2807 39 2773 2778
2808 39 2780 2779
2809 39 2782 2781
2810 39 2784 2783
2811 39 2786 2785
2812 39 2780 2784
2813 39 2782 2786
2814 39 2788 2787
2815 39 2790 2789
2816 39 2788 2790
2817 39 2792 2791
2818 39 2795 2794
2819 39 2796 2766
2820 39 2798 2797
2821 39 2800 2799
2822 39 B 2767
2823 40 2802 2801
2824 40 2776 2803
2825 40 2804 2802
2826 40 2727 2805
2827 40 2807 2806
2828 40 2809 2808
2829 40 2811 2810
2830 40 2813 2812
2831 40 B 2814
2832 40 B 2815
2833 40 B 2816
2834 40 2793 2817
2835 40 2819 2818
2836 40 B 2820
2837 40 2822 2821
2838 41 B 2826
2839 41 2824 2823
2840 41 2827 2823
2841 41 2829 2828
2842 41 2832 2831
2843 41 B 2824
2844 41 2834 2829
2845 41 2835 2823
2846 41 B 2836
2847 41 B 2825
2848 41 B 2837
2849 42 2839 2838
2850 42 2823 2825
2851 42 2841 2840
2852 42 2830 2823
2853 42 B 2842
2854 42 B 2833
2855 42 2844 2843
2856 42 2841 2845
2857 42 B 2846
2858 42 2845 2847
2859 42 2823 2837
2860 43 2850 2849
2861 43 2852 2851
2862 43 2854 2853
2863 43 2856 2855
2864 43 2859 2858
2865 43 B 2848
2866 44 2826 2860
2867 44 2862 2861
2868 44 2857 2863
2869 44 2865 2864
2870 45 B 2866
2871 45 2868 2867
2872 46 2871 2870
2873 46 2867 2869
2874 47 2873 2872
2875 48 B 2874
2876 51 B 2875
2877 52 B 2876