1 1 B T
2 2 T 1
3 2 B T
4 2 B 1
5 3 2 1
6 3 3 2
7 3 B 3
8 3 B 2
9 3 4 1
10 3 3 4
11 3 B 4
12 3 B 1
13 4 1 5
14 4 B 1
15 4 5 6
16 4 1 2
17 4 6 7
18 4 5 8
19 4 B 9
20 4 B 10
21 4 9 6
22 4 B 5
23 4 B 7
24 4 B 11
25 4 B 4
26 4 10 7
27 4 11 7
28 4 4 6
29 4 B 2
30 4 9 8
31 4 1 9
32 4 12 11
33 4 1 4
34 5 14 13
35 5 16 15
36 5 13 15
37 5 15 17
38 5 B 14
39 5 2 6
40 5 6 7
41 5 17 7
42 5 13 18
43 5 16 18
44 5 B 19
45 5 19 20
46 5 22 21
47 5 24 23
48 5 14 22
49 5 25 24
50 5 21 26
51 5 27 7
52 5 28 27
53 5 29 21
54 5 19 30
55 5 31 30
56 5 32 11
57 5 25 30
58 5 33 30
59 5 B 11
60 6 35 34
61 6 37 36
62 6 34 38
63 6 36 34
64 6 39 35
65 6 40 37
66 6 41 37
67 6 7 41
68 6 B 7
69 6 18 42
70 6 2 43
71 6 44 38
72 6 45 34
73 6 47 46
74 6 49 48
75 6 23 50
76 6 B 51
77 6 B 52
78 6 B 53
79 6 B 50
80 6 24 54
81 6 56 55
82 6 B 57
83 6 59 58
84 7 61 60
85 7 63 62
86 7 65 64
87 7 66 61
88 7 61 63
89 7 67 65
90 7 62 38
91 7 67 66
92 7 68 67
93 7 B 68
94 7 B 69
95 7 69 63
96 7 B 70
97 7 69 60
98 7 71 38
99 7 72 71
100 7 73 72
101 7 74 71
102 7 75 73
103 7 76 75
104 7 77 73
105 7 73 74
106 7 68 76
107 7 79 78
108 7 76 79
109 7 77 78
110 7 B 76
111 7 76 77
112 7 80 72
113 7 81 63
114 7 B 80
115 7 B 61
116 7 B 81
117 7 B 63
118 7 81 60
119 7 B 82
120 7 B 83
121 7 B 60
122 7 B 64
123 8 85 84
124 8 62 60
125 8 84 86
126 8 60 64
127 8 88 87
128 8 87 89
129 8 90 85
130 8 38 62
131 8 85 88
132 8 87 91
133 8 91 92
134 8 38 90
135 8 B 38
136 8 92 93
137 8 95 94
138 8 97 96
139 8 B 98
140 8 B 99
141 8 98 85
142 8 B 90
143 8 B 100
144 8 B 101
145 8 B 71
146 8 99 88
147 8 B 102
148 8 100 87
149 8 101 88
150 8 B 103
151 8 B 104
152 8 71 85
153 8 B 105
154 8 102 91
155 8 B 106
156 8 99 84
157 8 71 60
158 8 B 107
159 8 B 78
160 8 101 84
161 8 B 108
162 8 B 109
163 8 103 92
164 8 104 91
165 8 B 93
166 8 B 110
167 8 105 87
168 8 B 111
169 8 106 93
170 8 110 93
171 8 111 92
172 8 112 94
173 8 101 113
174 8 B 114
175 8 113 115
176 8 85 113
177 8 117 116
178 8 101 118
179 8 B 119
180 8 85 118
181 8 121 120
182 8 118 122
183 8 60 83
184 9 124 123
185 9 126 125
186 9 123 127
187 9 125 128
188 9 130 129
189 9 129 131
190 9 64 86
191 9 86 89
192 9 127 132
193 9 128 133
194 9 131 127
195 9 89 92
196 9 135 134
197 9 134 129
198 9 132 133
199 9 133 136
200 9 92 93
201 9 B 135
202 9 136 93
203 9 123 137
204 9 131 137
205 9 126 138
206 9 B 139
207 9 139 140
208 9 142 141
209 9 144 143
210 9 135 142
211 9 145 144
212 9 145 140
213 9 141 146
214 9 143 147
215 9 149 148
216 9 151 150
217 9 152 149
218 9 153 151
219 9 148 154
220 9 150 155
221 9 157 156
222 9 159 158
223 9 160 148
224 9 162 161
225 9 157 160
226 9 159 162
227 9 161 155
228 9 164 163
229 9 166 165
230 9 167 164
231 9 168 166
232 9 163 169
233 9 170 93
234 9 171 170
235 9 173 172
236 9 176 175
237 9 177 116
238 9 178 172
239 9 180 175
240 9 181 116
241 9 183 182
242 9 B 120
243 10 185 184
244 10 187 186
245 10 184 188
246 10 186 189
247 10 190 185
248 10 191 187
249 10 193 192
250 10 192 194
251 10 195 193
252 10 188 196
253 10 189 197
254 10 194 189
255 10 199 198
256 10 198 192
257 10 200 199
258 10 196 201
259 10 197 196
260 10 202 199
261 10 93 202
262 10 B 93
263 10 138 203
264 10 137 204
265 10 70 205
266 10 206 201
267 10 207 196
268 10 209 208
269 10 211 210
270 10 212 196
271 10 214 213
272 10 216 215
273 10 218 217
274 10 220 219
275 10 222 221
276 10 224 223
277 10 226 225
278 10 227 219
279 10 229 228
280 10 231 230
281 10 165 232
282 10 B 233
283 10 B 234
284 10 174 235
285 10 237 236
286 10 179 238
287 10 240 239
288 10 242 241
289 11 244 243
290 11 246 245
291 11 248 247
292 11 249 244
293 11 250 246
294 11 251 248
295 11 253 252
296 11 254 253
297 11 255 249
298 11 256 250
299 11 257 251
300 11 250 254
301 11 259 258
302 11 253 259
303 11 260 255
304 11 255 256
305 11 261 257
306 11 258 201
307 11 261 260
308 11 262 261
309 11 B 262
310 11 B 263
311 11 264 246
312 11 B 265
313 11 263 243
314 11 B 264
315 11 264 254
316 11 266 201
317 11 267 266
318 11 268 267
319 11 269 266
320 11 268 270
321 11 271 268
322 11 272 271
323 11 273 268
324 11 268 269
325 11 274 272
326 11 276 275
327 11 278 276
328 11 279 278
329 11 280 276
330 11 276 277
331 11 281 279
332 11 279 274
333 11 280 272
334 11 272 273
335 11 282 281
336 11 283 279
337 11 279 280
338 11 262 282
339 11 B 282
340 11 282 283
341 11 284 271
342 11 285 254
343 11 B 284
344 11 B 250
345 11 B 285
346 11 B 254
347 11 285 246
348 11 B 286
349 11 B 287
350 11 B 246
351 11 B 244
352 11 287 243
353 11 B 288
354 11 B 243
355 11 286 275
356 11 B 247
357 12 290 289
358 12 245 243
359 12 289 291
360 12 243 247
361 12 293 292
362 12 292 294
363 12 295 290
364 12 252 245
365 12 296 293
366 12 298 297
367 12 297 299
368 12 300 298
369 12 301 295
370 12 258 252
371 12 302 296
372 12 296 300
373 12 304 303
374 12 303 305
375 12 298 304
376 12 306 301
377 12 201 258
378 12 301 302
379 12 303 307
380 12 307 308
381 12 201 306
382 12 B 201
383 12 308 309
384 12 311 310
385 12 313 312
386 12 315 314
387 12 B 316
388 12 B 317
389 12 316 301
390 12 B 306
391 12 B 318
392 12 B 319
393 12 B 266
394 12 B 258
395 12 B 320
396 12 B 269
397 12 317 302
398 12 B 321
399 12 318 296
400 12 319 302
401 12 B 322
402 12 B 323
403 12 266 301
404 12 B 324
405 12 321 300
406 12 B 325
407 12 320 290
408 12 269 245
409 12 B 326
410 12 B 277
411 12 321 293
412 12 B 327
413 12 322 298
414 12 323 293
415 12 B 328
416 12 B 329
417 12 324 290
418 12 B 330
419 12 325 304
420 12 B 331
421 12 323 300
422 12 B 332
423 12 B 333
424 12 324 296
425 12 B 334
426 12 332 303
427 12 333 304
428 12 B 335
429 12 B 336
430 12 334 298
431 12 B 337
432 12 326 291
433 12 277 247
434 12 327 294
435 12 328 299
436 12 329 294
437 12 330 291
438 12 331 305
439 12 335 308
440 12 336 305
441 12 337 299
442 12 331 307
443 12 B 338
444 12 338 309
445 12 336 307
446 12 B 309
447 12 B 339
448 12 337 303
449 12 B 340
450 12 339 309
451 12 340 308
452 12 341 314
453 12 323 342
454 12 B 343
455 12 342 344
456 12 296 342
457 12 346 345
458 12 323 347
459 12 B 348
460 12 296 347
461 12 350 349
462 12 347 351
463 12 290 352
464 12 354 353
465 12 355 312
466 12 277 288
467 12 352 356
468 12 243 288
469 13 358 357
470 13 360 359
471 13 357 361
472 13 359 362
473 13 364 363
474 13 363 365
475 13 247 291
476 13 291 294
477 13 361 366
478 13 362 367
479 13 365 368
480 13 294 299
481 13 370 369
482 13 369 371
483 13 371 372
484 13 366 373
485 13 367 374
486 13 368 375
487 13 299 305
488 13 372 368
489 13 377 376
490 13 376 378
491 13 378 371
492 13 373 379
493 13 374 380
494 13 375 373
495 13 305 308
496 13 382 381
497 13 381 376
498 13 379 380
499 13 380 383
500 13 308 309
501 13 B 382
502 13 383 309
503 13 357 384
504 13 365 386
505 13 360 385
506 13 372 386
507 13 B 387
508 13 387 388
509 13 390 389
510 13 392 391
511 13 382 390
512 13 393 392
513 13 394 389
514 13 396 395
515 13 389 397
516 13 395 398
517 13 400 399
518 13 402 401
519 13 403 400
520 13 404 402
521 13 391 398
522 13 399 405
523 13 401 406
524 13 408 407
525 13 410 409
526 13 407 411
527 13 409 412
528 13 414 413
529 13 416 415
530 13 417 414
531 13 418 416
532 13 413 419
533 13 415 420
534 13 421 413
535 13 423 422
536 13 424 421
537 13 425 423
538 13 427 426
539 13 429 428
540 13 430 427
541 13 431 429
542 13 433 432
543 13 432 434
544 13 436 435
545 13 437 436
546 13 435 438
547 13 440 439
548 13 441 440
549 13 422 420
550 13 426 442
551 13 428 443
552 13 439 444
553 13 445 439
554 13 447 446
555 13 448 445
556 13 449 447
557 13 450 309
558 13 451 450
559 13 453 452
560 13 456 455
561 13 457 345
562 13 458 452
563 13 460 455
564 13 461 345
565 13 463 462
566 13 464 349
567 13 466 465
568 13 468 467
569 13 B 353
570 14 470 469
571 14 472 471
572 14 469 473
573 14 471 474
574 14 475 470
575 14 476 472
576 14 478 477
577 14 477 479
578 14 480 478
579 14 473 481
580 14 474 482
581 14 479 483
582 14 485 484
583 14 484 486
584 14 487 485
585 14 486 488
586 14 481 489
587 14 482 490
588 14 483 491
589 14 488 483
590 14 493 492
591 14 492 494
592 14 495 493
593 14 494 486
594 14 489 496
595 14 490 497
596 14 491 490
597 14 499 498
598 14 498 492
599 14 500 499
600 14 496 501
601 14 497 496
602 14 502 499
603 14 309 502
604 14 385 503
605 14 384 504
606 14 265 505
607 14 386 506
608 14 B 309
609 14 507 501
610 14 508 496
611 14 510 509
612 14 512 511
613 14 514 513
614 14 516 515
615 14 518 517
616 14 520 519
617 14 521 515
618 14 523 522
619 14 525 524
620 14 527 526
621 14 529 528
622 14 531 530
623 14 533 532
624 14 535 534
625 14 537 536
626 14 539 538
627 14 541 540
628 14 B 542
629 14 B 543
630 14 B 544
631 14 B 545
632 14 B 546
633 14 B 547
634 14 B 548
635 14 549 532
636 14 551 550
637 14 B 552
638 14 554 553
639 14 556 555
640 14 B 557
641 14 B 558
642 14 446 552
643 14 454 559
644 14 561 560
645 14 459 562
646 14 564 563
647 14 566 565
648 14 B 567
649 14 569 568
650 15 571 570
651 15 573 572
652 15 575 574
653 15 576 571
654 15 577 573
655 15 578 575
656 15 580 579
657 15 581 580
658 15 582 576
659 15 583 577
660 15 584 578
661 15 585 581
662 15 587 586
663 15 588 587
664 15 589 588
665 15 590 582
666 15 591 583
667 15 592 584
668 15 593 585
669 15 585 589
670 15 595 594
671 15 596 595
672 15 588 596
673 15 597 590
674 15 598 591
675 15 599 592
676 15 591 593
677 15 601 600
678 15 595 601
679 15 602 597
680 15 597 598
681 15 603 599
682 15 600 501
683 15 B 604
684 15 605 573
685 15 B 606
686 15 604 570
687 15 B 605
688 15 607 581
689 15 B 607
690 15 607 589
691 15 603 602
692 15 608 603
693 15 610 609
694 15 609 501
695 15 611 610
696 15 612 609
697 15 614 613
698 15 615 614
699 15 616 613
700 15 617 611
701 15 618 615
702 15 620 619
703 15 621 620
704 15 622 619
705 15 623 621
706 15 615 617
707 15 616 611
708 15 611 612
709 15 624 618
710 15 625 615
711 15 615 616
712 15 626 623
713 15 627 621
714 15 621 622
715 15 629 628
716 15 630 629
717 15 631 628
718 15 632 630
719 15 633 632
720 15 634 630
721 15 630 631
722 15 635 624
723 15 636 626
724 15 637 633
725 15 626 635
726 15 627 624
727 15 624 625
728 15 638 636
729 15 639 626
730 15 626 627
731 15 640 637
732 15 641 633
733 15 633 634
734 15 642 638
735 15 608 640
736 15 643 618
737 15 644 589
738 15 B 643
739 15 B 585
740 15 B 644
741 15 B 589
742 15 644 581
743 15 B 645
744 15 B 646
745 15 B 581
746 15 B 577
747 15 646 573
748 15 B 647
749 15 B 573
750 15 641 638
751 15 638 639
752 15 645 620
753 15 647 570
754 15 B 648
755 15 B 571
756 15 B 649
757 15 B 570
758 15 B 574
759 15 B 640
760 15 640 641
761 16 651 650
762 16 572 570
763 16 650 652
764 16 570 574
765 16 654 653
766 16 653 655
767 16 656 651
768 16 579 572
769 16 657 654
770 16 659 658
771 16 658 660
772 16 661 659
773 16 662 656
774 16 586 579
775 16 663 657
776 16 664 661
777 16 666 665
778 16 665 667
779 16 668 666
780 16 669 668
781 16 670 662
782 16 594 586
783 16 671 663
784 16 672 664
785 16 664 669
786 16 674 673
787 16 673 675
788 16 676 674
789 16 668 676
790 16 677 670
791 16 600 594
792 16 678 671
793 16 671 672
794 16 680 679
795 16 679 681
796 16 674 680
797 16 682 677
798 16 501 600
799 16 677 678
800 16 684 683
801 16 686 685
802 16 688 687
803 16 690 689
804 16 679 691
805 16 691 692
806 16 501 682
807 16 B 501
808 16 B 693
809 16 B 609
810 16 694 677
811 16 B 682
812 16 B 695
813 16 B 696
814 16 693 670
815 16 609 594
816 16 B 697
817 16 B 613
818 16 695 671
819 16 696 670
820 16 B 698
821 16 B 699
822 16 693 678
823 16 B 700
824 16 700 672
825 16 B 701
826 16 697 656
827 16 613 579
828 16 B 702
829 16 B 619
830 16 698 657
831 16 699 656
832 16 B 703
833 16 B 704
834 16 701 661
835 16 B 705
836 16 696 678
837 16 B 706
838 16 B 707
839 16 609 677
840 16 B 708
841 16 706 664
842 16 707 672
843 16 B 709
844 16 B 710
845 16 708 671
846 16 B 711
847 16 709 668
848 16 710 661
849 16 B 712
850 16 B 713
851 16 711 657
852 16 B 714
853 16 702 650
854 16 619 570
855 16 B 715
856 16 B 628
857 16 703 653
858 16 704 650
859 16 B 716
860 16 B 717
861 16 705 658
862 16 B 718
863 16 712 665
864 16 713 658
865 16 B 719
866 16 B 720
867 16 714 653
868 16 B 721
869 16 701 669
870 16 B 722
871 16 722 676
872 16 B 723
873 16 723 673
874 16 B 724
875 16 710 669
876 16 B 725
877 16 B 726
878 16 711 664
879 16 B 727
880 16 725 674
881 16 726 676
882 16 B 728
883 16 B 729
884 16 727 668
885 16 B 730
886 16 728 679
887 16 729 673
888 16 B 731
889 16 B 732
890 16 730 665
891 16 B 733
892 16 723 680
893 16 B 734
894 16 734 691
895 16 B 735
896 16 736 689
897 16 710 737
898 16 B 738
899 16 737 739
900 16 664 737
901 16 741 740
902 16 710 742
903 16 B 743
904 16 664 742
905 16 745 744
906 16 742 746
907 16 657 747
908 16 749 748
909 16 729 680
910 16 730 674
911 16 B 750
912 16 B 751
913 16 752 683
914 16 704 753
915 16 B 754
916 16 747 755
917 16 651 753
918 16 757 756
919 16 753 758
920 16 570 649
921 16 750 691
922 16 751 679
923 16 B 759
924 16 B 760
925 17 762 761
926 17 764 763
927 17 761 765
928 17 763 766
929 17 768 767
930 17 767 769
931 17 574 652
932 17 652 655
933 17 765 770
934 17 766 771
935 17 769 772
936 17 655 660
937 17 774 773
938 17 773 775
939 17 775 776
940 17 770 777
941 17 771 778
942 17 772 779
943 17 660 667
944 17 776 780
945 17 782 781
946 17 781 783
947 17 783 784
948 17 784 785
949 17 777 786
950 17 778 787
951 17 779 788
952 17 667 675
953 17 780 789
954 17 785 780
955 17 791 790
956 17 790 792
957 17 792 793
958 17 793 784
959 17 786 794
960 17 787 795
961 17 788 796
962 17 675 681
963 17 789 788
964 17 798 797
965 17 797 799
966 17 799 792
967 17 761 800
968 17 769 802
969 17 764 801
970 17 776 803
971 17 785 803
972 17 794 804
973 17 795 805
974 17 796 794
975 17 681 692
976 17 807 806
977 17 809 808
978 17 811 810
979 17 813 812
980 17 807 811
981 17 809 813
982 17 815 814
983 17 817 816
984 17 819 818
985 17 821 820
986 17 815 819
987 17 817 821
988 17 810 822
989 17 812 823
990 17 818 824
991 17 820 825
992 17 827 826
993 17 829 828
994 17 831 830
995 17 833 832
996 17 827 831
997 17 829 833
998 17 830 834
999 17 832 835
1000 17 836 818
1001 17 838 837
1002 17 839 836
1003 17 840 838
1004 17 842 841
1005 17 844 843
1006 17 845 842
1007 17 846 844
1008 17 848 847
1009 17 850 849
1010 17 851 848
1011 17 852 850
1012 17 854 853
1013 17 856 855
1014 17 858 857
1015 17 860 859
1016 17 854 858
1017 17 856 860
1018 17 857 861
1019 17 859 862
1020 17 864 863
1021 17 866 865
1022 17 867 864
1023 17 868 866
1024 17 837 825
1025 17 841 869
1026 17 843 870
1027 17 847 871
1028 17 849 872
1029 17 863 873
1030 17 865 874
1031 17 875 847
1032 17 877 876
1033 17 878 875
1034 17 879 877
1035 17 881 880
1036 17 883 882
1037 17 884 881
1038 17 885 883
1039 17 887 886
1040 17 889 888
1041 17 890 887
1042 17 891 889
1043 17 876 872
1044 17 880 892
1045 17 882 893
1046 17 886 894
1047 17 888 895
1048 17 897 896
1049 17 900 899
1050 17 901 740
1051 17 902 896
1052 17 904 899
1053 17 905 740
1054 17 907 906
1055 17 908 744
1056 17 910 909
1057 17 912 911
1058 17 914 913
1059 17 917 916
1060 17 918 748
1061 17 920 919
1062 17 B 756
1063 17 922 921
1064 17 924 923
1065 18 926 925
1066 18 928 927
1067 18 925 929
1068 18 927 930
1069 18 931 926
1070 18 932 928
1071 18 934 933
1072 18 933 935
1073 18 936 934
1074 18 929 937
1075 18 930 938
1076 18 935 939
1077 18 941 940
1078 18 940 942
1079 18 943 941
1080 18 942 944
1081 18 937 945
1082 18 938 946
1083 18 939 947
1084 18 944 948
1085 18 950 949
1086 18 949 951
1087 18 952 950
1088 18 951 953
1089 18 953 954
1090 18 945 955
1091 18 946 956
1092 18 947 957
1093 18 948 958
1094 18 954 948
1095 18 960 959
1096 18 959 961
1097 18 962 960
1098 18 961 963
1099 18 963 953
1100 18 955 964
1101 18 956 965
1102 18 957 966
1103 18 958 957
1104 18 801 967
1105 18 800 968
1106 18 606 969
1107 18 802 970
1108 18 803 971
1109 18 973 972
1110 18 972 974
1111 18 975 973
1112 18 974 961
1113 18 977 976
1114 18 979 978
1115 18 981 980
1116 18 983 982
1117 18 985 984
1118 18 987 986
1119 18 989 988
1120 18 991 990
1121 18 993 992
1122 18 995 994
1123 18 997 996
1124 18 999 998
1125 18 1001 1000
1126 18 1003 1002
1127 18 1005 1004
1128 18 1007 1006
1129 18 1009 1008
1130 18 1011 1010
1131 18 1013 1012
1132 18 1015 1014
1133 18 1017 1016
1134 18 1019 1018
1135 18 1021 1020
1136 18 1023 1022
1137 18 1024 990
1138 18 1026 1025
1139 18 1028 1027
1140 18 1030 1029
1141 18 1032 1031
1142 18 1034 1033
1143 18 1036 1035
1144 18 1038 1037
1145 18 1040 1039
1146 18 1042 1041
1147 18 1043 1027
1148 18 1045 1044
1149 18 1047 1046
1150 18 898 1048
1151 18 1050 1049
1152 18 903 1051
1153 18 1053 1052
1154 18 1055 1054
1155 18 1057 1056
1156 18 915 1058
1157 18 1060 1059
1158 18 1062 1061
1159 18 1064 1063
1160 19 1066 1065
1161 19 1068 1067
1162 19 1070 1069
1163 19 1071 1066
1164 19 1072 1068
1165 19 1073 1070
1166 19 1075 1074
1167 19 1076 1075
1168 19 1077 1071
1169 19 1078 1072
1170 19 1079 1073
1171 19 1080 1076
1172 19 1082 1081
1173 19 1083 1082
1174 19 1084 1083
1175 19 1085 1077
1176 19 1086 1078
1177 19 1087 1079
1178 19 1088 1080
1179 19 1089 1084
1180 19 1091 1090
1181 19 1092 1091
1182 19 1093 1092
1183 19 1094 1093
1184 19 1095 1085
1185 19 1096 1086
1186 19 1097 1087
1187 19 1098 1088
1188 19 1099 1089
1189 19 1089 1094
1190 19 1101 1100
1191 19 1102 1101
1192 19 1103 1102
1193 19 1093 1103
1194 19 B 1104
1195 19 1105 1068
1196 19 B 1106
1197 19 1104 1065
1198 19 B 1105
1199 19 1107 1076
1200 19 B 1107
1201 19 1108 1084
1202 19 B 1108
1203 19 1108 1094
1204 19 1109 1095
1205 19 1110 1096
1206 19 1111 1097
1207 19 1112 1098
1208 19 1098 1099
1209 19 1114 1113
1210 19 1117 1116
1211 19 1119 1114
1212 19 1120 1117
1213 19 1122 1121
1214 19 1124 1122
1215 19 1125 1119
1216 19 1126 1114
1217 19 1127 1120
1218 19 1128 1117
1219 19 1114 1115
1220 19 1117 1118
1221 19 1129 1124
1222 19 1130 1122
1223 19 1122 1123
1224 19 1132 1131
1225 19 1134 1132
1226 19 1135 1134
1227 19 1136 1132
1228 19 1132 1133
1229 19 1137 1125
1230 19 1138 1127
1231 19 1139 1129
1232 19 1140 1135
1233 19 1127 1137
1234 19 1128 1125
1235 19 1141 1138
1236 19 1142 1127
1237 19 1125 1126
1238 19 1127 1128
1239 19 1143 1139
1240 19 1144 1129
1241 19 1129 1130
1242 19 1145 1140
1243 19 1146 1135
1244 19 1135 1136
1245 19 1147 1141
1246 19 1148 1143
1247 19 1149 1145
1248 19 1150 1138
1249 19 1151 1094
1250 19 B 1150
1251 19 B 1089
1252 19 B 1151
1253 19 B 1094
1254 19 1144 1141
1255 19 1141 1142
1256 19 1151 1084
1257 19 B 1152
1258 19 B 1153
1259 19 B 1084
1260 19 B 1080
1261 19 1153 1076
1262 19 B 1154
1263 19 B 1076
1264 19 1155 1143
1265 19 1143 1144
1266 19 1152 1124
1267 19 1154 1068
1268 19 B 1156
1269 19 B 1072
1270 19 B 1157
1271 19 B 1068
1272 19 B 1066
1273 19 1157 1065
1274 19 B 1158
1275 19 B 1065
1276 19 1159 1145
1277 19 1145 1146
1278 19 1156 1131
1279 19 B 1069
1280 20 1161 1160
1281 20 1067 1065
1282 20 1160 1162
1283 20 1065 1069
1284 20 1164 1163
1285 20 1163 1165
1286 20 1166 1161
1287 20 1074 1067
1288 20 1167 1164
1289 20 1169 1168
1290 20 1168 1170
1291 20 1171 1169
1292 20 1172 1166
1293 20 1081 1074
1294 20 1173 1167
1295 20 1174 1171
1296 20 1176 1175
1297 20 1175 1177
1298 20 1178 1176
1299 20 1179 1178
1300 20 1180 1172
1301 20 1090 1081
1302 20 1181 1173
1303 20 1182 1174
1304 20 1183 1179
1305 20 1185 1184
1306 20 1184 1186
1307 20 1187 1185
1308 20 1188 1187
1309 20 1189 1188
1310 20 1190 1180
1311 20 1100 1090
1312 20 1191 1181
1313 20 1192 1182
1314 20 1193 1183
1315 20 1183 1189
1316 20 1195 1194
1317 20 1197 1196
1318 20 1199 1198
1319 20 1201 1200
1320 20 1203 1202
1321 20 1205 1204
1322 20 1204 1206
1323 20 1207 1205
1324 20 1208 1207
1325 20 1188 1208
1326 20 1209 1190
1327 20 1115 1100
1328 20 B 1210
1329 20 B 1118
1330 20 1211 1191
1331 20 B 1212
1332 20 1210 1172
1333 20 1118 1081
1334 20 B 1213
1335 20 B 1123
1336 20 1212 1173
1337 20 B 1214
1338 20 1215 1192
1339 20 1216 1191
1340 20 B 1217
1341 20 B 1218
1342 20 1219 1190
1343 20 B 1220
1344 20 1217 1174
1345 20 1218 1173
1346 20 B 1221
1347 20 B 1222
1348 20 1220 1172
1349 20 B 1223
1350 20 1213 1161
1351 20 1123 1067
1352 20 B 1224
1353 20 B 1133
1354 20 1214 1164
1355 20 B 1225
1356 20 1221 1169
1357 20 1222 1164
1358 20 B 1226
1359 20 B 1227
1360 20 1223 1161
1361 20 B 1228
1362 20 1229 1193
1363 20 B 1230
1364 20 1230 1179
1365 20 B 1231
1366 20 1231 1176
1367 20 B 1232
1368 20 1224 1162
1369 20 1133 1069
1370 20 1225 1165
1371 20 1226 1170
1372 20 1227 1165
1373 20 1228 1162
1374 20 1232 1177
1375 20 1233 1183
1376 20 1234 1193
1377 20 B 1235
1378 20 B 1236
1379 20 1237 1192
1380 20 B 1238
1381 20 1235 1188
1382 20 1236 1179
1383 20 B 1239
1384 20 B 1240
1385 20 1238 1174
1386 20 B 1241
1387 20 1239 1185
1388 20 1240 1176
1389 20 B 1242
1390 20 B 1243
1391 20 1241 1169
1392 20 B 1244
1393 20 1242 1186
1394 20 1243 1177
1395 20 1244 1170
1396 20 1230 1189
1397 20 B 1245
1398 20 1245 1208
1399 20 B 1246
1400 20 1246 1205
1401 20 B 1247
1402 20 1247 1206
1403 20 1248 1202
1404 20 1236 1249
1405 20 B 1250
1406 20 1249 1251
1407 20 1183 1249
1408 20 1253 1252
1409 20 1236 1189
1410 20 1238 1183
1411 20 B 1254
1412 20 B 1255
1413 20 1236 1256
1414 20 B 1257
1415 20 1183 1256
1416 20 1259 1258
1417 20 1256 1260
1418 20 1174 1261
1419 20 1263 1262
1420 20 1254 1208
1421 20 1255 1188
1422 20 B 1264
1423 20 B 1265
1424 20 1266 1198
1425 20 1222 1267
1426 20 B 1268
1427 20 1261 1269
1428 20 1167 1267
1429 20 1271 1270
1430 20 1267 1272
1431 20 1161 1273
1432 20 1275 1274
1433 20 1264 1205
1434 20 1265 1185
1435 20 B 1276
1436 20 B 1277
1437 20 1278 1196
1438 20 1133 1158
1439 20 1273 1279
1440 20 1065 1158
1441 20 1276 1206
1442 20 1277 1186
1443 21 1281 1280
1444 21 1283 1282
1445 21 1280 1284
1446 21 1282 1285
1447 21 1287 1286
1448 21 1286 1288
1449 21 1069 1162
1450 21 1162 1165
1451 21 1284 1289
1452 21 1285 1290
1453 21 1288 1291
1454 21 1165 1170
1455 21 1293 1292
1456 21 1292 1294
1457 21 1294 1295
1458 21 1289 1296
1459 21 1290 1297
1460 21 1291 1298
1461 21 1170 1177
1462 21 1295 1299
1463 21 1301 1300
1464 21 1300 1302
1465 21 1302 1303
1466 21 1303 1304
1467 21 1296 1305
1468 21 1297 1306
1469 21 1298 1307
1470 21 1177 1186
1471 21 1299 1308
1472 21 1304 1309
1473 21 1311 1310
1474 21 1310 1312
1475 21 1312 1313
1476 21 1313 1314
1477 21 1314 1315
1478 21 1280 1316
1479 21 1288 1318
1480 21 1283 1317
1481 21 1295 1319
1482 21 1304 1320
1483 21 1315 1320
1484 21 1305 1321
1485 21 1306 1322
1486 21 1307 1323
1487 21 1186 1206
1488 21 1308 1324
1489 21 1309 1325
1490 21 1315 1309
1491 21 1327 1326
1492 21 1329 1328
1493 21 1326 1330
1494 21 1328 1331
1495 21 1333 1332
1496 21 1335 1334
1497 21 1332 1336
1498 21 1334 1337
1499 21 1339 1338
1500 21 1341 1340
1501 21 1342 1339
1502 21 1343 1341
1503 21 1345 1344
1504 21 1347 1346
1505 21 1348 1345
1506 21 1349 1347
1507 21 1351 1350
1508 21 1353 1352
1509 21 1350 1354
1510 21 1352 1355
1511 21 1357 1356
1512 21 1359 1358
1513 21 1360 1357
1514 21 1361 1359
1515 21 1338 1362
1516 21 1340 1363
1517 21 1344 1364
1518 21 1346 1365
1519 21 1356 1366
1520 21 1358 1367
1521 21 1369 1368
1522 21 1368 1370
1523 21 1372 1371
1524 21 1373 1372
1525 21 1371 1374
1526 21 1376 1375
1527 21 1378 1377
1528 21 1379 1376
1529 21 1380 1378
1530 21 1382 1381
1531 21 1384 1383
1532 21 1385 1382
1533 21 1386 1384
1534 21 1388 1387
1535 21 1390 1389
1536 21 1391 1388
1537 21 1392 1390
1538 21 1394 1393
1539 21 1395 1394
1540 21 1375 1396
1541 21 1377 1397
1542 21 1381 1398
1543 21 1383 1399
1544 21 1387 1400
1545 21 1389 1401
1546 21 1393 1402
1547 21 1404 1403
1548 21 1407 1406
1549 21 1408 1252
1550 21 1410 1409
1551 21 1412 1411
1552 21 1413 1403
1553 21 1415 1406
1554 21 1416 1252
1555 21 1418 1417
1556 21 1419 1258
1557 21 1421 1420
1558 21 1423 1422
1559 21 1425 1424
1560 21 1428 1427
1561 21 1429 1262
1562 21 1431 1430
1563 21 1432 1270
1564 21 1434 1433
1565 21 1436 1435
1566 21 1438 1437
1567 21 1440 1439
1568 21 B 1274
1569 21 1442 1441
1570 22 1444 1443
1571 22 1446 1445
1572 22 1443 1447
1573 22 1445 1448
1574 22 1449 1444
1575 22 1450 1446
1576 22 1452 1451
1577 22 1451 1453
1578 22 1454 1452
1579 22 1447 1455
1580 22 1448 1456
1581 22 1453 1457
1582 22 1459 1458
1583 22 1458 1460
1584 22 1461 1459
1585 22 1460 1462
1586 22 1455 1463
1587 22 1456 1464
1588 22 1457 1465
1589 22 1462 1466
1590 22 1468 1467
1591 22 1467 1469
1592 22 1470 1468
1593 22 1469 1471
1594 22 1471 1472
1595 22 1463 1473
1596 22 1464 1474
1597 22 1465 1475
1598 22 1466 1476
1599 22 1472 1477
1600 22 1317 1478
1601 22 1316 1479
1602 22 1106 1480
1603 22 1318 1481
1604 22 1319 1482
1605 22 1320 1483
1606 22 1485 1484
1607 22 1484 1486
1608 22 1487 1485
1609 22 1486 1488
1610 22 1488 1489
1611 22 1489 1490
1612 22 1492 1491
1613 22 1494 1493
1614 22 1496 1495
1615 22 1498 1497
1616 22 1500 1499
1617 22 1502 1501
1618 22 1504 1503
1619 22 1506 1505
1620 22 1508 1507
1621 22 1510 1509
1622 22 1512 1511
1623 22 1514 1513
1624 22 1516 1515
1625 22 1518 1517
1626 22 1520 1519
1627 22 B 1521
1628 22 B 1522
1629 22 B 1523
1630 22 B 1524
1631 22 B 1525
1632 22 1527 1526
1633 22 1529 1528
1634 22 1531 1530
1635 22 1533 1532
1636 22 1535 1534
1637 22 1537 1536
1638 22 B 1538
1639 22 B 1539
1640 22 1541 1540
1641 22 1543 1542
1642 22 1545 1544
1643 22 B 1546
1644 22 1405 1547
1645 22 1549 1548
1646 22 1551 1550
1647 22 1414 1552
1648 22 1554 1553
1649 22 1556 1555
1650 22 1558 1557
1651 22 1426 1559
1652 22 1561 1560
1653 22 1563 1562
1654 22 1565 1564
1655 22 B 1566
1656 22 1568 1567
1657 22 B 1569
1658 23 1571 1570
1659 23 1573 1572
1660 23 1575 1574
1661 23 1576 1571
1662 23 1577 1573
1663 23 1578 1575
1664 23 1580 1579
1665 23 1581 1580
1666 23 1582 1576
1667 23 1583 1577
1668 23 1584 1578
1669 23 1585 1581
1670 23 1587 1586
1671 23 1588 1587
1672 23 1589 1588
1673 23 1590 1582
1674 23 1591 1583
1675 23 1592 1584
1676 23 1593 1585
1677 23 1594 1589
1678 23 1596 1595
1679 23 1597 1596
1680 23 1598 1597
1681 23 1599 1598
1682 23 B 1600
1683 23 1601 1573
1684 23 B 1602
1685 23 1600 1570
1686 23 B 1601
1687 23 1603 1581
1688 23 B 1603
1689 23 1604 1589
1690 23 B 1604
1691 23 1605 1599
1692 23 1606 1590
1693 23 1607 1591
1694 23 1608 1592
1695 23 1609 1593
1696 23 1610 1594
1697 23 1611 1599
1698 23 1613 1612
1699 23 1615 1614
1700 23 1616 1613
1701 23 1617 1612
1702 23 1618 1615
1703 23 1619 1614
1704 23 1621 1620
1705 23 1622 1621
1706 23 1623 1620
1707 23 1624 1616
1708 23 1625 1618
1709 23 1626 1622
1710 23 1628 1627
1711 23 1629 1628
1712 23 1630 1627
1713 23 1631 1629
1714 23 1632 1624
1715 23 1633 1616
1716 23 1634 1625
1717 23 1635 1618
1718 23 1616 1617
1719 23 1618 1619
1720 23 1636 1626
1721 23 1637 1622
1722 23 1622 1623
1723 23 1638 1631
1724 23 1639 1629
1725 23 1629 1630
1726 23 1640 1632
1727 23 1641 1634
1728 23 1642 1636
1729 23 1643 1638
1730 23 B 1605
1731 23 1644 1640
1732 23 1645 1599
1733 23 1646 1632
1734 23 B 1647
1735 23 B 1594
1736 23 1648 1589
1737 23 B 1648
1738 23 B 1649
1739 23 B 1589
1740 23 1632 1633
1741 23 1650 1634
1742 23 1634 1635
1743 23 1647 1625
1744 23 1649 1581
1745 23 B 1651
1746 23 B 1585
1747 23 B 1652
1748 23 B 1581
1749 23 B 1577
1750 23 1652 1573
1751 23 B 1653
1752 23 B 1573
1753 23 1654 1636
1754 23 1636 1637
1755 23 1651 1621
1756 23 1653 1570
1757 23 B 1655
1758 23 B 1571
1759 23 B 1656
1760 23 B 1570
1761 23 B 1574
1762 23 1657 1638
1763 23 1638 1639
1764 24 1659 1658
1765 24 1572 1570
1766 24 1658 1660
1767 24 1570 1574
1768 24 1662 1661
1769 24 1661 1663
1770 24 1664 1659
1771 24 1579 1572
1772 24 1665 1662
1773 24 1667 1666
1774 24 1666 1668
1775 24 1669 1667
1776 24 1670 1664
1777 24 1586 1579
1778 24 1671 1665
1779 24 1672 1669
1780 24 1674 1673
1781 24 1673 1675
1782 24 1676 1674
1783 24 1677 1676
1784 24 1678 1670
1785 24 1595 1586
1786 24 1679 1671
1787 24 1680 1672
1788 24 1681 1677
1789 24 1683 1682
1790 24 1685 1684
1791 24 1687 1686
1792 24 1689 1688
1793 24 1691 1690
1794 24 1693 1692
1795 24 1692 1694
1796 24 1695 1693
1797 24 1696 1695
1798 24 1697 1696
1799 24 1698 1678
1800 24 1612 1595
1801 24 B 1699
1802 24 B 1614
1803 24 1700 1679
1804 24 1701 1678
1805 24 B 1702
1806 24 B 1703
1807 24 1699 1664
1808 24 1614 1579
1809 24 B 1704
1810 24 B 1620
1811 24 1702 1665
1812 24 1703 1664
1813 24 B 1705
1814 24 B 1706
1815 24 1707 1680
1816 24 B 1708
1817 24 1708 1669
1818 24 B 1709
1819 24 1704 1658
1820 24 1620 1570
1821 24 B 1710
1822 24 B 1627
1823 24 1705 1661
1824 24 1706 1658
1825 24 B 1711
1826 24 B 1712
1827 24 1709 1666
1828 24 B 1713
1829 24 1714 1681
1830 24 1715 1680
1831 24 B 1716
1832 24 B 1717
1833 24 1718 1679
1834 24 B 1719
1835 24 1716 1676
1836 24 1717 1669
1837 24 B 1720
1838 24 B 1721
1839 24 1719 1665
1840 24 B 1722
1841 24 1720 1673
1842 24 1721 1666
1843 24 B 1723
1844 24 B 1724
1845 24 1722 1661
1846 24 B 1725
1847 24 1726 1697
1848 24 B 1727
1849 24 1727 1695
1850 24 B 1728
1851 24 1728 1692
1852 24 B 1729
1853 24 1731 1730
1854 24 1733 1732
1855 24 B 1734
1856 24 1732 1735
1857 24 1681 1736
1858 24 1739 1738
1859 24 1733 1697
1860 24 1740 1681
1861 24 B 1741
1862 24 B 1742
1863 24 1743 1688
1864 24 1717 1744
1865 24 B 1745
1866 24 1736 1746
1867 24 1672 1744
1868 24 1748 1747
1869 24 1744 1749
1870 24 1665 1750
1871 24 1752 1751
1872 24 1741 1695
1873 24 1742 1676
1874 24 B 1753
1875 24 B 1754
1876 24 1755 1682
1877 24 1706 1756
1878 24 B 1757
1879 24 1750 1758
1880 24 1659 1756
1881 24 1760 1759
1882 24 1756 1761
1883 24 1570 1656
1884 24 1753 1692
1885 24 1754 1673
1886 24 B 1762
1887 24 B 1763
1888 25 1765 1764
1889 25 1767 1766
1890 25 1764 1768
1891 25 1766 1769
1892 25 1771 1770
1893 25 1770 1772
1894 25 1574 1660
1895 25 1660 1663
1896 25 1768 1773
1897 25 1769 1774
1898 25 1772 1775
1899 25 1663 1668
1900 25 1777 1776
1901 25 1776 1778
1902 25 1778 1779
1903 25 1773 1780
1904 25 1774 1781
1905 25 1775 1782
1906 25 1668 1675
1907 25 1779 1783
1908 25 1785 1784
1909 25 1784 1786
1910 25 1786 1787
1911 25 1787 1788
1912 25 1764 1789
1913 25 1772 1791
1914 25 1767 1790
1915 25 1779 1792
1916 25 1788 1793
1917 25 1780 1794
1918 25 1781 1795
1919 25 1782 1796
1920 25 1675 1694
1921 25 1783 1797
1922 25 1788 1798
1923 25 1800 1799
1924 25 1802 1801
1925 25 1804 1803
1926 25 1806 1805
1927 25 1800 1804
1928 25 1802 1806
1929 25 1808 1807
1930 25 1810 1809
1931 25 1812 1811
1932 25 1814 1813
1933 25 1808 1812
1934 25 1810 1814
1935 25 1803 1815
1936 25 1805 1816
1937 25 1811 1817
1938 25 1813 1818
1939 25 1820 1819
1940 25 1822 1821
1941 25 1824 1823
1942 25 1826 1825
1943 25 1820 1824
1944 25 1822 1826
1945 25 1823 1827
1946 25 1825 1828
1947 25 1830 1829
1948 25 1832 1831
1949 25 1833 1830
1950 25 1834 1832
1951 25 1836 1835
1952 25 1838 1837
1953 25 1839 1836
1954 25 1840 1838
1955 25 1842 1841
1956 25 1844 1843
1957 25 1845 1842
1958 25 1846 1844
1959 25 1829 1847
1960 25 1831 1848
1961 25 1835 1849
1962 25 1837 1850
1963 25 1841 1851
1964 25 1843 1852
1965 25 1854 1853
1966 25 1857 1856
1967 25 1858 1737
1968 25 1860 1859
1969 25 1862 1861
1970 25 1864 1863
1971 25 1867 1866
1972 25 1868 1738
1973 25 1870 1869
1974 25 1871 1747
1975 25 1873 1872
1976 25 1875 1874
1977 25 1877 1876
1978 25 1880 1879
1979 25 1881 1751
1980 25 1883 1882
1981 25 B 1759
1982 25 1885 1884
1983 25 1887 1886
1984 26 1889 1888
1985 26 1891 1890
1986 26 1888 1892
1987 26 1890 1893
1988 26 1894 1889
1989 26 1895 1891
1990 26 1897 1896
1991 26 1896 1898
1992 26 1899 1897
1993 26 1892 1900
1994 26 1893 1901
1995 26 1898 1902
1996 26 1904 1903
1997 26 1903 1905
1998 26 1906 1904
1999 26 1905 1907
2000 26 1900 1908
2001 26 1901 1909
2002 26 1902 1910
2003 26 1907 1911
2004 26 1790 1912
2005 26 1789 1913
2006 26 1602 1914
2007 26 1791 1915
2008 26 1792 1916
2009 26 1918 1917
2010 26 1917 1919
2011 26 1920 1918
2012 26 1919 1921
2013 26 1921 1922
2014 26 1924 1923
2015 26 1926 1925
2016 26 1928 1927
2017 26 1930 1929
2018 26 1932 1931
2019 26 1934 1933
2020 26 1936 1935
2021 26 1938 1937
2022 26 1940 1939
2023 26 1942 1941
2024 26 1944 1943
2025 26 1946 1945
2026 26 1948 1947
2027 26 1950 1949
2028 26 1952 1951
2029 26 1954 1953
2030 26 1956 1955
2031 26 1958 1957
2032 26 1960 1959
2033 26 1962 1961
2034 26 1964 1963
2035 26 1855 1965
2036 26 1967 1966
2037 26 1969 1968
2038 26 1865 1970
2039 26 1972 1971
2040 26 1974 1973
2041 26 1976 1975
2042 26 1878 1977
2043 26 1979 1978
2044 26 1981 1980
2045 26 1983 1982
2046 27 1985 1984
2047 27 1987 1986
2048 27 1989 1988
2049 27 1990 1985
2050 27 1991 1987
2051 27 1992 1989
2052 27 1994 1993
2053 27 1995 1994
2054 27 1996 1990
2055 27 1997 1991
2056 27 1998 1992
2057 27 1999 1995
2058 27 2001 2000
2059 27 2002 2001
2060 27 2003 2002
2061 27 B 2004
2062 27 2005 1987
2063 27 B 2006
2064 27 2004 1984
2065 27 B 2005
2066 27 2007 1995
2067 27 B 2007
2068 27 2008 2003
2069 27 2009 1996
2070 27 2010 1997
2071 27 2011 1998
2072 27 2012 1999
2073 27 2013 2003
2074 27 2015 2014
2075 27 2018 2017
2076 27 2020 2015
2077 27 2021 2018
2078 27 2023 2022
2079 27 2025 2023
2080 27 2026 2020
2081 27 2027 2015
2082 27 2028 2021
2083 27 2029 2018
2084 27 2015 2016
2085 27 2018 2019
2086 27 2030 2025
2087 27 2031 2023
2088 27 2023 2024
2089 27 2032 2026
2090 27 2033 2028
2091 27 2034 2030
2092 27 B 2008
2093 27 2035 2032
2094 27 2036 2003
2095 27 2037 2026
2096 27 B 2038
2097 27 B 1999
2098 27 2039 1995
2099 27 B 2039
2100 27 B 2040
2101 27 B 1995
2102 27 2026 2027
2103 27 2041 2028
2104 27 2028 2029
2105 27 2038 2021
2106 27 2040 1987
2107 27 B 2042
2108 27 B 1991
2109 27 B 2043
2110 27 B 1987
2111 27 B 1985
2112 27 2043 1984
2113 27 B 2044
2114 27 B 1984
2115 27 2045 2030
2116 27 2030 2031
2117 27 2042 2022
2118 27 B 1988
2119 28 2047 2046
2120 28 1986 1984
2121 28 2046 2048
2122 28 1984 1988
2123 28 2050 2049
2124 28 2049 2051
2125 28 2052 2047
2126 28 1993 1986
2127 28 2053 2050
2128 28 2055 2054
2129 28 2054 2056
2130 28 2057 2055
2131 28 2058 2052
2132 28 2000 1993
2133 28 2059 2053
2134 28 2060 2057
2135 28 2062 2061
2136 28 2064 2063
2137 28 2066 2065
2138 28 2068 2067
2139 28 2070 2069
2140 28 2069 2071
2141 28 2072 2070
2142 28 2073 2072
2143 28 2074 2058
2144 28 2016 2000
2145 28 B 2075
2146 28 B 2019
2147 28 2076 2059
2148 28 B 2077
2149 28 2075 2047
2150 28 2019 1986
2151 28 B 2078
2152 28 B 2024
2153 28 2077 2050
2154 28 B 2079
2155 28 2080 2060
2156 28 2081 2059
2157 28 B 2082
2158 28 B 2083
2159 28 2084 2058
2160 28 B 2085
2161 28 2082 2055
2162 28 2083 2050
2163 28 B 2086
2164 28 B 2087
2165 28 2085 2047
2166 28 B 2088
2167 28 2078 2048
2168 28 2024 1988
2169 28 2079 2051
2170 28 2086 2056
2171 28 2087 2051
2172 28 2088 2048
2173 28 2089 2073
2174 28 B 2090
2175 28 2090 2070
2176 28 B 2091
2177 28 2091 2071
2178 28 2093 2092
2179 28 2095 2094
2180 28 B 2096
2181 28 2094 2097
2182 28 2060 2098
2183 28 2101 2100
2184 28 2095 2073
2185 28 2102 2060
2186 28 B 2103
2187 28 B 2104
2188 28 2105 2065
2189 28 2083 2106
2190 28 B 2107
2191 28 2098 2108
2192 28 2053 2106
2193 28 2110 2109
2194 28 2106 2111
2195 28 2047 2112
2196 28 2114 2113
2197 28 2103 2070
2198 28 2104 2055
2199 28 B 2115
2200 28 B 2116
2201 28 2117 2063
2202 28 2024 2044
2203 28 2112 2118
2204 28 1984 2044
2205 28 2115 2071
2206 28 2116 2056
2207 29 2120 2119
2208 29 2122 2121
2209 29 2119 2123
2210 29 2121 2124
2211 29 2126 2125
2212 29 2125 2127
2213 29 1988 2048
2214 29 2048 2051
2215 29 2123 2128
2216 29 2124 2129
2217 29 2127 2130
2218 29 2051 2056
2219 29 2132 2131
2220 29 2131 2133
2221 29 2133 2134
2222 29 2119 2135
2223 29 2127 2137
2224 29 2122 2136
2225 29 2134 2138
2226 29 2128 2139
2227 29 2129 2140
2228 29 2130 2141
2229 29 2056 2071
2230 29 2134 2142
2231 29 2144 2143
2232 29 2146 2145
2233 29 2143 2147
2234 29 2145 2148
2235 29 2150 2149
2236 29 2152 2151
2237 29 2149 2153
2238 29 2151 2154
2239 29 2156 2155
2240 29 2158 2157
2241 29 2159 2156
2242 29 2160 2158
2243 29 2162 2161
2244 29 2164 2163
2245 29 2165 2162
2246 29 2166 2164
2247 29 2168 2167
2248 29 2167 2169
2249 29 2171 2170
2250 29 2172 2171
2251 29 2155 2173
2252 29 2157 2174
2253 29 2161 2175
2254 29 2163 2176
2255 29 2170 2177
2256 29 2179 2178
2257 29 2182 2181
2258 29 2183 2099
2259 29 2185 2184
2260 29 2187 2186
2261 29 2189 2188
2262 29 2192 2191
2263 29 2193 2100
2264 29 2195 2194
2265 29 2196 2109
2266 29 2198 2197
2267 29 2200 2199
2268 29 2202 2201
2269 29 2204 2203
2270 29 B 2113
2271 29 2206 2205
2272 30 2208 2207
2273 30 2210 2209
2274 30 2207 2211
2275 30 2209 2212
2276 30 2213 2208
2277 30 2214 2210
2278 30 2216 2215
2279 30 2215 2217
2280 30 2218 2216
2281 30 2211 2219
2282 30 2212 2220
2283 30 2217 2221
2284 30 2136 2222
2285 30 2135 2223
2286 30 2006 2224
2287 30 2137 2225
2288 30 2227 2226
2289 30 2226 2228
2290 30 2229 2227
2291 30 2228 2230
2292 30 2232 2231
2293 30 2234 2233
2294 30 2236 2235
2295 30 2238 2237
2296 30 2240 2239
2297 30 2242 2241
2298 30 2244 2243
2299 30 2246 2245
2300 30 B 2247
2301 30 B 2248
2302 30 B 2249
2303 30 B 2250
2304 30 2252 2251
2305 30 2254 2253
2306 30 B 2255
2307 30 2180 2256
2308 30 2258 2257
2309 30 2260 2259
2310 30 2190 2261
2311 30 2263 2262
2312 30 2265 2264
2313 30 2267 2266
2314 30 B 2268
2315 30 2270 2269
2316 30 B 2271
2317 31 2273 2272
2318 31 2275 2274
2319 31 2277 2276
2320 31 2278 2273
2321 31 2279 2275
2322 31 2280 2277
2323 31 2282 2281
2324 31 2283 2282
2325 31 B 2284
2326 31 2285 2275
2327 31 B 2286
2328 31 2284 2272
2329 31 B 2285
2330 31 2287 2283
2331 31 2288 2278
2332 31 2289 2279
2333 31 2290 2280
2334 31 2291 2283
2335 31 2293 2292
2336 31 2295 2294
2337 31 2296 2293
2338 31 2297 2292
2339 31 2298 2295
2340 31 2299 2294
2341 31 2301 2300
2342 31 2302 2301
2343 31 2303 2300
2344 31 2304 2296
2345 31 2305 2298
2346 31 2306 2302
2347 31 B 2287
2348 31 2307 2304
2349 31 2308 2283
2350 31 2309 2296
2351 31 B 2310
2352 31 B 2279
2353 31 2311 2275
2354 31 B 2311
2355 31 B 2312
2356 31 B 2275
2357 31 2296 2297
2358 31 2313 2298
2359 31 2298 2299
2360 31 2310 2295
2361 31 2312 2272
2362 31 B 2314
2363 31 B 2273
2364 31 B 2315
2365 31 B 2272
2366 31 B 2276
2367 31 2316 2302
2368 31 2302 2303
2369 32 2318 2317
2370 32 2274 2272
2371 32 2317 2319
2372 32 2272 2276
2373 32 2321 2320
2374 32 2320 2322
2375 32 2323 2318
2376 32 2281 2274
2377 32 2324 2321
2378 32 2326 2325
2379 32 2328 2327
2380 32 2330 2329
2381 32 2332 2331
2382 32 2331 2333
2383 32 2334 2332
2384 32 2335 2323
2385 32 2292 2281
2386 32 B 2336
2387 32 B 2294
2388 32 2337 2324
2389 32 2338 2323
2390 32 B 2339
2391 32 B 2340
2392 32 2336 2317
2393 32 2294 2272
2394 32 B 2341
2395 32 B 2300
2396 32 2339 2320
2397 32 2340 2317
2398 32 B 2342
2399 32 B 2343
2400 32 2344 2334
2401 32 B 2345
2402 32 2345 2331
2403 32 B 2346
2404 32 2348 2347
2405 32 2350 2349
2406 32 B 2351
2407 32 2349 2352
2408 32 2324 2353
2409 32 2356 2355
2410 32 2350 2334
2411 32 2357 2324
2412 32 B 2358
2413 32 B 2359
2414 32 2360 2325
2415 32 2340 2361
2416 32 B 2362
2417 32 2353 2363
2418 32 2318 2361
2419 32 2365 2364
2420 32 2361 2366
2421 32 2272 2315
2422 32 2358 2331
2423 32 2359 2320
2424 32 B 2367
2425 32 B 2368
2426 33 2370 2369
2427 33 2372 2371
2428 33 2369 2373
2429 33 2371 2374
2430 33 2376 2375
2431 33 2375 2377
2432 33 2276 2319
2433 33 2319 2322
2434 33 2369 2378
2435 33 2377 2380
2436 33 2372 2379
2437 33 2373 2381
2438 33 2374 2382
2439 33 2377 2383
2440 33 2322 2333
2441 33 2385 2384
2442 33 2387 2386
2443 33 2389 2388
2444 33 2391 2390
2445 33 2385 2389
2446 33 2387 2391
2447 33 2393 2392
2448 33 2395 2394
2449 33 2397 2396
2450 33 2399 2398
2451 33 2393 2397
2452 33 2395 2399
2453 33 2388 2400
2454 33 2390 2401
2455 33 2396 2402
2456 33 2398 2403
2457 33 2405 2404
2458 33 2408 2407
2459 33 2409 2354
2460 33 2411 2410
2461 33 2413 2412
2462 33 2415 2414
2463 33 2418 2417
2464 33 2419 2355
2465 33 2421 2420
2466 33 B 2364
2467 33 2423 2422
2468 33 2425 2424
2469 34 2427 2426
2470 34 2429 2428
2471 34 2426 2430
2472 34 2428 2431
2473 34 2432 2427
2474 34 2433 2429
2475 34 2379 2434
2476 34 2378 2435
2477 34 2286 2436
2478 34 2438 2437
2479 34 2437 2439
2480 34 2440 2438
2481 34 2442 2441
2482 34 2444 2443
2483 34 2446 2445
2484 34 2448 2447
2485 34 2450 2449
2486 34 2452 2451
2487 34 2454 2453
2488 34 2456 2455
2489 34 2406 2457
2490 34 2459 2458
2491 34 2461 2460
2492 34 2416 2462
2493 34 2464 2463
2494 34 2466 2465
2495 34 2468 2467
2496 35 2470 2469
2497 35 2472 2471
2498 35 2474 2473
2499 35 B 2475
2500 35 2476 2472
2501 35 B 2477
2502 35 2475 2469
2503 35 2478 2470
2504 35 2479 2472
2505 35 2480 2474
2506 35 2482 2481
2507 35 2485 2484
2508 35 2487 2482
2509 35 2488 2485
2510 35 B 2476
2511 35 2489 2487
2512 35 2490 2472
2513 35 2491 2482
2514 35 B 2492
2515 35 B 2470
2516 35 2493 2469
2517 35 B 2493
2518 35 B 2494
2519 35 B 2469
2520 35 2482 2483
2521 35 2495 2485
2522 35 2485 2486
2523 35 2492 2484
2524 35 B 2473
2525 36 2497 2496
2526 36 2471 2469
2527 36 2496 2498
2528 36 2469 2473
2529 36 2500 2499
2530 36 2502 2501
2531 36 2504 2503
2532 36 2503 2505
2533 36 2506 2497
2534 36 2483 2471
2535 36 B 2507
2536 36 B 2486
2537 36 2508 2504
2538 36 B 2509
2539 36 2507 2498
2540 36 2486 2473
2541 36 2509 2505
2542 36 2511 2510
2543 36 2513 2512
2544 36 B 2514
2545 36 2512 2515
2546 36 2497 2516
2547 36 2519 2518
2548 36 2513 2504
2549 36 2520 2497
2550 36 B 2521
2551 36 B 2522
2552 36 2523 2501
2553 36 2486 2494
2554 36 2516 2524
2555 36 2469 2494
2556 36 2521 2505
2557 36 2522 2498
2558 37 2526 2525
2559 37 2528 2527
2560 37 2525 2529
2561 37 2473 2498
2562 37 2528 2530
2563 37 2525 2531
2564 37 2527 2532
2565 37 2534 2533
2566 37 2536 2535
2567 37 2533 2537
2568 37 2535 2538
2569 37 2540 2539
2570 37 2539 2541
2571 37 2543 2542
2572 37 2546 2545
2573 37 2547 2517
2574 37 2549 2548
2575 37 2551 2550
2576 37 2553 2552
2577 37 2555 2554
2578 37 B 2518
2579 37 2557 2556
2580 38 2559 2558
2581 38 2530 2560
2582 38 2561 2559
2583 38 2477 2562
2584 38 2564 2563
2585 38 2566 2565
2586 38 2568 2567
2587 38 B 2569
2588 38 B 2570
2589 38 2544 2571
2590 38 2573 2572
2591 38 2575 2574
2592 38 B 2576
2593 38 2578 2577
2594 38 B 2579
2595 39 B 2583
2596 39 2581 2580
2597 39 2584 2580
2598 39 2586 2585
2599 39 2588 2587
2600 39 B 2581
2601 39 2589 2586
2602 39 2590 2580
2603 39 2591 2585
2604 39 B 2592
2605 39 B 2582
2606 39 B 2593
2607 39 2594 2587
2608 40 2596 2595
2609 40 2580 2582
2610 40 2598 2597
2611 40 2585 2580
2612 40 B 2599
2613 40 B 2587
2614 40 2601 2600
2615 40 2603 2602
2616 40 B 2604
2617 40 2602 2605
2618 40 2580 2593
2619 40 2603 2597
2620 40 B 2607
2621 41 2609 2608
2622 41 2611 2610
2623 41 2613 2612
2624 41 2615 2614
2625 41 2618 2617
2626 41 B 2606
2627 41 2611 2619
2628 41 2613 2620
2629 42 2583 2621
2630 42 2623 2622
2631 42 2616 2624
2632 42 2626 2625
2633 42 2628 2627
2634 43 B 2629
2635 43 2631 2630
2636 44 2635 2634
2637 44 2633 2632
2638 45 2637 2636
2639 46 B 2638
2640 49 B 2639
2641 50 B 2640