1 1 B T
2 2 T 1
3 2 B T
4 2 B 1
5 3 2 1
6 3 3 2
7 3 B 3
8 3 B 2
9 3 4 1
10 3 3 4
11 3 B 4
12 3 B 1
13 4 1 5
14 4 B 1
15 4 5 6
16 4 1 2
17 4 6 7
18 4 5 8
19 4 B 9
20 4 B 10
21 4 9 6
22 4 B 5
23 4 B 7
24 4 B 11
25 4 B 4
26 4 10 7
27 4 11 7
28 4 4 6
29 4 9 8
30 4 1 9
31 4 12 11
32 4 1 4
33 5 14 13
34 5 16 15
35 5 13 15
36 5 15 17
37 5 B 14
38 5 2 6
39 5 6 7
40 5 17 7
41 5 13 18
42 5 16 18
43 5 B 19
44 5 19 20
45 5 22 21
46 5 24 23
47 5 14 22
48 5 25 24
49 5 25 20
50 5 21 26
51 5 27 7
52 5 28 27
53 5 19 29
54 5 30 29
55 5 31 11
56 5 32 29
57 5 B 11
58 6 34 33
59 6 36 35
60 6 33 37
61 6 35 33
62 6 38 34
63 6 39 36
64 6 40 36
65 6 7 40
66 6 B 7
67 6 18 41
68 6 2 42
69 6 43 37
70 6 44 33
71 6 46 45
72 6 48 47
73 6 49 33
74 6 23 50
75 6 B 51
76 6 B 52
77 6 24 53
78 6 55 54
79 6 57 56
80 7 59 58
81 7 61 60
82 7 63 62
83 7 64 59
84 7 59 61
85 7 65 63
86 7 60 37
87 7 65 64
88 7 66 65
89 7 B 66
90 7 B 67
91 7 67 61
92 7 B 68
93 7 67 58
94 7 69 37
95 7 70 69
96 7 71 70
97 7 72 69
98 7 71 73
99 7 74 71
100 7 75 74
101 7 76 71
102 7 71 72
103 7 66 75
104 7 B 75
105 7 75 76
106 7 77 70
107 7 78 61
108 7 B 77
109 7 B 59
110 7 B 78
111 7 B 61
112 7 78 58
113 7 B 79
114 7 B 58
115 7 77 73
116 7 B 62
117 8 81 80
118 8 60 58
119 8 80 82
120 8 58 62
121 8 84 83
122 8 83 85
123 8 86 81
124 8 37 60
125 8 81 84
126 8 83 87
127 8 87 88
128 8 37 86
129 8 B 37
130 8 88 89
131 8 91 90
132 8 93 92
133 8 B 94
134 8 B 95
135 8 94 81
136 8 B 86
137 8 B 96
138 8 B 97
139 8 B 69
140 8 B 60
141 8 B 98
142 8 B 72
143 8 95 84
144 8 B 99
145 8 96 83
146 8 97 84
147 8 B 100
148 8 B 101
149 8 69 81
150 8 B 102
151 8 99 87
152 8 B 103
153 8 98 82
154 8 72 62
155 8 99 85
156 8 100 88
157 8 101 85
158 8 102 82
159 8 103 89
160 8 101 87
161 8 B 89
162 8 B 104
163 8 102 83
164 8 B 105
165 8 104 89
166 8 105 88
167 8 106 90
168 8 97 107
169 8 B 108
170 8 107 109
171 8 81 107
172 8 111 110
173 8 81 112
174 8 114 113
175 8 115 92
176 8 72 79
177 8 112 116
178 8 58 79
179 9 118 117
180 9 120 119
181 9 117 121
182 9 119 122
183 9 124 123
184 9 123 125
185 9 62 82
186 9 82 85
187 9 121 126
188 9 122 127
189 9 125 121
190 9 85 88
191 9 129 128
192 9 128 123
193 9 126 127
194 9 127 130
195 9 88 89
196 9 B 129
197 9 130 89
198 9 117 131
199 9 125 131
200 9 120 132
201 9 B 133
202 9 133 134
203 9 136 135
204 9 138 137
205 9 129 136
206 9 139 138
207 9 140 135
208 9 142 141
209 9 135 143
210 9 141 144
211 9 146 145
212 9 148 147
213 9 149 146
214 9 150 148
215 9 137 144
216 9 145 151
217 9 147 152
218 9 154 153
219 9 153 155
220 9 157 156
221 9 158 157
222 9 156 159
223 9 160 156
224 9 162 161
225 9 163 160
226 9 164 162
227 9 165 89
228 9 166 165
229 9 168 167
230 9 171 170
231 9 172 110
232 9 173 170
233 9 174 110
234 9 176 175
235 9 178 177
236 9 B 113
237 10 180 179
238 10 182 181
239 10 179 183
240 10 181 184
241 10 185 180
242 10 186 182
243 10 188 187
244 10 187 189
245 10 190 188
246 10 183 191
247 10 184 192
248 10 189 184
249 10 194 193
250 10 193 187
251 10 195 194
252 10 191 196
253 10 192 191
254 10 197 194
255 10 89 197
256 10 132 198
257 10 131 199
258 10 68 200
259 10 B 89
260 10 201 196
261 10 202 191
262 10 204 203
263 10 206 205
264 10 208 207
265 10 210 209
266 10 212 211
267 10 214 213
268 10 215 209
269 10 217 216
270 10 B 218
271 10 B 219
272 10 B 220
273 10 B 221
274 10 B 222
275 10 224 223
276 10 226 225
277 10 B 227
278 10 B 228
279 10 161 222
280 10 169 229
281 10 231 230
282 10 233 232
283 10 B 234
284 10 236 235
285 11 238 237
286 11 240 239
287 11 242 241
288 11 243 238
289 11 244 240
290 11 245 242
291 11 247 246
292 11 248 247
293 11 249 243
294 11 250 244
295 11 251 245
296 11 244 248
297 11 253 252
298 11 247 253
299 11 254 249
300 11 249 250
301 11 255 251
302 11 252 196
303 11 B 256
304 11 257 240
305 11 B 258
306 11 256 237
307 11 B 257
308 11 257 248
309 11 255 254
310 11 259 255
311 11 261 260
312 11 260 196
313 11 262 261
314 11 263 260
315 11 265 264
316 11 266 265
317 11 267 264
318 11 268 262
319 11 269 266
320 11 271 270
321 11 272 271
322 11 273 270
323 11 274 272
324 11 266 268
325 11 267 262
326 11 262 263
327 11 275 269
328 11 276 266
329 11 266 267
330 11 277 274
331 11 278 272
332 11 272 273
333 11 279 275
334 11 259 277
335 11 280 268
336 11 281 248
337 11 B 280
338 11 B 244
339 11 B 281
340 11 B 248
341 11 281 240
342 11 B 282
343 11 B 240
344 11 278 275
345 11 275 276
346 11 280 265
347 11 282 237
348 11 B 283
349 11 B 238
350 11 B 284
351 11 B 237
352 11 B 241
353 11 B 277
354 11 277 278
355 12 286 285
356 12 239 237
357 12 285 287
358 12 237 241
359 12 289 288
360 12 288 290
361 12 291 286
362 12 246 239
363 12 292 289
364 12 294 293
365 12 293 295
366 12 296 294
367 12 297 291
368 12 252 246
369 12 298 292
370 12 292 296
371 12 300 299
372 12 299 301
373 12 294 300
374 12 302 297
375 12 196 252
376 12 297 298
377 12 304 303
378 12 306 305
379 12 308 307
380 12 299 309
381 12 309 310
382 12 196 302
383 12 B 196
384 12 B 311
385 12 B 260
386 12 312 297
387 12 B 302
388 12 B 313
389 12 B 314
390 12 311 291
391 12 260 246
392 12 B 315
393 12 B 264
394 12 313 292
395 12 314 291
396 12 B 316
397 12 B 317
398 12 311 298
399 12 B 318
400 12 318 296
401 12 B 319
402 12 315 285
403 12 264 237
404 12 B 320
405 12 B 270
406 12 316 288
407 12 317 285
408 12 B 321
409 12 B 322
410 12 319 293
411 12 B 323
412 12 314 298
413 12 B 324
414 12 B 325
415 12 260 297
416 12 B 326
417 12 324 294
418 12 325 296
419 12 B 327
420 12 B 328
421 12 326 292
422 12 B 329
423 12 327 299
424 12 328 293
425 12 B 330
426 12 B 331
427 12 329 288
428 12 B 332
429 12 319 300
430 12 B 333
431 12 333 309
432 12 B 334
433 12 335 307
434 12 325 336
435 12 B 337
436 12 336 338
437 12 292 336
438 12 340 339
439 12 292 341
440 12 343 342
441 12 328 300
442 12 329 294
443 12 B 344
444 12 B 345
445 12 346 303
446 12 317 347
447 12 B 348
448 12 341 349
449 12 286 347
450 12 351 350
451 12 347 352
452 12 237 284
453 12 344 309
454 12 345 299
455 12 B 353
456 12 B 354
457 13 356 355
458 13 358 357
459 13 355 359
460 13 357 360
461 13 362 361
462 13 361 363
463 13 241 287
464 13 287 290
465 13 359 364
466 13 360 365
467 13 363 366
468 13 290 295
469 13 368 367
470 13 367 369
471 13 369 370
472 13 364 371
473 13 365 372
474 13 366 373
475 13 295 301
476 13 370 366
477 13 375 374
478 13 374 376
479 13 376 369
480 13 355 377
481 13 363 379
482 13 358 378
483 13 370 379
484 13 371 380
485 13 372 381
486 13 373 371
487 13 301 310
488 13 383 382
489 13 385 384
490 13 387 386
491 13 389 388
492 13 383 387
493 13 385 389
494 13 391 390
495 13 393 392
496 13 395 394
497 13 397 396
498 13 391 395
499 13 393 397
500 13 386 398
501 13 388 399
502 13 394 400
503 13 396 401
504 13 403 402
505 13 405 404
506 13 407 406
507 13 409 408
508 13 403 407
509 13 405 409
510 13 406 410
511 13 408 411
512 13 412 394
513 13 414 413
514 13 415 412
515 13 416 414
516 13 418 417
517 13 420 419
518 13 421 418
519 13 422 420
520 13 424 423
521 13 426 425
522 13 427 424
523 13 428 426
524 13 413 401
525 13 417 429
526 13 419 430
527 13 423 431
528 13 425 432
529 13 434 433
530 13 437 436
531 13 438 339
532 13 439 436
533 13 440 339
534 13 442 441
535 13 444 443
536 13 446 445
537 13 449 448
538 13 450 342
539 13 452 451
540 13 B 350
541 13 454 453
542 13 456 455
543 14 458 457
544 14 460 459
545 14 457 461
546 14 459 462
547 14 463 458
548 14 464 460
549 14 466 465
550 14 465 467
551 14 468 466
552 14 461 469
553 14 462 470
554 14 467 471
555 14 473 472
556 14 472 474
557 14 475 473
558 14 474 476
559 14 469 477
560 14 470 478
561 14 471 479
562 14 476 471
563 14 378 480
564 14 377 481
565 14 258 482
566 14 379 483
567 14 485 484
568 14 484 486
569 14 487 485
570 14 486 474
571 14 489 488
572 14 491 490
573 14 493 492
574 14 495 494
575 14 497 496
576 14 499 498
577 14 501 500
578 14 503 502
579 14 505 504
580 14 507 506
581 14 509 508
582 14 511 510
583 14 513 512
584 14 515 514
585 14 517 516
586 14 519 518
587 14 521 520
588 14 523 522
589 14 524 502
590 14 526 525
591 14 528 527
592 14 435 529
593 14 531 530
594 14 533 532
595 14 535 534
596 14 447 536
597 14 538 537
598 14 540 539
599 14 542 541
600 15 544 543
601 15 546 545
602 15 548 547
603 15 549 544
604 15 550 546
605 15 551 548
606 15 553 552
607 15 554 553
608 15 555 549
609 15 556 550
610 15 557 551
611 15 558 554
612 15 560 559
613 15 561 560
614 15 562 561
615 15 B 563
616 15 564 546
617 15 B 565
618 15 563 543
619 15 B 564
620 15 566 554
621 15 B 566
622 15 566 562
623 15 567 555
624 15 568 556
625 15 569 557
626 15 570 558
627 15 558 562
628 15 572 571
629 15 575 574
630 15 577 572
631 15 578 575
632 15 580 579
633 15 582 580
634 15 583 577
635 15 584 572
636 15 585 578
637 15 586 575
638 15 572 573
639 15 575 576
640 15 587 582
641 15 588 580
642 15 580 581
643 15 589 583
644 15 590 585
645 15 591 587
646 15 592 589
647 15 593 562
648 15 586 583
649 15 B 592
650 15 B 558
651 15 593 554
652 15 B 593
653 15 B 594
654 15 B 554
655 15 583 584
656 15 595 585
657 15 585 586
658 15 592 578
659 15 594 546
660 15 B 596
661 15 B 550
662 15 B 597
663 15 B 546
664 15 B 544
665 15 597 543
666 15 B 598
667 15 B 543
668 15 599 587
669 15 587 588
670 15 596 579
671 15 B 547
672 16 601 600
673 16 545 543
674 16 600 602
675 16 543 547
676 16 604 603
677 16 603 605
678 16 606 601
679 16 552 545
680 16 607 604
681 16 609 608
682 16 608 610
683 16 611 609
684 16 612 606
685 16 559 552
686 16 613 607
687 16 614 611
688 16 616 615
689 16 618 617
690 16 620 619
691 16 622 621
692 16 624 623
693 16 623 625
694 16 626 624
695 16 627 626
696 16 628 612
697 16 573 559
698 16 B 629
699 16 B 576
700 16 630 613
701 16 B 631
702 16 629 601
703 16 576 545
704 16 B 632
705 16 B 581
706 16 631 604
707 16 B 633
708 16 634 614
709 16 635 613
710 16 B 636
711 16 B 637
712 16 638 612
713 16 B 639
714 16 636 609
715 16 637 604
716 16 B 640
717 16 B 641
718 16 639 601
719 16 B 642
720 16 632 602
721 16 581 547
722 16 633 605
723 16 640 610
724 16 641 605
725 16 642 602
726 16 643 627
727 16 B 644
728 16 644 624
729 16 B 645
730 16 645 625
731 16 646 621
732 16 648 647
733 16 B 649
734 16 647 650
735 16 614 651
736 16 654 653
737 16 648 627
738 16 655 614
739 16 B 656
740 16 B 657
741 16 658 619
742 16 637 659
743 16 B 660
744 16 651 661
745 16 607 659
746 16 663 662
747 16 659 664
748 16 601 665
749 16 667 666
750 16 656 624
751 16 657 609
752 16 B 668
753 16 B 669
754 16 670 617
755 16 581 598
756 16 665 671
757 16 543 598
758 16 668 625
759 16 669 610
760 17 673 672
761 17 675 674
762 17 672 676
763 17 674 677
764 17 679 678
765 17 678 680
766 17 547 602
767 17 602 605
768 17 676 681
769 17 677 682
770 17 680 683
771 17 605 610
772 17 685 684
773 17 684 686
774 17 686 687
775 17 672 688
776 17 680 690
777 17 675 689
778 17 687 691
779 17 681 692
780 17 682 693
781 17 683 694
782 17 610 625
783 17 687 695
784 17 697 696
785 17 699 698
786 17 696 700
787 17 698 701
788 17 703 702
789 17 705 704
790 17 702 706
791 17 704 707
792 17 709 708
793 17 711 710
794 17 712 709
795 17 713 711
796 17 715 714
797 17 717 716
798 17 718 715
799 17 719 717
800 17 721 720
801 17 720 722
802 17 724 723
803 17 725 724
804 17 708 726
805 17 710 727
806 17 714 728
807 17 716 729
808 17 723 730
809 17 732 731
810 17 735 734
811 17 736 652
812 17 738 737
813 17 740 739
814 17 742 741
815 17 745 744
816 17 746 653
817 17 748 747
818 17 749 662
819 17 751 750
820 17 753 752
821 17 755 754
822 17 757 756
823 17 B 666
824 17 759 758
825 18 761 760
826 18 763 762
827 18 760 764
828 18 762 765
829 18 766 761
830 18 767 763
831 18 769 768
832 18 768 770
833 18 771 769
834 18 764 772
835 18 765 773
836 18 770 774
837 18 689 775
838 18 688 776
839 18 565 777
840 18 690 778
841 18 780 779
842 18 779 781
843 18 782 780
844 18 781 783
845 18 785 784
846 18 787 786
847 18 789 788
848 18 791 790
849 18 793 792
850 18 795 794
851 18 797 796
852 18 799 798
853 18 B 800
854 18 B 801
855 18 B 802
856 18 B 803
857 18 805 804
858 18 807 806
859 18 B 808
860 18 733 809
861 18 811 810
862 18 813 812
863 18 743 814
864 18 816 815
865 18 818 817
866 18 820 819
867 18 B 821
868 18 823 822
869 18 B 824
870 19 826 825
871 19 828 827
872 19 830 829
873 19 831 826
874 19 832 828
875 19 833 830
876 19 835 834
877 19 836 835
878 19 B 837
879 19 838 828
880 19 B 839
881 19 837 825
882 19 B 838
883 19 840 836
884 19 841 831
885 19 842 832
886 19 843 833
887 19 844 836
888 19 846 845
889 19 848 847
890 19 849 846
891 19 850 845
892 19 851 848
893 19 852 847
894 19 854 853
895 19 855 854
896 19 856 853
897 19 857 849
898 19 858 851
899 19 859 855
900 19 B 840
901 19 860 857
902 19 861 836
903 19 862 849
904 19 B 863
905 19 B 832
906 19 864 828
907 19 B 864
908 19 B 865
909 19 B 828
910 19 849 850
911 19 866 851
912 19 851 852
913 19 863 848
914 19 865 825
915 19 B 867
916 19 B 826
917 19 B 868
918 19 B 825
919 19 B 829
920 19 869 855
921 19 855 856
922 20 871 870
923 20 827 825
924 20 870 872
925 20 825 829
926 20 874 873
927 20 873 875
928 20 876 871
929 20 834 827
930 20 877 874
931 20 879 878
932 20 881 880
933 20 883 882
934 20 885 884
935 20 884 886
936 20 887 885
937 20 888 876
938 20 845 834
939 20 B 889
940 20 B 847
941 20 890 877
942 20 891 876
943 20 B 892
944 20 B 893
945 20 889 870
946 20 847 825
947 20 B 894
948 20 B 853
949 20 892 873
950 20 893 870
951 20 B 895
952 20 B 896
953 20 897 887
954 20 B 898
955 20 898 884
956 20 B 899
957 20 901 900
958 20 903 902
959 20 B 904
960 20 902 905
961 20 877 906
962 20 909 908
963 20 903 887
964 20 910 877
965 20 B 911
966 20 B 912
967 20 913 878
968 20 893 914
969 20 B 915
970 20 906 916
971 20 871 914
972 20 918 917
973 20 914 919
974 20 825 868
975 20 911 884
976 20 912 873
977 20 B 920
978 20 B 921
979 21 923 922
980 21 925 924
981 21 922 926
982 21 924 927
983 21 929 928
984 21 928 930
985 21 829 872
986 21 872 875
987 21 922 931
988 21 930 933
989 21 925 932
990 21 926 934
991 21 927 935
992 21 930 936
993 21 875 886
994 21 938 937
995 21 940 939
996 21 942 941
997 21 944 943
998 21 938 942
999 21 940 944
1000 21 946 945
1001 21 948 947
1002 21 950 949
1003 21 952 951
1004 21 946 950
1005 21 948 952
1006 21 941 953
1007 21 943 954
1008 21 949 955
1009 21 951 956
1010 21 958 957
1011 21 961 960
1012 21 962 907
1013 21 964 963
1014 21 966 965
1015 21 968 967
1016 21 971 970
1017 21 972 908
1018 21 974 973
1019 21 B 917
1020 21 976 975
1021 21 978 977
1022 22 980 979
1023 22 982 981
1024 22 979 983
1025 22 981 984
1026 22 985 980
1027 22 986 982
1028 22 932 987
1029 22 931 988
1030 22 839 989
1031 22 991 990
1032 22 990 992
1033 22 993 991
1034 22 995 994
1035 22 997 996
1036 22 999 998
1037 22 1001 1000
1038 22 1003 1002
1039 22 1005 1004
1040 22 1007 1006
1041 22 1009 1008
1042 22 959 1010
1043 22 1012 1011
1044 22 1014 1013
1045 22 969 1015
1046 22 1017 1016
1047 22 1019 1018
1048 22 1021 1020
1049 23 1023 1022
1050 23 1025 1024
1051 23 1027 1026
1052 23 B 1028
1053 23 1029 1025
1054 23 B 1030
1055 23 1028 1022
1056 23 1031 1023
1057 23 1032 1025
1058 23 1033 1027
1059 23 1035 1034
1060 23 1038 1037
1061 23 1040 1035
1062 23 1041 1038
1063 23 B 1029
1064 23 1042 1040
1065 23 1043 1025
1066 23 1044 1035
1067 23 B 1045
1068 23 B 1023
1069 23 1046 1022
1070 23 B 1046
1071 23 B 1047
1072 23 B 1022
1073 23 1035 1036
1074 23 1048 1038
1075 23 1038 1039
1076 23 1045 1037
1077 23 B 1026
1078 24 1050 1049
1079 24 1024 1022
1080 24 1049 1051
1081 24 1022 1026
1082 24 1053 1052
1083 24 1055 1054
1084 24 1057 1056
1085 24 1056 1058
1086 24 1059 1050
1087 24 1036 1024
1088 24 B 1060
1089 24 B 1039
1090 24 1061 1057
1091 24 B 1062
1092 24 1060 1051
1093 24 1039 1026
1094 24 1062 1058
1095 24 1064 1063
1096 24 1066 1065
1097 24 B 1067
1098 24 1065 1068
1099 24 1050 1069
1100 24 1072 1071
1101 24 1066 1057
1102 24 1073 1050
1103 24 B 1074
1104 24 B 1075
1105 24 1076 1054
1106 24 1039 1047
1107 24 1069 1077
1108 24 1022 1047
1109 24 1074 1058
1110 24 1075 1051
1111 25 1079 1078
1112 25 1081 1080
1113 25 1078 1082
1114 25 1026 1051
1115 25 1081 1083
1116 25 1078 1084
1117 25 1080 1085
1118 25 1087 1086
1119 25 1089 1088
1120 25 1086 1090
1121 25 1088 1091
1122 25 1093 1092
1123 25 1092 1094
1124 25 1096 1095
1125 25 1099 1098
1126 25 1100 1070
1127 25 1102 1101
1128 25 1104 1103
1129 25 1106 1105
1130 25 1108 1107
1131 25 B 1071
1132 25 1110 1109
1133 26 1112 1111
1134 26 1083 1113
1135 26 1114 1112
1136 26 1030 1115
1137 26 1117 1116
1138 26 1119 1118
1139 26 1121 1120
1140 26 B 1122
1141 26 B 1123
1142 26 1097 1124
1143 26 1126 1125
1144 26 1128 1127
1145 26 B 1129
1146 26 1131 1130
1147 26 B 1132
1148 27 B 1136
1149 27 1134 1133
1150 27 1137 1133
1151 27 1139 1138
1152 27 1141 1140
1153 27 B 1134
1154 27 1142 1139
1155 27 1143 1133
1156 27 1144 1138
1157 27 B 1145
1158 27 B 1135
1159 27 B 1146
1160 27 1147 1140
1161 28 1149 1148
1162 28 1133 1135
1163 28 1151 1150
1164 28 1138 1133
1165 28 B 1152
1166 28 B 1140
1167 28 1154 1153
1168 28 1156 1155
1169 28 B 1157
1170 28 1155 1158
1171 28 1133 1146
1172 28 1156 1150
1173 28 B 1160
1174 29 1162 1161
1175 29 1164 1163
1176 29 1166 1165
1177 29 1168 1167
1178 29 1171 1170
1179 29 B 1159
1180 29 1164 1172
1181 29 1166 1173
1182 30 1136 1174
1183 30 1176 1175
1184 30 1169 1177
1185 30 1179 1178
1186 30 1181 1180
1187 31 B 1182
1188 31 1184 1183
1189 32 1188 1187
1190 32 1186 1185
1191 33 1190 1189
1192 34 B 1191
1193 37 B 1192
1194 38 B 1193