1 1 B T
2 2 B T
3 2 T 1
4 2 B 1
5 3 B 2
6 3 2 3
7 3 3 1
8 3 T 1
9 3 B 4
10 3 4 1
11 3 2 4
12 3 B 1
13 4 6 5
14 4 7 6
15 4 8 6
16 4 1 7
17 4 B 1
18 4 3 6
19 4 T 6
20 4 9 5
21 4 4 6
22 4 B 6
23 4 B 10
24 4 B 11
25 4 10 6
26 4 12 6
27 5 14 13
28 5 13 5
29 5 16 15
30 5 16 14
31 5 17 16
32 5 B 18
33 5 18 13
34 5 B 19
35 5 B 17
36 5 20 5
37 5 21 20
38 5 23 22
39 5 17 23
40 5 23 21
41 5 24 20
42 5 B 23
43 5 23 24
44 5 25 13
45 5 B 21
46 5 B 14
47 5 B 25
48 5 B 13
49 5 B 22
50 5 B 26
51 5 B 15
52 6 28 27
53 6 5 13
54 6 27 29
55 6 13 15
56 6 27 30
57 6 30 31
58 6 5 28
59 6 B 5
60 6 33 32
61 6 33 34
62 6 31 35
63 6 B 36
64 6 B 37
65 6 36 27
66 6 B 13
67 6 B 38
68 6 B 24
69 6 37 30
70 6 B 39
71 6 B 28
72 6 B 40
73 6 B 41
74 6 B 20
75 6 40 31
76 6 41 30
77 6 B 35
78 6 B 42
79 6 20 27
80 6 B 43
81 6 37 32
82 6 36 44
83 6 B 45
84 6 44 46
85 6 28 44
86 6 48 47
87 6 B 49
88 6 48 50
89 6 44 51
90 6 13 26
91 7 53 52
92 7 55 54
93 7 52 56
94 7 54 57
95 7 59 58
96 7 58 52
97 7 15 29
98 7 29 31
99 7 52 60
100 7 55 61
101 7 56 57
102 7 57 62
103 7 31 35
104 7 B 59
105 7 B 63
106 7 63 64
107 7 66 65
108 7 68 67
109 7 65 69
110 7 67 70
111 7 71 65
112 7 73 72
113 7 59 71
114 7 74 73
115 7 76 75
116 7 78 77
117 7 79 76
118 7 80 78
119 7 82 81
120 7 85 84
121 7 86 47
122 7 88 47
123 7 90 89
124 7 B 50
125 8 92 91
126 8 94 93
127 8 91 95
128 8 93 96
129 8 97 92
130 8 98 94
131 8 61 99
132 8 60 99
133 8 19 100
134 8 102 101
135 8 101 93
136 8 103 102
137 8 105 104
138 8 106 95
139 8 108 107
140 8 110 109
141 8 112 111
142 8 114 113
143 8 116 115
144 8 118 117
145 8 83 119
146 8 121 120
147 8 87 119
148 8 122 120
149 8 124 123
150 9 126 125
151 9 128 127
152 9 130 129
153 9 B 131
154 9 132 128
155 9 B 133
156 9 131 125
157 9 134 126
158 9 135 128
159 9 136 130
160 9 138 137
161 9 140 139
162 9 141 138
163 9 142 137
164 9 143 140
165 9 144 139
166 9 B 132
167 9 145 141
168 9 146 128
169 9 B 147
170 9 B 126
171 9 148 125
172 9 B 148
173 9 B 149
174 9 B 125
175 9 147 139
176 9 B 129
177 10 151 150
178 10 127 125
179 10 150 152
180 10 125 129
181 10 154 153
182 10 156 155
183 10 158 157
184 10 157 159
185 10 160 151
186 10 137 127
187 10 B 161
188 10 B 139
189 10 162 158
190 10 163 151
191 10 B 164
192 10 B 165
193 10 161 152
194 10 139 129
195 10 164 159
196 10 165 152
197 10 167 166
198 10 162 168
199 10 B 169
200 10 168 170
201 10 151 171
202 10 174 173
203 10 175 155
204 10 139 149
205 10 171 176
206 10 125 149
207 11 178 177
208 11 180 179
209 11 177 181
210 11 129 152
211 11 180 182
212 11 177 183
213 11 179 184
214 11 186 185
215 11 188 187
216 11 190 189
217 11 192 191
218 11 186 190
219 11 188 192
220 11 194 193
221 11 196 195
222 11 194 196
223 11 198 197
224 11 201 200
225 11 202 172
226 11 204 203
227 11 206 205
228 11 B 173
229 12 208 207
230 12 182 209
231 12 210 208
232 12 133 211
233 12 213 212
234 12 215 214
235 12 217 216
236 12 219 218
237 12 B 220
238 12 B 221
239 12 B 222
240 12 199 223
241 12 225 224
242 12 B 226
243 12 228 227
244 13 B 232
245 13 230 229
246 13 233 229
247 13 235 234
248 13 238 237
249 13 B 230
250 13 240 235
251 13 241 229
252 13 B 242
253 13 B 231
254 13 B 243
255 14 245 244
256 14 229 231
257 14 247 246
258 14 236 229
259 14 B 248
260 14 B 239
261 14 250 249
262 14 247 251
263 14 B 252
264 14 251 253
265 14 229 243
266 15 256 255
267 15 258 257
268 15 260 259
269 15 262 261
270 15 265 264
271 15 B 254
272 16 232 266
273 16 268 267
274 16 263 269
275 16 271 270
276 17 B 272
277 17 274 273
278 18 277 276
279 18 273 275
280 19 279 278
281 20 B 280
282 23 B 281
283 24 B 282