1 1 B T
2 2 B T
3 2 T 1
4 2 B 1
5 3 B 2
6 3 2 3
7 3 3 1
8 3 T 1
9 3 B 4
10 3 4 1
11 3 2 4
12 3 B 1
13 4 6 5
14 4 7 6
15 4 8 6
16 4 1 7
17 4 B 1
18 4 3 6
19 4 T 6
20 4 9 5
21 4 4 6
22 4 B 10
23 4 B 11
24 4 10 6
25 4 12 6
26 5 14 13
27 5 13 5
28 5 16 15
29 5 16 14
30 5 17 16
31 5 B 17
32 5 B 18
33 5 18 13
34 5 B 19
35 5 20 5
36 5 21 20
37 5 22 21
38 5 23 20
39 5 17 22
40 5 B 22
41 5 22 23
42 5 24 13
43 5 B 21
44 5 B 14
45 5 B 24
46 5 B 13
47 5 B 25
48 5 B 15
49 6 27 26
50 6 5 13
51 6 26 28
52 6 13 15
53 6 26 29
54 6 29 30
55 6 5 27
56 6 B 5
57 6 30 31
58 6 33 32
59 6 33 34
60 6 B 35
61 6 B 36
62 6 B 20
63 6 35 26
64 6 B 27
65 6 B 37
66 6 B 38
67 6 36 29
68 6 B 39
69 6 36 28
70 6 20 15
71 6 37 30
72 6 38 28
73 6 39 31
74 6 38 29
75 6 B 31
76 6 B 40
77 6 20 26
78 6 B 41
79 6 40 31
80 6 41 30
81 6 36 32
82 6 35 42
83 6 B 43
84 6 42 44
85 6 27 42
86 6 46 45
87 6 46 47
88 6 36 34
89 6 20 25
90 6 42 48
91 6 13 25
92 7 50 49
93 7 52 51
94 7 49 53
95 7 51 54
96 7 56 55
97 7 55 49
98 7 15 28
99 7 28 30
100 7 53 54
101 7 54 57
102 7 30 31
103 7 B 56
104 7 49 58
105 7 52 59
106 7 57 31
107 7 B 60
108 7 62 61
109 7 64 63
110 7 66 65
111 7 56 64
112 7 62 66
113 7 60 61
114 7 63 67
115 7 65 68
116 7 70 69
117 7 72 71
118 7 70 72
119 7 71 73
120 7 74 71
121 7 76 75
122 7 77 74
123 7 78 76
124 7 79 31
125 7 80 79
126 7 82 81
127 7 85 84
128 7 86 45
129 7 87 45
130 7 89 88
131 7 91 90
132 7 B 47
133 8 93 92
134 8 95 94
135 8 92 96
136 8 94 97
137 8 98 93
138 8 99 95
139 8 101 100
140 8 100 94
141 8 102 101
142 8 96 103
143 8 97 96
144 8 59 104
145 8 58 104
146 8 19 105
147 8 106 101
148 8 31 106
149 8 107 103
150 8 108 96
151 8 110 109
152 8 112 111
153 8 113 96
154 8 115 114
155 8 B 116
156 8 B 117
157 8 B 118
158 8 B 119
159 8 121 120
160 8 123 122
161 8 B 124
162 8 B 125
163 8 83 126
164 8 128 127
165 8 129 127
166 8 B 130
167 8 132 131
168 9 134 133
169 9 136 135
170 9 138 137
171 9 139 134
172 9 140 136
173 9 141 138
174 9 143 142
175 9 136 143
176 9 B 144
177 9 145 136
178 9 B 146
179 9 144 133
180 9 B 145
181 9 147 139
182 9 139 140
183 9 148 141
184 9 149 103
185 9 151 150
186 9 153 149
187 9 154 151
188 9 156 155
189 9 158 156
190 9 151 153
191 9 152 149
192 9 159 154
193 9 160 151
194 9 151 152
195 9 161 158
196 9 162 156
197 9 156 157
198 9 163 151
199 9 164 136
200 9 B 163
201 9 B 140
202 9 B 164
203 9 B 165
204 9 B 136
205 9 165 133
206 9 B 166
207 9 B 134
208 9 B 167
209 9 B 133
210 9 B 137
211 10 169 168
212 10 135 133
213 10 168 170
214 10 133 137
215 10 172 171
216 10 171 173
217 10 174 169
218 10 142 135
219 10 175 172
220 10 177 176
221 10 179 178
222 10 177 180
223 10 182 181
224 10 181 183
225 10 172 182
226 10 184 174
227 10 B 142
228 10 B 185
229 10 B 152
230 10 186 175
231 10 B 187
232 10 185 168
233 10 152 133
234 10 B 188
235 10 B 157
236 10 187 171
237 10 B 189
238 10 190 172
239 10 191 175
240 10 B 192
241 10 B 193
242 10 149 174
243 10 B 194
244 10 192 181
245 10 193 171
246 10 B 195
247 10 B 196
248 10 194 168
249 10 B 197
250 10 198 180
251 10 190 199
252 10 B 200
253 10 199 201
254 10 175 199
255 10 204 203
256 10 198 176
257 10 185 205
258 10 B 206
259 10 199 207
260 10 169 205
261 10 209 208
262 10 205 210
263 10 133 167
264 11 212 211
265 11 214 213
266 11 211 215
267 11 213 216
268 11 218 217
269 11 217 219
270 11 137 170
271 11 170 173
272 11 211 220
273 11 219 222
274 11 214 221
275 11 215 223
276 11 216 224
277 11 219 225
278 11 173 183
279 11 227 226
280 11 229 228
281 11 226 230
282 11 228 231
283 11 233 232
284 11 235 234
285 11 232 236
286 11 234 237
287 11 239 238
288 11 241 240
289 11 242 239
290 11 243 241
291 11 245 244
292 11 247 246
293 11 248 245
294 11 249 247
295 11 251 250
296 11 254 253
297 11 255 202
298 11 257 256
299 11 260 259
300 11 261 203
301 11 263 262
302 11 B 208
303 12 265 264
304 12 267 266
305 12 264 268
306 12 266 269
307 12 270 265
308 12 271 267
309 12 221 272
310 12 220 273
311 12 146 274
312 12 276 275
313 12 275 277
314 12 278 276
315 12 280 279
316 12 282 281
317 12 284 283
318 12 286 285
319 12 288 287
320 12 290 289
321 12 292 291
322 12 294 293
323 12 252 295
324 12 297 296
325 12 258 298
326 12 300 299
327 12 302 301
328 13 304 303
329 13 306 305
330 13 308 307
331 13 B 309
332 13 310 306
333 13 B 311
334 13 309 303
335 13 312 304
336 13 313 306
337 13 314 308
338 13 316 315
339 13 318 317
340 13 319 316
341 13 320 315
342 13 321 318
343 13 322 317
344 13 B 310
345 13 323 319
346 13 324 306
347 13 B 325
348 13 B 304
349 13 326 303
350 13 B 326
351 13 B 327
352 13 B 303
353 13 325 317
354 13 B 307
355 14 329 328
356 14 305 303
357 14 328 330
358 14 303 307
359 14 332 331
360 14 334 333
361 14 336 335
362 14 335 337
363 14 338 329
364 14 315 305
365 14 B 339
366 14 B 317
367 14 340 336
368 14 341 329
369 14 B 342
370 14 B 343
371 14 339 330
372 14 317 307
373 14 342 337
374 14 343 330
375 14 345 344
376 14 340 346
377 14 B 347
378 14 346 348
379 14 329 349
380 14 352 351
381 14 353 333
382 14 317 327
383 14 349 354
384 14 303 327
385 15 356 355
386 15 358 357
387 15 355 359
388 15 307 330
389 15 358 360
390 15 355 361
391 15 357 362
392 15 364 363
393 15 366 365
394 15 368 367
395 15 370 369
396 15 364 368
397 15 366 370
398 15 372 371
399 15 374 373
400 15 372 374
401 15 376 375
402 15 379 378
403 15 380 350
404 15 382 381
405 15 384 383
406 15 B 351
407 16 386 385
408 16 360 387
409 16 388 386
410 16 311 389
411 16 391 390
412 16 393 392
413 16 395 394
414 16 397 396
415 16 B 398
416 16 B 399
417 16 B 400
418 16 377 401
419 16 403 402
420 16 B 404
421 16 406 405
422 17 B 410
423 17 408 407
424 17 411 407
425 17 413 412
426 17 416 415
427 17 B 408
428 17 418 413
429 17 419 407
430 17 B 420
431 17 B 409
432 17 B 421
433 18 423 422
434 18 407 409
435 18 425 424
436 18 414 407
437 18 B 426
438 18 B 417
439 18 428 427
440 18 425 429
441 18 B 430
442 18 429 431
443 18 407 421
444 19 434 433
445 19 436 435
446 19 438 437
447 19 440 439
448 19 443 442
449 19 B 432
450 20 410 444
451 20 446 445
452 20 441 447
453 20 449 448
454 21 B 450
455 21 452 451
456 22 455 454
457 22 451 453
458 23 457 456
459 24 B 458
460 27 B 459
461 28 B 460