1 1 B T
2 2 1 T
3 2 B 1
4 2 B T
5 3 2 T
6 3 3 2
7 3 B 3
8 3 3 4
9 3 B 2
10 3 B 4
11 4 5 T
12 4 6 5
13 4 7 6
14 4 B 7
15 4 8 5
16 4 9 5
17 4 10 5
18 5 11 T
19 5 12 11
20 5 13 12
21 5 14 13
22 5 B 14
23 5 13 15
24 5 16 11
25 5 B 16
26 5 B 17
27 6 18 T
28 6 19 18
29 6 20 19
30 6 21 20
31 6 22 21
32 6 11 T
33 6 B 22
34 6 15 11
35 6 23 19
36 6 B 15
37 6 B 23
38 6 B 21
39 6 25 24
40 6 26 24
41 6 B 17
42 7 27 T
43 7 28 27
44 7 29 28
45 7 30 29
46 7 31 30
47 7 28 32
48 7 33 31
49 7 B 33
50 7 35 34
51 7 30 35
52 7 37 36
53 7 38 37
54 7 33 38
55 7 39 28
56 7 B 39
57 7 B 40
58 7 40 34
59 7 B 41
60 8 42 T
61 8 43 42
62 8 44 43
63 8 45 44
64 8 46 45
65 8 47 42
66 8 48 46
67 8 49 48
68 8 50 47
69 8 51 44
70 8 B 49
71 8 52 50
72 8 53 51
73 8 54 46
74 8 56 55
75 8 57 55
76 8 59 58
77 9 60 T
78 9 61 60
79 9 62 61
80 9 63 62
81 9 64 63
82 9 62 65
83 9 66 64
84 9 67 66
85 9 69 68
86 9 64 69
87 9 70 67
88 9 72 71
89 9 73 72
90 9 67 73
91 9 B 70
92 9 74 62
93 9 B 74
94 9 B 75
95 9 75 68
96 9 B 76
97 10 77 T
98 10 78 77
99 10 79 78
100 10 80 79
101 10 60 T
102 10 81 80
103 10 65 60
104 10 82 78
105 10 83 81
106 10 84 83
107 10 68 65
108 10 85 82
109 10 86 80
110 10 87 84
111 10 71 68
112 10 88 85
113 10 89 86
114 10 90 83
115 10 91 87
116 10 B 91
117 10 B 71
118 10 B 88
119 10 B 89
120 10 B 90
121 10 B 87
122 10 93 92
123 10 94 92
124 10 96 95
125 10 B 76
126 11 97 T
127 11 98 97
128 11 99 98
129 11 100 99
130 11 98 101
131 11 102 100
132 11 104 103
133 11 100 104
134 11 105 102
135 11 106 105
136 11 108 107
137 11 109 108
138 11 105 109
139 11 110 106
140 11 112 111
141 11 113 112
142 11 114 113
143 11 110 114
144 11 115 110
145 11 116 115
146 11 118 117
147 11 119 118
148 11 120 119
149 11 121 120
150 11 116 121
151 11 B 116
152 11 122 100
153 11 B 122
154 11 B 123
155 11 123 108
156 11 B 124
157 11 124 111
158 11 B 125
159 12 126 T
160 12 127 126
161 12 128 127
162 12 129 128
163 12 130 126
164 12 131 129
165 12 132 130
166 12 133 128
167 12 134 131
168 12 135 134
169 12 136 132
170 12 137 133
171 12 138 131
172 12 139 135
173 12 140 136
174 12 141 137
175 12 142 138
176 12 143 135
177 12 144 139
178 12 145 144
179 12 146 140
180 12 147 141
181 12 148 142
182 12 149 143
183 12 150 144
184 12 151 145
185 12 B 151
186 12 153 152
187 12 154 152
188 12 156 155
189 12 158 157
190 13 159 T
191 13 160 159
192 13 161 160
193 13 162 161
194 13 161 163
195 13 164 162
196 13 166 165
197 13 164 166
198 13 167 164
199 13 168 167
200 13 170 169
201 13 171 170
202 13 168 171
203 13 172 168
204 13 174 173
205 13 175 174
206 13 176 175
207 13 177 176
208 13 177 172
209 13 178 177
210 13 180 179
211 13 181 180
212 13 182 181
213 13 183 182
214 13 184 183
215 13 184 178
216 13 185 184
217 13 B 185
218 13 186 164
219 13 B 186
220 13 B 187
221 13 187 170
222 13 B 188
223 13 188 173
224 13 B 189
225 14 190 T
226 14 191 190
227 14 159 T
228 14 192 191
229 14 193 192
230 14 163 159
231 14 194 191
232 14 195 193
233 14 165 163
234 14 196 194
235 14 197 193
236 14 198 195
237 14 199 198
238 14 169 165
239 14 200 196
240 14 201 197
241 14 202 198
242 14 203 199
243 14 173 169
244 14 204 200
245 14 205 201
246 14 206 202
247 14 207 203
248 14 208 203
249 14 209 208
250 14 179 173
251 14 210 204
252 14 211 205
253 14 212 206
254 14 213 207
255 14 214 209
256 14 B 179
257 14 B 210
258 14 B 211
259 14 B 212
260 14 B 213
261 14 B 214
262 14 215 209
263 14 216 215
264 14 B 216
265 14 217 216
266 14 B 217
267 14 219 218
268 14 220 218
269 14 222 221
270 14 224 223
271 14 B 189
272 15 225 T
273 15 226 225
274 15 226 227
275 15 228 226
276 15 229 228
277 15 231 230
278 15 229 231
279 15 232 229
280 15 234 233
281 15 235 234
282 15 236 235
283 15 236 232
284 15 237 236
285 15 239 238
286 15 240 239
287 15 241 240
288 15 242 241
289 15 244 243
290 15 245 244
291 15 246 245
292 15 247 246
293 15 242 237
294 15 248 242
295 15 249 247
296 15 251 250
297 15 252 251
298 15 253 252
299 15 254 253
300 15 255 254
301 15 257 256
302 15 258 257
303 15 259 258
304 15 260 259
305 15 261 260
306 15 249 248
307 15 262 249
308 15 263 255
309 15 264 261
310 15 263 262
311 15 265 263
312 15 266 264
313 15 266 265
314 15 B 266
315 15 267 236
316 15 B 267
317 15 B 268
318 15 268 240
319 15 B 269
320 15 269 244
321 15 B 270
322 15 270 250
323 15 B 271
324 16 272 T
325 16 273 272
326 16 274 272
327 16 275 273
328 16 276 275
329 16 277 274
330 16 278 275
331 16 279 276
332 16 280 277
333 16 281 278
334 16 282 279
335 16 283 279
336 16 284 283
337 16 285 280
338 16 286 281
339 16 287 282
340 16 288 284
341 16 289 285
342 16 290 286
343 16 291 287
344 16 292 288
345 16 293 284
346 16 294 293
347 16 295 294
348 16 296 289
349 16 297 290
350 16 298 291
351 16 299 292
352 16 300 295
353 16 301 296
354 16 302 297
355 16 303 298
356 16 304 299
357 16 305 300
358 16 306 294
359 16 307 306
360 16 308 307
361 16 309 308
362 16 310 307
363 16 311 310
364 16 312 311
365 16 313 311
366 16 314 313
367 16 B 314
368 16 316 315
369 16 317 315
370 16 319 318
371 16 321 320
372 16 323 322
373 17 324 T
374 17 325 324
375 17 327 326
376 17 327 325
377 17 328 327
378 17 330 329
379 17 331 330
380 17 333 332
381 17 334 333
382 17 331 328
383 17 335 331
384 17 336 334
385 17 338 337
386 17 339 338
387 17 340 339
388 17 342 341
389 17 343 342
390 17 344 343
391 17 336 335
392 17 345 336
393 17 346 340
394 17 347 344
395 17 349 348
396 17 350 349
397 17 351 350
398 17 352 351
399 17 354 353
400 17 355 354
401 17 356 355
402 17 357 356
403 17 346 345
404 17 358 346
405 17 359 347
406 17 360 352
407 17 361 357
408 17 359 358
409 17 362 359
410 17 363 360
411 17 364 361
412 17 363 362
413 17 365 363
414 17 366 364
415 17 366 365
416 17 367 366
417 17 368 336
418 17 B 368
419 17 B 369
420 17 369 339
421 17 B 370
422 17 370 342
423 17 B 371
424 17 371 348
425 17 B 372
426 18 373 T
427 18 324 T
428 18 374 373
429 18 326 324
430 18 375 374
431 18 376 374
432 18 377 376
433 18 329 326
434 18 378 375
435 18 379 377
436 18 332 329
437 18 380 378
438 18 381 379
439 18 382 377
440 18 383 382
441 18 384 383
442 18 337 332
443 18 385 380
444 18 386 381
445 18 387 384
446 18 341 337
447 18 388 385
448 18 389 386
449 18 390 387
450 18 391 383
451 18 392 391
452 18 393 392
453 18 394 393
454 18 348 341
455 18 395 388
456 18 396 389
457 18 397 390
458 18 398 394
459 18 353 348
460 18 399 395
461 18 400 396
462 18 401 397
463 18 402 398
464 18 403 392
465 18 404 403
466 18 405 404
467 18 406 405
468 18 407 406
469 18 B 353
470 18 B 399
471 18 B 400
472 18 B 401
473 18 B 402
474 18 B 407
475 18 408 404
476 18 409 408
477 18 410 409
478 18 411 410
479 18 B 411
480 18 412 409
481 18 413 412
482 18 414 413
483 18 B 414
484 18 415 413
485 18 416 415
486 18 B 416
487 18 418 417
488 18 419 417
489 18 421 420
490 18 423 422
491 18 425 424
492 18 B 372
493 19 426 T
494 19 428 427
495 19 430 429
496 19 428 426
497 19 431 428
498 19 432 430
499 19 434 433
500 19 435 434
501 19 437 436
502 19 438 437
503 19 432 431
504 19 439 432
505 19 440 435
506 19 441 438
507 19 443 442
508 19 444 443
509 19 445 444
510 19 447 446
511 19 448 447
512 19 449 448
513 19 440 439
514 19 450 440
515 19 451 441
516 19 452 445
517 19 453 449
518 19 455 454
519 19 456 455
520 19 457 456
521 19 458 457
522 19 460 459
523 19 461 460
524 19 462 461
525 19 463 462
526 19 451 450
527 19 464 451
528 19 465 452
529 19 466 453
530 19 467 458
531 19 468 463
532 19 470 469
533 19 471 470
534 19 472 471
535 19 473 472
536 19 474 473
537 19 465 464
538 19 475 465
539 19 476 466
540 19 477 467
541 19 478 468
542 19 479 474
543 19 476 475
544 19 480 476
545 19 481 477
546 19 482 478
547 19 483 479
548 19 481 480
549 19 484 481
550 19 485 482
551 19 486 483
552 19 487 451
553 19 B 487
554 19 B 488
555 19 488 445
556 19 B 489
557 19 489 448
558 19 B 490
559 19 490 455
560 19 B 491
561 19 491 459
562 19 B 492
563 20 494 493
564 20 495 494
565 20 497 496
566 20 498 497
567 20 499 495
568 20 500 498
569 20 501 499
570 20 502 500
571 20 503 497
572 20 504 503
573 20 505 504
574 20 506 505
575 20 507 501
576 20 508 502
577 20 509 506
578 20 510 507
579 20 511 508
580 20 512 509
581 20 513 504
582 20 514 513
583 20 515 514
584 20 516 515
585 20 517 516
586 20 518 510
587 20 519 511
588 20 520 512
589 20 521 517
590 20 522 518
591 20 523 519
592 20 524 520
593 20 525 521
594 20 526 514
595 20 527 526
596 20 528 527
597 20 529 528
598 20 530 529
599 20 531 530
600 20 532 522
601 20 533 523
602 20 534 524
603 20 535 525
604 20 536 531
605 20 537 527
606 20 538 537
607 20 539 538
608 20 540 539
609 20 541 540
610 20 542 541
611 20 543 538
612 20 544 543
613 20 545 544
614 20 546 545
615 20 547 546
616 20 548 544
617 20 549 548
618 20 550 549
619 20 551 550
620 20 553 552
621 20 554 552
622 20 556 555
623 20 558 557
624 20 560 559
625 20 562 561
626 21 565 563
627 21 566 564
628 21 568 567
629 21 570 569
630 21 571 565
631 21 572 566
632 21 573 568
633 21 574 570
634 21 576 575
635 21 577 576
636 21 579 578
637 21 580 579
638 21 572 571
639 21 581 572
640 21 582 573
641 21 583 574
642 21 584 577
643 21 585 580
644 21 587 586
645 21 588 587
646 21 589 588
647 21 591 590
648 21 592 591
649 21 593 592
650 21 582 581
651 21 594 582
652 21 595 583
653 21 596 584
654 21 597 585
655 21 598 589
656 21 599 593
657 21 601 600
658 21 602 601
659 21 603 602
660 21 604 603
661 21 595 594
662 21 605 595
663 21 606 596
664 21 607 597
665 21 608 598
666 21 609 599
667 21 610 604
668 21 606 605
669 21 611 606
670 21 612 607
671 21 613 608
672 21 614 609
673 21 615 610
674 21 612 611
675 21 616 612
676 21 617 613
677 21 618 614
678 21 619 615
679 21 620 595
680 21 B 620
681 21 B 621
682 21 621 584
683 21 B 622
684 21 622 580
685 21 B 623
686 21 623 587
687 21 B 624
688 21 624 590
689 21 B 625
690 22 564 563
691 22 627 626
692 22 567 564
693 22 628 627
694 22 569 567
695 22 629 628
696 22 631 630
697 22 632 631
698 22 633 632
699 22 575 569
700 22 634 629
701 22 635 633
702 22 578 575
703 22 636 634
704 22 637 635
705 22 639 638
706 22 640 639
707 22 641 640
708 22 642 641
709 22 643 642
710 22 586 578
711 22 644 636
712 22 645 637
713 22 646 643
714 22 590 586
715 22 647 644
716 22 648 645
717 22 649 646
718 22 650 639
719 22 651 650
720 22 652 651
721 22 653 652
722 22 654 653
723 22 655 654
724 22 656 655
725 22 600 590
726 22 657 647
727 22 658 648
728 22 659 649
729 22 660 656
730 22 B 600
731 22 B 657
732 22 B 658
733 22 B 659
734 22 B 660
735 22 661 651
736 22 662 661
737 22 663 662
738 22 664 663
739 22 665 664
740 22 666 665
741 22 667 666
742 22 B 667
743 22 668 662
744 22 669 668
745 22 670 669
746 22 671 670
747 22 672 671
748 22 673 672
749 22 B 673
750 22 674 669
751 22 675 674
752 22 676 675
753 22 677 676
754 22 678 677
755 22 B 678
756 22 680 679
757 22 681 679
758 22 683 682
759 22 685 684
760 22 687 686
761 22 689 688
762 22 B 625
763 23 691 690
764 23 693 692
765 23 695 694
766 23 696 691
767 23 697 693
768 23 698 695
769 23 700 699
770 23 701 700
771 23 703 702
772 23 704 703
773 23 705 696
774 23 706 697
775 23 707 698
776 23 708 701
777 23 709 704
778 23 711 710
779 23 712 711
780 23 713 712
781 23 715 714
782 23 716 715
783 23 717 716
784 23 718 705
785 23 719 706
786 23 720 707
787 23 721 708
788 23 722 709
789 23 723 713
790 23 724 717
791 23 726 725
792 23 727 726
793 23 728 727
794 23 729 728
795 23 731 730
796 23 732 731
797 23 733 732
798 23 734 733
799 23 719 718
800 23 735 719
801 23 736 720
802 23 737 721
803 23 738 722
804 23 739 723
805 23 740 724
806 23 741 729
807 23 742 734
808 23 736 735
809 23 743 736
810 23 744 737
811 23 745 738
812 23 746 739
813 23 747 740
814 23 748 741
815 23 749 742
816 23 744 743
817 23 750 744
818 23 751 745
819 23 752 746
820 23 753 747
821 23 754 748
822 23 755 749
823 23 756 736
824 23 B 756
825 23 B 757
826 23 757 721
827 23 B 758
828 23 758 709
829 23 B 759
830 23 759 712
831 23 B 760
832 23 760 715
833 23 B 761
834 23 761 725
835 23 B 762
836 24 764 763
837 24 765 764
838 24 767 766
839 24 768 767
840 24 769 765
841 24 770 768
842 24 771 769
843 24 772 770
844 24 774 773
845 24 775 774
846 24 776 775
847 24 777 776
848 24 778 771
849 24 779 772
850 24 780 777
851 24 781 778
852 24 782 779
853 24 783 780
854 24 785 784
855 24 786 785
856 24 787 786
857 24 788 787
858 24 789 788
859 24 790 789
860 24 791 781
861 24 792 782
862 24 793 783
863 24 794 790
864 24 795 791
865 24 796 792
866 24 797 793
867 24 798 794
868 24 800 799
869 24 801 800
870 24 802 801
871 24 803 802
872 24 804 803
873 24 805 804
874 24 806 805
875 24 807 806
876 24 808 800
877 24 809 808
878 24 810 809
879 24 811 810
880 24 812 811
881 24 813 812
882 24 814 813
883 24 815 814
884 24 816 809
885 24 817 816
886 24 818 817
887 24 819 818
888 24 820 819
889 24 821 820
890 24 822 821
891 24 824 823
892 24 825 823
893 24 827 826
894 24 829 828
895 24 831 830
896 24 833 832
897 24 835 834
898 25 838 836
899 25 839 837
900 25 841 840
901 25 843 842
902 25 844 838
903 25 845 839
904 25 846 841
905 25 847 843
906 25 849 848
907 25 850 849
908 25 852 851
909 25 853 852
910 25 854 844
911 25 855 845
912 25 856 846
913 25 857 847
914 25 858 850
915 25 859 853
916 25 861 860
917 25 862 861
918 25 863 862
919 25 865 864
920 25 866 865
921 25 867 866
922 25 868 854
923 25 869 855
924 25 870 856
925 25 871 857
926 25 872 858
927 25 873 859
928 25 874 863
929 25 875 867
930 25 876 868
931 25 877 869
932 25 878 870
933 25 879 871
934 25 880 872
935 25 881 873
936 25 882 874
937 25 883 875
938 25 877 876
939 25 884 877
940 25 885 878
941 25 886 879
942 25 887 880
943 25 888 881
944 25 889 882
945 25 890 883
946 25 891 877
947 25 B 891
948 25 B 892
949 25 892 870
950 25 B 893
951 25 893 857
952 25 B 894
953 25 894 850
954 25 B 895
955 25 895 852
956 25 B 896
957 25 896 860
958 25 B 897
959 26 837 836
960 26 899 898
961 26 840 837
962 26 900 899
963 26 842 840
964 26 901 900
965 26 903 902
966 26 904 903
967 26 905 904
968 26 848 842
969 26 906 901
970 26 907 905
971 26 851 848
972 26 908 906
973 26 909 907
974 26 911 910
975 26 912 911
976 26 913 912
977 26 914 913
978 26 915 914
979 26 860 851
980 26 916 908
981 26 917 909
982 26 918 915
983 26 864 860
984 26 919 916
985 26 920 917
986 26 921 918
987 26 923 922
988 26 924 923
989 26 925 924
990 26 926 925
991 26 927 926
992 26 928 927
993 26 929 928
994 26 B 864
995 26 B 919
996 26 B 920
997 26 B 921
998 26 B 929
999 26 931 930
1000 26 932 931
1001 26 933 932
1002 26 934 933
1003 26 935 934
1004 26 936 935
1005 26 937 936
1006 26 B 937
1007 26 939 938
1008 26 940 939
1009 26 941 940
1010 26 942 941
1011 26 943 942
1012 26 944 943
1013 26 945 944
1014 26 B 945
1015 26 947 946
1016 26 948 946
1017 26 950 949
1018 26 952 951
1019 26 954 953
1020 26 956 955
1021 26 958 957
1022 26 B 897
1023 27 960 959
1024 27 962 961
1025 27 964 963
1026 27 965 960
1027 27 966 962
1028 27 967 964
1029 27 969 968
1030 27 970 969
1031 27 972 971
1032 27 973 972
1033 27 974 965
1034 27 975 966
1035 27 976 967
1036 27 977 970
1037 27 978 973
1038 27 980 979
1039 27 981 980
1040 27 982 981
1041 27 984 983
1042 27 985 984
1043 27 986 985
1044 27 987 974
1045 27 988 975
1046 27 989 976
1047 27 990 977
1048 27 991 978
1049 27 992 982
1050 27 993 986
1051 27 995 994
1052 27 996 995
1053 27 997 996
1054 27 998 997
1055 27 999 987
1056 27 1000 988
1057 27 1001 989
1058 27 1002 990
1059 27 1003 991
1060 27 1004 992
1061 27 1005 993
1062 27 1006 998
1063 27 1007 999
1064 27 1008 1000
1065 27 1009 1001
1066 27 1010 1002
1067 27 1011 1003
1068 27 1012 1004
1069 27 1013 1005
1070 27 1014 1006
1071 27 1015 1007
1072 27 B 1016
1073 27 1016 1000
1074 27 B 1017
1075 27 1017 989
1076 27 B 1018
1077 27 1018 977
1078 27 B 1019
1079 27 1019 973
1080 27 B 1020
1081 27 1020 980
1082 27 B 1021
1083 27 1021 983
1084 27 B 1022
1085 28 1024 1023
1086 28 1025 1024
1087 28 1027 1026
1088 28 1028 1027
1089 28 1029 1025
1090 28 1030 1028
1091 28 1031 1029
1092 28 1032 1030
1093 28 1034 1033
1094 28 1035 1034
1095 28 1036 1035
1096 28 1037 1036
1097 28 1038 1031
1098 28 1039 1032
1099 28 1040 1037
1100 28 1041 1038
1101 28 1042 1039
1102 28 1043 1040
1103 28 1045 1044
1104 28 1046 1045
1105 28 1047 1046
1106 28 1048 1047
1107 28 1049 1048
1108 28 1050 1049
1109 28 1051 1041
1110 28 1052 1042
1111 28 1053 1043
1112 28 1054 1050
1113 28 1056 1055
1114 28 1057 1056
1115 28 1058 1057
1116 28 1059 1058
1117 28 1060 1059
1118 28 1061 1060
1119 28 1062 1061
1120 28 1064 1063
1121 28 1065 1064
1122 28 1066 1065
1123 28 1067 1066
1124 28 1068 1067
1125 28 1069 1068
1126 28 1070 1069
1127 28 1072 1071
1128 28 1074 1073
1129 28 1076 1075
1130 28 1078 1077
1131 28 1080 1079
1132 28 1082 1081
1133 28 1084 1083
1134 29 1087 1085
1135 29 1088 1086
1136 29 1090 1089
1137 29 1092 1091
1138 29 1093 1087
1139 29 1094 1088
1140 29 1095 1090
1141 29 1096 1092
1142 29 1098 1097
1143 29 1099 1098
1144 29 1101 1100
1145 29 1102 1101
1146 29 1103 1093
1147 29 1104 1094
1148 29 1105 1095
1149 29 1106 1096
1150 29 1107 1099
1151 29 1108 1102
1152 29 1110 1109
1153 29 1111 1110
1154 29 1112 1111
1155 29 1113 1103
1156 29 1114 1104
1157 29 1115 1105
1158 29 1116 1106
1159 29 1117 1107
1160 29 1118 1108
1161 29 1119 1112
1162 29 1120 1113
1163 29 1121 1114
1164 29 1122 1115
1165 29 1123 1116
1166 29 1124 1117
1167 29 1125 1118
1168 29 1126 1119
1169 29 1127 1120
1170 29 B 1128
1171 29 1128 1114
1172 29 B 1129
1173 29 1129 1105
1174 29 B 1130
1175 29 1130 1096
1176 29 B 1131
1177 29 1131 1098
1178 29 B 1132
1179 29 1132 1100
1180 29 B 1133
1181 30 1086 1085
1182 30 1135 1134
1183 30 1089 1086
1184 30 1136 1135
1185 30 1091 1089
1186 30 1137 1136
1187 30 1139 1138
1188 30 1140 1139
1189 30 1141 1140
1190 30 1097 1091
1191 30 1142 1137
1192 30 1143 1141
1193 30 1100 1097
1194 30 1144 1142
1195 30 1145 1143
1196 30 1147 1146
1197 30 1148 1147
1198 30 1149 1148
1199 30 1150 1149
1200 30 1151 1150
1201 30 1109 1100
1202 30 1152 1144
1203 30 1153 1145
1204 30 1154 1151
1205 30 B 1109
1206 30 B 1152
1207 30 B 1153
1208 30 B 1154
1209 30 1156 1155
1210 30 1157 1156
1211 30 1158 1157
1212 30 1159 1158
1213 30 1160 1159
1214 30 1161 1160
1215 30 B 1161
1216 30 1163 1162
1217 30 1164 1163
1218 30 1165 1164
1219 30 1166 1165
1220 30 1167 1166
1221 30 1168 1167
1222 30 B 1168
1223 30 1170 1169
1224 30 1172 1171
1225 30 1174 1173
1226 30 1176 1175
1227 30 1178 1177
1228 30 1180 1179
1229 30 B 1133
1230 31 1182 1181
1231 31 1184 1183
1232 31 1186 1185
1233 31 1187 1182
1234 31 1188 1184
1235 31 1189 1186
1236 31 1191 1190
1237 31 1192 1191
1238 31 1194 1193
1239 31 1195 1194
1240 31 1196 1187
1241 31 1197 1188
1242 31 1198 1189
1243 31 1199 1192
1244 31 1200 1195
1245 31 1202 1201
1246 31 1203 1202
1247 31 1204 1203
1248 31 1206 1205
1249 31 1207 1206
1250 31 1208 1207
1251 31 1209 1196
1252 31 1210 1197
1253 31 1211 1198
1254 31 1212 1199
1255 31 1213 1200
1256 31 1214 1204
1257 31 1215 1208
1258 31 1216 1209
1259 31 1217 1210
1260 31 1218 1211
1261 31 1219 1212
1262 31 1220 1213
1263 31 1221 1214
1264 31 1222 1215
1265 31 1223 1216
1266 31 B 1224
1267 31 1224 1210
1268 31 B 1225
1269 31 1225 1198
1270 31 B 1226
1271 31 1226 1192
1272 31 B 1227
1273 31 1227 1194
1274 31 B 1228
1275 31 1228 1201
1276 31 B 1229
1277 32 1231 1230
1278 32 1232 1231
1279 32 1234 1233
1280 32 1235 1234
1281 32 1236 1232
1282 32 1237 1235
1283 32 1238 1236
1284 32 1239 1237
1285 32 1241 1240
1286 32 1242 1241
1287 32 1243 1242
1288 32 1244 1243
1289 32 1245 1238
1290 32 1246 1239
1291 32 1247 1244
1292 32 1248 1245
1293 32 1249 1246
1294 32 1250 1247
1295 32 1252 1251
1296 32 1253 1252
1297 32 1254 1253
1298 32 1255 1254
1299 32 1256 1255
1300 32 1257 1256
1301 32 1259 1258
1302 32 1260 1259
1303 32 1261 1260
1304 32 1262 1261
1305 32 1263 1262
1306 32 1264 1263
1307 32 1266 1265
1308 32 1268 1267
1309 32 1270 1269
1310 32 1272 1271
1311 32 1274 1273
1312 32 1276 1275
1313 33 1279 1277
1314 33 1280 1278
1315 33 1282 1281
1316 33 1284 1283
1317 33 1285 1279
1318 33 1286 1280
1319 33 1287 1282
1320 33 1288 1284
1321 33 1290 1289
1322 33 1291 1290
1323 33 1293 1292
1324 33 1294 1293
1325 33 1295 1285
1326 33 1296 1286
1327 33 1297 1287
1328 33 1298 1288
1329 33 1299 1291
1330 33 1300 1294
1331 33 1301 1295
1332 33 1302 1296
1333 33 1303 1297
1334 33 1304 1298
1335 33 1305 1299
1336 33 1306 1300
1337 33 1307 1301
1338 33 B 1308
1339 33 1308 1296
1340 33 B 1309
1341 33 1309 1287
1342 33 B 1310
1343 33 1310 1284
1344 33 B 1311
1345 33 1311 1289
1346 33 B 1312
1347 34 1278 1277
1348 34 1314 1313
1349 34 1281 1278
1350 34 1315 1314
1351 34 1283 1281
1352 34 1316 1315
1353 34 1318 1317
1354 34 1319 1318
1355 34 1320 1319
1356 34 1289 1283
1357 34 1321 1316
1358 34 1322 1320
1359 34 1292 1289
1360 34 1323 1321
1361 34 1324 1322
1362 34 1326 1325
1363 34 1327 1326
1364 34 1328 1327
1365 34 1329 1328
1366 34 1330 1329
1367 34 B 1292
1368 34 B 1323
1369 34 B 1324
1370 34 B 1330
1371 34 1332 1331
1372 34 1333 1332
1373 34 1334 1333
1374 34 1335 1334
1375 34 1336 1335
1376 34 B 1336
1377 34 1338 1337
1378 34 1340 1339
1379 34 1342 1341
1380 34 1344 1343
1381 34 1346 1345
1382 34 B 1312
1383 35 1348 1347
1384 35 1350 1349
1385 35 1352 1351
1386 35 1353 1348
1387 35 1354 1350
1388 35 1355 1352
1389 35 1357 1356
1390 35 1358 1357
1391 35 1360 1359
1392 35 1361 1360
1393 35 1362 1353
1394 35 1363 1354
1395 35 1364 1355
1396 35 1365 1358
1397 35 1366 1361
1398 35 1368 1367
1399 35 1369 1368
1400 35 1370 1369
1401 35 1371 1362
1402 35 1372 1363
1403 35 1373 1364
1404 35 1374 1365
1405 35 1375 1366
1406 35 1376 1370
1407 35 1377 1371
1408 35 B 1378
1409 35 1378 1363
1410 35 B 1379
1411 35 1379 1355
1412 35 B 1380
1413 35 1380 1357
1414 35 B 1381
1415 35 1381 1359
1416 35 B 1382
1417 36 1384 1383
1418 36 1385 1384
1419 36 1387 1386
1420 36 1388 1387
1421 36 1389 1385
1422 36 1390 1388
1423 36 1391 1389
1424 36 1392 1390
1425 36 1394 1393
1426 36 1395 1394
1427 36 1396 1395
1428 36 1397 1396
1429 36 1398 1391
1430 36 1399 1392
1431 36 1400 1397
1432 36 1402 1401
1433 36 1403 1402
1434 36 1404 1403
1435 36 1405 1404
1436 36 1406 1405
1437 36 1408 1407
1438 36 1410 1409
1439 36 1412 1411
1440 36 1414 1413
1441 36 1416 1415
1442 37 1419 1417
1443 37 1420 1418
1444 37 1422 1421
1445 37 1424 1423
1446 37 1425 1419
1447 37 1426 1420
1448 37 1427 1422
1449 37 1428 1424
1450 37 1430 1429
1451 37 1431 1430
1452 37 1432 1425
1453 37 1433 1426
1454 37 1434 1427
1455 37 1435 1428
1456 37 1436 1431
1457 37 1437 1432
1458 37 B 1438
1459 37 1438 1426
1460 37 B 1439
1461 37 1439 1422
1462 37 B 1440
1463 37 1440 1423
1464 37 B 1441
1465 38 1418 1417
1466 38 1443 1442
1467 38 1421 1418
1468 38 1444 1443
1469 38 1423 1421
1470 38 1445 1444
1471 38 1447 1446
1472 38 1448 1447
1473 38 1449 1448
1474 38 1429 1423
1475 38 1450 1445
1476 38 1451 1449
1477 38 B 1429
1478 38 B 1450
1479 38 B 1451
1480 38 1453 1452
1481 38 1454 1453
1482 38 1455 1454
1483 38 1456 1455
1484 38 B 1456
1485 38 1458 1457
1486 38 1460 1459
1487 38 1462 1461
1488 38 1464 1463
1489 38 B 1441
1490 39 1466 1465
1491 39 1468 1467
1492 39 1470 1469
1493 39 1471 1466
1494 39 1472 1468
1495 39 1473 1470
1496 39 1475 1474
1497 39 1476 1475
1498 39 1478 1477
1499 39 1479 1478
1500 39 1480 1471
1501 39 1481 1472
1502 39 1482 1473
1503 39 1483 1476
1504 39 1484 1479
1505 39 1485 1480
1506 39 B 1486
1507 39 1486 1472
1508 39 B 1487
1509 39 1487 1470
1510 39 B 1488
1511 39 1488 1474
1512 39 B 1489
1513 40 1491 1490
1514 40 1492 1491
1515 40 1494 1493
1516 40 1495 1494
1517 40 1496 1492
1518 40 1497 1495
1519 40 1498 1496
1520 40 1499 1497
1521 40 1501 1500
1522 40 1502 1501
1523 40 1503 1502
1524 40 1504 1503
1525 40 1506 1505
1526 40 1508 1507
1527 40 1510 1509
1528 40 1512 1511
1529 41 1515 1513
1530 41 1516 1514
1531 41 1518 1517
1532 41 1520 1519
1533 41 1521 1515
1534 41 1522 1516
1535 41 1523 1518
1536 41 1524 1520
1537 41 1525 1521
1538 41 B 1526
1539 41 1526 1516
1540 41 B 1527
1541 41 1527 1517
1542 41 B 1528
1543 42 1514 1513
1544 42 1530 1529
1545 42 1517 1514
1546 42 1531 1530
1547 42 1519 1517
1548 42 1532 1531
1549 42 1534 1533
1550 42 1535 1534
1551 42 1536 1535
1552 42 B 1519
1553 42 B 1532
1554 42 B 1536
1555 42 1538 1537
1556 42 1540 1539
1557 42 1542 1541
1558 42 B 1528
1559 43 1544 1543
1560 43 1546 1545
1561 43 1548 1547
1562 43 1549 1544
1563 43 1550 1546
1564 43 1551 1548
1565 43 1553 1552
1566 43 1554 1553
1567 43 1555 1549
1568 43 B 1556
1569 43 1556 1546
1570 43 B 1557
1571 43 1557 1547
1572 43 B 1558
1573 44 1560 1559
1574 44 1561 1560
1575 44 1563 1562
1576 44 1564 1563
1577 44 1565 1561
1578 44 1566 1564
1579 44 1568 1567
1580 44 1570 1569
1581 44 1572 1571
1582 45 1575 1573
1583 45 1576 1574
1584 45 1578 1577
1585 45 1579 1575
1586 45 B 1580
1587 45 1580 1574
1588 45 B 1581
1589 46 1574 1573
1590 46 1583 1582
1591 46 1577 1574
1592 46 1584 1583
1593 46 B 1577
1594 46 B 1584
1595 46 1586 1585
1596 46 1588 1587
1597 46 B 1581
1598 47 1590 1589
1599 47 1592 1591
1600 47 1594 1593
1601 47 1595 1590
1602 47 B 1596
1603 47 1596 1591
1604 47 B 1597
1605 48 1599 1598
1606 48 1600 1599
1607 48 1602 1601
1608 48 1604 1603
1609 49 1607 1605
1610 49 B 1608
1611 50 1606 1605
1612 50 1610 1609
1613 50 B 1608
1614 51 1612 1611
1615 51 B 1613
1616 52 1615 1614
1617 54 B 1616
1618 56 B 1617