1 1 B T
2 2 1 T
3 2 B 1
4 2 B T
5 3 2 T
6 3 3 2
7 3 B 3
8 3 3 4
9 3 B 2
10 3 B 4
11 4 5 T
12 4 6 5
13 4 7 6
14 4 B 7
15 4 8 5
16 4 9 5
17 4 10 5
18 5 11 T
19 5 12 11
20 5 13 12
21 5 14 13
22 5 B 14
23 5 13 15
24 5 16 11
25 5 B 16
26 5 B 17
27 6 18 T
28 6 19 18
29 6 20 19
30 6 11 T
31 6 21 20
32 6 22 21
33 6 15 11
34 6 23 19
35 6 B 22
36 6 B 15
37 6 B 23
38 6 B 21
39 6 25 24
40 6 26 24
41 6 B 17
42 7 27 T
43 7 28 27
44 7 29 28
45 7 28 30
46 7 31 29
47 7 32 31
48 7 34 33
49 7 31 34
50 7 35 32
51 7 37 36
52 7 38 37
53 7 35 38
54 7 B 35
55 7 39 28
56 7 B 39
57 7 B 40
58 7 40 33
59 7 B 41
60 8 42 T
61 8 43 42
62 8 44 43
63 8 45 42
64 8 46 44
65 8 47 46
66 8 48 45
67 8 49 44
68 8 50 47
69 8 51 48
70 8 52 49
71 8 53 47
72 8 54 50
73 8 B 54
74 8 56 55
75 8 57 55
76 8 59 58
77 9 60 T
78 9 61 60
79 9 62 61
80 9 62 63
81 9 64 62
82 9 65 64
83 9 67 66
84 9 65 67
85 9 68 65
86 9 70 69
87 9 71 70
88 9 72 71
89 9 72 68
90 9 73 72
91 9 B 73
92 9 74 62
93 9 B 74
94 9 B 75
95 9 75 66
96 9 B 76
97 10 77 T
98 10 78 77
99 10 60 T
100 10 79 78
101 10 63 60
102 10 80 78
103 10 81 79
104 10 82 81
105 10 66 63
106 10 83 80
107 10 84 81
108 10 85 82
109 10 69 66
110 10 86 83
111 10 87 84
112 10 88 85
113 10 89 85
114 10 90 89
115 10 B 69
116 10 B 86
117 10 B 87
118 10 B 88
119 10 B 90
120 10 91 90
121 10 B 91
122 10 93 92
123 10 94 92
124 10 96 95
125 10 B 76
126 11 97 T
127 11 98 97
128 11 98 99
129 11 100 98
130 11 102 101
131 11 103 102
132 11 103 100
133 11 104 103
134 11 106 105
135 11 107 106
136 11 108 107
137 11 110 109
138 11 111 110
139 11 112 111
140 11 108 104
141 11 113 108
142 11 114 112
143 11 116 115
144 11 117 116
145 11 118 117
146 11 119 118
147 11 114 113
148 11 120 114
149 11 121 119
150 11 121 120
151 11 B 121
152 11 122 103
153 11 B 122
154 11 B 123
155 11 123 106
156 11 B 124
157 11 124 109
158 11 B 125
159 12 126 T
160 12 127 126
161 12 128 126
162 12 129 127
163 12 130 128
164 12 131 129
165 12 132 129
166 12 133 132
167 12 134 130
168 12 135 131
169 12 136 133
170 12 137 134
171 12 138 135
172 12 139 136
173 12 140 133
174 12 141 140
175 12 142 141
176 12 143 137
177 12 144 138
178 12 145 139
179 12 146 142
180 12 147 141
181 12 148 147
182 12 149 148
183 12 150 148
184 12 151 150
185 12 153 152
186 12 154 152
187 12 156 155
188 12 158 157
189 13 159 T
190 13 160 159
191 13 162 161
192 13 164 163
193 13 162 160
194 13 165 162
195 13 166 164
196 13 168 167
197 13 169 168
198 13 171 170
199 13 172 171
200 13 166 165
201 13 173 166
202 13 174 169
203 13 175 172
204 13 177 176
205 13 178 177
206 13 179 178
207 13 174 173
208 13 180 174
209 13 181 175
210 13 182 179
211 13 181 180
212 13 183 181
213 13 184 182
214 13 185 166
215 13 B 185
216 13 B 186
217 13 186 168
218 13 B 187
219 13 187 170
220 13 B 188
221 14 159 T
222 14 190 189
223 14 161 159
224 14 191 190
225 14 163 161
226 14 192 191
227 14 193 190
228 14 194 193
229 14 195 194
230 14 167 163
231 14 196 192
232 14 197 195
233 14 170 167
234 14 198 196
235 14 199 197
236 14 200 194
237 14 201 200
238 14 202 201
239 14 203 202
240 14 176 170
241 14 204 198
242 14 205 199
243 14 206 203
244 14 B 176
245 14 B 204
246 14 B 205
247 14 B 206
248 14 207 201
249 14 208 207
250 14 209 208
251 14 210 209
252 14 B 210
253 14 211 208
254 14 212 211
255 14 213 212
256 14 B 213
257 14 215 214
258 14 216 214
259 14 218 217
260 14 220 219
261 14 B 188
262 15 222 221
263 15 224 223
264 15 226 225
265 15 227 222
266 15 228 224
267 15 229 226
268 15 231 230
269 15 232 231
270 15 234 233
271 15 235 234
272 15 228 227
273 15 236 228
274 15 237 229
275 15 238 232
276 15 239 235
277 15 241 240
278 15 242 241
279 15 243 242
280 15 245 244
281 15 246 245
282 15 247 246
283 15 237 236
284 15 248 237
285 15 249 238
286 15 250 239
287 15 251 243
288 15 252 247
289 15 249 248
290 15 253 249
291 15 254 250
292 15 255 251
293 15 256 252
294 15 257 237
295 15 B 257
296 15 B 258
297 15 258 232
298 15 B 259
299 15 259 234
300 15 B 260
301 15 260 240
302 15 B 261
303 16 263 262
304 16 264 263
305 16 266 265
306 16 267 266
307 16 268 264
308 16 269 267
309 16 270 268
310 16 271 269
311 16 273 272
312 16 274 273
313 16 275 274
314 16 276 275
315 16 277 270
316 16 278 271
317 16 279 276
318 16 280 277
319 16 281 278
320 16 282 279
321 16 283 273
322 16 284 283
323 16 285 284
324 16 286 285
325 16 287 286
326 16 288 287
327 16 289 284
328 16 290 289
329 16 291 290
330 16 292 291
331 16 293 292
332 16 295 294
333 16 296 294
334 16 298 297
335 16 300 299
336 16 302 301
337 17 305 303
338 17 306 304
339 17 308 307
340 17 310 309
341 17 311 305
342 17 312 306
343 17 313 308
344 17 314 310
345 17 316 315
346 17 317 316
347 17 319 318
348 17 320 319
349 17 321 311
350 17 322 312
351 17 323 313
352 17 324 314
353 17 325 317
354 17 326 320
355 17 322 321
356 17 327 322
357 17 328 323
358 17 329 324
359 17 330 325
360 17 331 326
361 17 332 322
362 17 B 332
363 17 B 333
364 17 333 313
365 17 B 334
366 17 334 310
367 17 B 335
368 17 335 315
369 17 B 336
370 18 304 303
371 18 338 337
372 18 307 304
373 18 339 338
374 18 309 307
375 18 340 339
376 18 342 341
377 18 343 342
378 18 344 343
379 18 315 309
380 18 345 340
381 18 346 344
382 18 318 315
383 18 347 345
384 18 348 346
385 18 350 349
386 18 351 350
387 18 352 351
388 18 353 352
389 18 354 353
390 18 B 318
391 18 B 347
392 18 B 348
393 18 B 354
394 18 356 355
395 18 357 356
396 18 358 357
397 18 359 358
398 18 360 359
399 18 B 360
400 18 362 361
401 18 363 361
402 18 365 364
403 18 367 366
404 18 369 368
405 18 B 336
406 19 371 370
407 19 373 372
408 19 375 374
409 19 376 371
410 19 377 373
411 19 378 375
412 19 380 379
413 19 381 380
414 19 383 382
415 19 384 383
416 19 385 376
417 19 386 377
418 19 387 378
419 19 388 381
420 19 389 384
421 19 391 390
422 19 392 391
423 19 393 392
424 19 394 385
425 19 395 386
426 19 396 387
427 19 397 388
428 19 398 389
429 19 399 393
430 19 400 394
431 19 B 401
432 19 401 386
433 19 B 402
434 19 402 378
435 19 B 403
436 19 403 380
437 19 B 404
438 19 404 382
439 19 B 405
440 20 407 406
441 20 408 407
442 20 410 409
443 20 411 410
444 20 412 408
445 20 413 411
446 20 414 412
447 20 415 413
448 20 417 416
449 20 418 417
450 20 419 418
451 20 420 419
452 20 421 414
453 20 422 415
454 20 423 420
455 20 425 424
456 20 426 425
457 20 427 426
458 20 428 427
459 20 429 428
460 20 431 430
461 20 433 432
462 20 435 434
463 20 437 436
464 20 439 438
465 21 442 440
466 21 443 441
467 21 445 444
468 21 447 446
469 21 448 442
470 21 449 443
471 21 450 445
472 21 451 447
473 21 453 452
474 21 454 453
475 21 455 448
476 21 456 449
477 21 457 450
478 21 458 451
479 21 459 454
480 21 460 455
481 21 B 461
482 21 461 449
483 21 B 462
484 21 462 445
485 21 B 463
486 21 463 446
487 21 B 464
488 22 441 440
489 22 466 465
490 22 444 441
491 22 467 466
492 22 446 444
493 22 468 467
494 22 470 469
495 22 471 470
496 22 472 471
497 22 452 446
498 22 473 468
499 22 474 472
500 22 B 452
501 22 B 473
502 22 B 474
503 22 476 475
504 22 477 476
505 22 478 477
506 22 479 478
507 22 B 479
508 22 481 480
509 22 483 482
510 22 485 484
511 22 487 486
512 22 B 464
513 23 489 488
514 23 491 490
515 23 493 492
516 23 494 489
517 23 495 491
518 23 496 493
519 23 498 497
520 23 499 498
521 23 501 500
522 23 502 501
523 23 503 494
524 23 504 495
525 23 505 496
526 23 506 499
527 23 507 502
528 23 508 503
529 23 B 509
530 23 509 495
531 23 B 510
532 23 510 493
533 23 B 511
534 23 511 497
535 23 B 512
536 24 514 513
537 24 515 514
538 24 517 516
539 24 518 517
540 24 519 515
541 24 520 518
542 24 521 519
543 24 522 520
544 24 524 523
545 24 525 524
546 24 526 525
547 24 527 526
548 24 529 528
549 24 531 530
550 24 533 532
551 24 535 534
552 25 538 536
553 25 539 537
554 25 541 540
555 25 543 542
556 25 544 538
557 25 545 539
558 25 546 541
559 25 547 543
560 25 548 544
561 25 B 549
562 25 549 539
563 25 B 550
564 25 550 540
565 25 B 551
566 26 537 536
567 26 553 552
568 26 540 537
569 26 554 553
570 26 542 540
571 26 555 554
572 26 557 556
573 26 558 557
574 26 559 558
575 26 B 542
576 26 B 555
577 26 B 559
578 26 561 560
579 26 563 562
580 26 565 564
581 26 B 551
582 27 567 566
583 27 569 568
584 27 571 570
585 27 572 567
586 27 573 569
587 27 574 571
588 27 576 575
589 27 577 576
590 27 578 572
591 27 B 579
592 27 579 569
593 27 B 580
594 27 580 570
595 27 B 581
596 28 583 582
597 28 584 583
598 28 586 585
599 28 587 586
600 28 588 584
601 28 589 587
602 28 591 590
603 28 593 592
604 28 595 594
605 29 598 596
606 29 599 597
607 29 601 600
608 29 602 598
609 29 B 603
610 29 603 597
611 29 B 604
612 30 597 596
613 30 606 605
614 30 600 597
615 30 607 606
616 30 B 600
617 30 B 607
618 30 609 608
619 30 611 610
620 30 B 604
621 31 613 612
622 31 615 614
623 31 617 616
624 31 618 613
625 31 B 619
626 31 619 614
627 31 B 620
628 32 622 621
629 32 623 622
630 32 625 624
631 32 627 626
632 33 630 628
633 33 B 631
634 34 629 628
635 34 633 632
636 34 B 631
637 35 635 634
638 35 B 636
639 36 638 637
640 38 B 639
641 40 B 640