1 1 B T
2 2 1 T
3 2 B 1
4 2 B T
5 3 2 T
6 3 3 2
7 3 B 3
8 3 3 4
9 3 B 2
10 3 B 4
11 4 5 T
12 4 6 5
13 4 7 6
14 4 B 7
15 4 8 5
16 4 9 5
17 4 10 5
18 5 11 T
19 5 12 11
20 5 13 12
21 5 14 13
22 5 B 14
23 5 13 15
24 5 16 11
25 5 B 16
26 5 B 17
27 6 18 T
28 6 19 18
29 6 20 19
30 6 21 20
31 6 11 T
32 6 22 21
33 6 B 22
34 6 15 11
35 6 23 19
36 6 B 15
37 6 B 23
38 6 B 21
39 6 25 24
40 6 26 24
41 6 B 17
42 7 27 T
43 7 28 27
44 7 29 28
45 7 30 29
46 7 28 31
47 7 32 30
48 7 33 32
49 7 35 34
50 7 30 35
51 7 B 33
52 7 37 36
53 7 38 37
54 7 33 38
55 7 39 28
56 7 B 39
57 7 B 40
58 7 40 34
59 7 B 41
60 8 42 T
61 8 43 42
62 8 44 43
63 8 45 44
64 8 46 42
65 8 47 45
66 8 48 47
67 8 49 46
68 8 50 44
69 8 51 48
70 8 52 49
71 8 53 50
72 8 54 47
73 8 B 51
74 8 56 55
75 8 57 55
76 8 59 58
77 9 60 T
78 9 61 60
79 9 62 61
80 9 63 62
81 9 62 64
82 9 65 63
83 9 66 65
84 9 68 67
85 9 65 68
86 9 69 66
87 9 71 70
88 9 72 71
89 9 69 72
90 9 73 69
91 9 B 73
92 9 74 62
93 9 B 74
94 9 B 75
95 9 75 67
96 9 B 76
97 10 77 T
98 10 78 77
99 10 79 78
100 10 60 T
101 10 80 79
102 10 64 60
103 10 81 78
104 10 82 80
105 10 83 82
106 10 67 64
107 10 84 81
108 10 85 80
109 10 86 83
110 10 70 67
111 10 87 84
112 10 88 85
113 10 89 83
114 10 90 86
115 10 91 90
116 10 B 70
117 10 B 87
118 10 B 88
119 10 B 89
120 10 B 90
121 10 B 91
122 10 93 92
123 10 94 92
124 10 96 95
125 10 B 76
126 11 97 T
127 11 98 97
128 11 99 98
129 11 98 100
130 11 101 99
131 11 103 102
132 11 101 103
133 11 104 101
134 11 105 104
135 11 107 106
136 11 108 107
137 11 105 108
138 11 109 105
139 11 111 110
140 11 112 111
141 11 113 112
142 11 114 113
143 11 114 109
144 11 115 114
145 11 117 116
146 11 118 117
147 11 119 118
148 11 120 119
149 11 121 120
150 11 121 115
151 11 B 121
152 11 122 101
153 11 B 122
154 11 B 123
155 11 123 107
156 11 B 124
157 11 124 110
158 11 B 125
159 12 126 T
160 12 127 126
161 12 128 127
162 12 129 126
163 12 130 128
164 12 131 129
165 12 132 128
166 12 133 130
167 12 134 133
168 12 135 131
169 12 136 132
170 12 137 133
171 12 138 134
172 12 139 135
173 12 140 136
174 12 141 137
175 12 142 138
176 12 143 138
177 12 144 143
178 12 145 139
179 12 146 140
180 12 147 141
181 12 148 142
182 12 149 144
183 12 150 144
184 12 151 150
185 12 B 151
186 12 153 152
187 12 154 152
188 12 156 155
189 12 158 157
190 13 159 T
191 13 160 159
192 13 161 160
193 13 161 162
194 13 163 161
195 13 165 164
196 13 166 165
197 13 166 163
198 13 167 166
199 13 169 168
200 13 170 169
201 13 171 170
202 13 173 172
203 13 174 173
204 13 175 174
205 13 171 167
206 13 176 171
207 13 177 175
208 13 179 178
209 13 180 179
210 13 181 180
211 13 182 181
212 13 177 176
213 13 183 177
214 13 184 182
215 13 184 183
216 13 185 184
217 13 B 185
218 13 186 166
219 13 B 186
220 13 B 187
221 13 187 169
222 13 B 188
223 13 188 172
224 13 B 189
225 14 190 T
226 14 159 T
227 14 191 190
228 14 192 191
229 14 162 159
230 14 193 191
231 14 194 192
232 14 164 162
233 14 195 193
234 14 196 194
235 14 197 194
236 14 198 197
237 14 168 164
238 14 199 195
239 14 200 196
240 14 201 198
241 14 172 168
242 14 202 199
243 14 203 200
244 14 204 201
245 14 205 198
246 14 206 205
247 14 207 206
248 14 178 172
249 14 208 202
250 14 209 203
251 14 210 204
252 14 211 207
253 14 B 178
254 14 B 208
255 14 B 209
256 14 B 210
257 14 B 211
258 14 212 206
259 14 213 212
260 14 214 213
261 14 B 214
262 14 215 213
263 14 216 215
264 14 B 216
265 14 217 216
266 14 B 217
267 14 219 218
268 14 220 218
269 14 222 221
270 14 224 223
271 14 B 189
272 15 225 T
273 15 227 226
274 15 227 225
275 15 228 227
276 15 230 229
277 15 231 230
278 15 233 232
279 15 234 233
280 15 231 228
281 15 235 231
282 15 236 234
283 15 238 237
284 15 239 238
285 15 240 239
286 15 242 241
287 15 243 242
288 15 244 243
289 15 236 235
290 15 245 236
291 15 246 240
292 15 247 244
293 15 249 248
294 15 250 249
295 15 251 250
296 15 252 251
297 15 254 253
298 15 255 254
299 15 256 255
300 15 257 256
301 15 246 245
302 15 258 246
303 15 259 247
304 15 260 252
305 15 261 257
306 15 259 258
307 15 262 259
308 15 263 260
309 15 264 261
310 15 263 262
311 15 265 263
312 15 266 264
313 15 267 236
314 15 B 267
315 15 B 268
316 15 268 239
317 15 B 269
318 15 269 242
319 15 B 270
320 15 270 248
321 15 B 271
322 16 272 T
323 16 273 272
324 16 274 272
325 16 275 274
326 16 276 273
327 16 277 275
328 16 278 276
329 16 279 277
330 16 280 275
331 16 281 280
332 16 282 281
333 16 283 278
334 16 284 279
335 16 285 282
336 16 286 283
337 16 287 284
338 16 288 285
339 16 289 281
340 16 290 289
341 16 291 290
342 16 292 291
343 16 293 286
344 16 294 287
345 16 295 288
346 16 296 292
347 16 297 293
348 16 298 294
349 16 299 295
350 16 300 296
351 16 301 290
352 16 302 301
353 16 303 302
354 16 304 303
355 16 305 304
356 16 306 302
357 16 307 306
358 16 308 307
359 16 309 308
360 16 310 307
361 16 311 310
362 16 312 311
363 16 314 313
364 16 315 313
365 16 317 316
366 16 319 318
367 16 321 320
368 17 324 322
369 17 325 323
370 17 327 326
371 17 329 328
372 17 325 324
373 17 330 325
374 17 331 327
375 17 332 329
376 17 334 333
377 17 335 334
378 17 337 336
379 17 338 337
380 17 331 330
381 17 339 331
382 17 340 332
383 17 341 335
384 17 342 338
385 17 344 343
386 17 345 344
387 17 346 345
388 17 348 347
389 17 349 348
390 17 350 349
391 17 340 339
392 17 351 340
393 17 352 341
394 17 353 342
395 17 354 346
396 17 355 350
397 17 352 351
398 17 356 352
399 17 357 353
400 17 358 354
401 17 359 355
402 17 357 356
403 17 360 357
404 17 361 358
405 17 362 359
406 17 363 340
407 17 B 363
408 17 B 364
409 17 364 335
410 17 B 365
411 17 365 337
412 17 B 366
413 17 366 343
414 17 B 367
415 18 323 322
416 18 369 368
417 18 326 323
418 18 370 369
419 18 328 326
420 18 371 370
421 18 373 372
422 18 374 373
423 18 375 374
424 18 333 328
425 18 376 371
426 18 377 375
427 18 336 333
428 18 378 376
429 18 379 377
430 18 380 373
431 18 381 380
432 18 382 381
433 18 383 382
434 18 384 383
435 18 343 336
436 18 385 378
437 18 386 379
438 18 387 384
439 18 347 343
440 18 388 385
441 18 389 386
442 18 390 387
443 18 391 381
444 18 392 391
445 18 393 392
446 18 394 393
447 18 395 394
448 18 396 395
449 18 B 347
450 18 B 388
451 18 B 389
452 18 B 390
453 18 B 396
454 18 397 392
455 18 398 397
456 18 399 398
457 18 400 399
458 18 401 400
459 18 B 401
460 18 402 398
461 18 403 402
462 18 404 403
463 18 405 404
464 18 B 405
465 18 407 406
466 18 408 406
467 18 410 409
468 18 412 411
469 18 414 413
470 18 B 367
471 19 416 415
472 19 418 417
473 19 420 419
474 19 421 416
475 19 422 418
476 19 423 420
477 19 425 424
478 19 426 425
479 19 428 427
480 19 429 428
481 19 430 421
482 19 431 422
483 19 432 423
484 19 433 426
485 19 434 429
486 19 436 435
487 19 437 436
488 19 438 437
489 19 440 439
490 19 441 440
491 19 442 441
492 19 431 430
493 19 443 431
494 19 444 432
495 19 445 433
496 19 446 434
497 19 447 438
498 19 448 442
499 19 450 449
500 19 451 450
501 19 452 451
502 19 453 452
503 19 444 443
504 19 454 444
505 19 455 445
506 19 456 446
507 19 457 447
508 19 458 448
509 19 459 453
510 19 455 454
511 19 460 455
512 19 461 456
513 19 462 457
514 19 463 458
515 19 464 459
516 19 465 444
517 19 B 465
518 19 B 466
519 19 466 433
520 19 B 467
521 19 467 429
522 19 B 468
523 19 468 436
524 19 B 469
525 19 469 439
526 19 B 470
527 20 472 471
528 20 473 472
529 20 475 474
530 20 476 475
531 20 477 473
532 20 478 476
533 20 479 477
534 20 480 478
535 20 482 481
536 20 483 482
537 20 484 483
538 20 485 484
539 20 486 479
540 20 487 480
541 20 488 485
542 20 489 486
543 20 490 487
544 20 491 488
545 20 493 492
546 20 494 493
547 20 495 494
548 20 496 495
549 20 497 496
550 20 498 497
551 20 499 489
552 20 500 490
553 20 501 491
554 20 502 498
555 20 503 493
556 20 504 503
557 20 505 504
558 20 506 505
559 20 507 506
560 20 508 507
561 20 509 508
562 20 510 504
563 20 511 510
564 20 512 511
565 20 513 512
566 20 514 513
567 20 515 514
568 20 517 516
569 20 518 516
570 20 520 519
571 20 522 521
572 20 524 523
573 20 526 525
574 21 529 527
575 21 530 528
576 21 532 531
577 21 534 533
578 21 535 529
579 21 536 530
580 21 537 532
581 21 538 534
582 21 540 539
583 21 541 540
584 21 543 542
585 21 544 543
586 21 545 535
587 21 546 536
588 21 547 537
589 21 548 538
590 21 549 541
591 21 550 544
592 21 552 551
593 21 553 552
594 21 554 553
595 21 555 545
596 21 556 546
597 21 557 547
598 21 558 548
599 21 559 549
600 21 560 550
601 21 561 554
602 21 556 555
603 21 562 556
604 21 563 557
605 21 564 558
606 21 565 559
607 21 566 560
608 21 567 561
609 21 568 556
610 21 B 568
611 21 B 569
612 21 569 547
613 21 B 570
614 21 570 538
615 21 B 571
616 21 571 540
617 21 B 572
618 21 572 542
619 21 B 573
620 22 528 527
621 22 575 574
622 22 531 528
623 22 576 575
624 22 533 531
625 22 577 576
626 22 579 578
627 22 580 579
628 22 581 580
629 22 539 533
630 22 582 577
631 22 583 581
632 22 542 539
633 22 584 582
634 22 585 583
635 22 587 586
636 22 588 587
637 22 589 588
638 22 590 589
639 22 591 590
640 22 551 542
641 22 592 584
642 22 593 585
643 22 594 591
644 22 B 551
645 22 B 592
646 22 B 593
647 22 B 594
648 22 596 595
649 22 597 596
650 22 598 597
651 22 599 598
652 22 600 599
653 22 601 600
654 22 B 601
655 22 603 602
656 22 604 603
657 22 605 604
658 22 606 605
659 22 607 606
660 22 608 607
661 22 B 608
662 22 610 609
663 22 611 609
664 22 613 612
665 22 615 614
666 22 617 616
667 22 619 618
668 22 B 573
669 23 621 620
670 23 623 622
671 23 625 624
672 23 626 621
673 23 627 623
674 23 628 625
675 23 630 629
676 23 631 630
677 23 633 632
678 23 634 633
679 23 635 626
680 23 636 627
681 23 637 628
682 23 638 631
683 23 639 634
684 23 641 640
685 23 642 641
686 23 643 642
687 23 645 644
688 23 646 645
689 23 647 646
690 23 648 635
691 23 649 636
692 23 650 637
693 23 651 638
694 23 652 639
695 23 653 643
696 23 654 647
697 23 655 648
698 23 656 649
699 23 657 650
700 23 658 651
701 23 659 652
702 23 660 653
703 23 661 654
704 23 662 655
705 23 B 663
706 23 663 649
707 23 B 664
708 23 664 637
709 23 B 665
710 23 665 631
711 23 B 666
712 23 666 633
713 23 B 667
714 23 667 640
715 23 B 668
716 24 670 669
717 24 671 670
718 24 673 672
719 24 674 673
720 24 675 671
721 24 676 674
722 24 677 675
723 24 678 676
724 24 680 679
725 24 681 680
726 24 682 681
727 24 683 682
728 24 684 677
729 24 685 678
730 24 686 683
731 24 687 684
732 24 688 685
733 24 689 686
734 24 691 690
735 24 692 691
736 24 693 692
737 24 694 693
738 24 695 694
739 24 696 695
740 24 698 697
741 24 699 698
742 24 700 699
743 24 701 700
744 24 702 701
745 24 703 702
746 24 705 704
747 24 707 706
748 24 709 708
749 24 711 710
750 24 713 712
751 24 715 714
752 25 718 716
753 25 719 717
754 25 721 720
755 25 723 722
756 25 724 718
757 25 725 719
758 25 726 721
759 25 727 723
760 25 729 728
761 25 730 729
762 25 732 731
763 25 733 732
764 25 734 724
765 25 735 725
766 25 736 726
767 25 737 727
768 25 738 730
769 25 739 733
770 25 740 734
771 25 741 735
772 25 742 736
773 25 743 737
774 25 744 738
775 25 745 739
776 25 746 740
777 25 B 747
778 25 747 735
779 25 B 748
780 25 748 726
781 25 B 749
782 25 749 723
783 25 B 750
784 25 750 728
785 25 B 751
786 26 717 716
787 26 753 752
788 26 720 717
789 26 754 753
790 26 722 720
791 26 755 754
792 26 757 756
793 26 758 757
794 26 759 758
795 26 728 722
796 26 760 755
797 26 761 759
798 26 731 728
799 26 762 760
800 26 763 761
801 26 765 764
802 26 766 765
803 26 767 766
804 26 768 767
805 26 769 768
806 26 B 731
807 26 B 762
808 26 B 763
809 26 B 769
810 26 771 770
811 26 772 771
812 26 773 772
813 26 774 773
814 26 775 774
815 26 B 775
816 26 777 776
817 26 779 778
818 26 781 780
819 26 783 782
820 26 785 784
821 26 B 751
822 27 787 786
823 27 789 788
824 27 791 790
825 27 792 787
826 27 793 789
827 27 794 791
828 27 796 795
829 27 797 796
830 27 799 798
831 27 800 799
832 27 801 792
833 27 802 793
834 27 803 794
835 27 804 797
836 27 805 800
837 27 807 806
838 27 808 807
839 27 809 808
840 27 810 801
841 27 811 802
842 27 812 803
843 27 813 804
844 27 814 805
845 27 815 809
846 27 816 810
847 27 B 817
848 27 817 802
849 27 B 818
850 27 818 794
851 27 B 819
852 27 819 796
853 27 B 820
854 27 820 798
855 27 B 821
856 28 823 822
857 28 824 823
858 28 826 825
859 28 827 826
860 28 828 824
861 28 829 827
862 28 830 828
863 28 831 829
864 28 833 832
865 28 834 833
866 28 835 834
867 28 836 835
868 28 837 830
869 28 838 831
870 28 839 836
871 28 841 840
872 28 842 841
873 28 843 842
874 28 844 843
875 28 845 844
876 28 847 846
877 28 849 848
878 28 851 850
879 28 853 852
880 28 855 854
881 29 858 856
882 29 859 857
883 29 861 860
884 29 863 862
885 29 864 858
886 29 865 859
887 29 866 861
888 29 867 863
889 29 869 868
890 29 870 869
891 29 871 864
892 29 872 865
893 29 873 866
894 29 874 867
895 29 875 870
896 29 876 871
897 29 B 877
898 29 877 865
899 29 B 878
900 29 878 861
901 29 B 879
902 29 879 862
903 29 B 880
904 30 857 856
905 30 882 881
906 30 860 857
907 30 883 882
908 30 862 860
909 30 884 883
910 30 886 885
911 30 887 886
912 30 888 887
913 30 868 862
914 30 889 884
915 30 890 888
916 30 B 868
917 30 B 889
918 30 B 890
919 30 892 891
920 30 893 892
921 30 894 893
922 30 895 894
923 30 B 895
924 30 897 896
925 30 899 898
926 30 901 900
927 30 903 902
928 30 B 880
929 31 905 904
930 31 907 906
931 31 909 908
932 31 910 905
933 31 911 907
934 31 912 909
935 31 914 913
936 31 915 914
937 31 917 916
938 31 918 917
939 31 919 910
940 31 920 911
941 31 921 912
942 31 922 915
943 31 923 918
944 31 924 919
945 31 B 925
946 31 925 911
947 31 B 926
948 31 926 909
949 31 B 927
950 31 927 913
951 31 B 928
952 32 930 929
953 32 931 930
954 32 933 932
955 32 934 933
956 32 935 931
957 32 936 934
958 32 937 935
959 32 938 936
960 32 940 939
961 32 941 940
962 32 942 941
963 32 943 942
964 32 945 944
965 32 947 946
966 32 949 948
967 32 951 950
968 33 954 952
969 33 955 953
970 33 957 956
971 33 959 958
972 33 960 954
973 33 961 955
974 33 962 957
975 33 963 959
976 33 964 960
977 33 B 965
978 33 965 955
979 33 B 966
980 33 966 956
981 33 B 967
982 34 953 952
983 34 969 968
984 34 956 953
985 34 970 969
986 34 958 956
987 34 971 970
988 34 973 972
989 34 974 973
990 34 975 974
991 34 B 958
992 34 B 971
993 34 B 975
994 34 977 976
995 34 979 978
996 34 981 980
997 34 B 967
998 35 983 982
999 35 985 984
1000 35 987 986
1001 35 988 983
1002 35 989 985
1003 35 990 987
1004 35 992 991
1005 35 993 992
1006 35 994 988
1007 35 B 995
1008 35 995 985
1009 35 B 996
1010 35 996 986
1011 35 B 997
1012 36 999 998
1013 36 1000 999
1014 36 1002 1001
1015 36 1003 1002
1016 36 1004 1000
1017 36 1005 1003
1018 36 1007 1006
1019 36 1009 1008
1020 36 1011 1010
1021 37 1014 1012
1022 37 1015 1013
1023 37 1017 1016
1024 37 1018 1014
1025 37 B 1019
1026 37 1019 1013
1027 37 B 1020
1028 38 1013 1012
1029 38 1022 1021
1030 38 1016 1013
1031 38 1023 1022
1032 38 B 1016
1033 38 B 1023
1034 38 1025 1024
1035 38 1027 1026
1036 38 B 1020
1037 39 1029 1028
1038 39 1031 1030
1039 39 1033 1032
1040 39 1034 1029
1041 39 B 1035
1042 39 1035 1030
1043 39 B 1036
1044 40 1038 1037
1045 40 1039 1038
1046 40 1041 1040
1047 40 1043 1042
1048 41 1046 1044
1049 41 B 1047
1050 42 1045 1044
1051 42 1049 1048
1052 42 B 1047
1053 43 1051 1050
1054 43 B 1052
1055 44 1054 1053
1056 46 B 1055
1057 48 B 1056