1 1 B T
2 2 1 T
3 2 B 1
4 2 B T
5 3 2 T
6 3 3 2
7 3 B 3
8 3 3 4
9 3 B 2
10 3 B 4
11 4 5 T
12 4 6 5
13 4 7 6
14 4 B 7
15 4 8 5
16 4 9 5
17 4 10 5
18 5 11 T
19 5 12 11
20 5 13 12
21 5 14 13
22 5 13 15
23 5 B 14
24 5 16 11
25 5 B 16
26 5 B 17
27 6 18 T
28 6 19 18
29 6 20 19
30 6 11 T
31 6 21 20
32 6 15 11
33 6 22 19
34 6 23 21
35 6 B 23
36 6 B 15
37 6 B 22
38 6 B 21
39 6 25 24
40 6 26 24
41 6 B 17
42 7 27 T
43 7 28 27
44 7 29 28
45 7 28 30
46 7 31 29
47 7 33 32
48 7 31 33
49 7 34 31
50 7 35 34
51 7 37 36
52 7 38 37
53 7 35 38
54 7 B 35
55 7 39 28
56 7 B 39
57 7 B 40
58 7 40 32
59 7 B 41
60 8 42 T
61 8 43 42
62 8 44 43
63 8 45 42
64 8 46 44
65 8 47 45
66 8 48 44
67 8 49 46
68 8 50 49
69 8 51 47
70 8 52 48
71 8 53 49
72 8 54 50
73 8 B 54
74 8 56 55
75 8 57 55
76 8 59 58
77 9 60 T
78 9 61 60
79 9 62 61
80 9 62 63
81 9 64 62
82 9 66 65
83 9 67 66
84 9 67 64
85 9 68 67
86 9 70 69
87 9 71 70
88 9 72 71
89 9 72 68
90 9 73 72
91 9 B 73
92 9 74 62
93 9 B 74
94 9 B 75
95 9 75 65
96 9 B 76
97 10 77 T
98 10 60 T
99 10 78 77
100 10 79 78
101 10 63 60
102 10 80 78
103 10 81 79
104 10 65 63
105 10 82 80
106 10 83 81
107 10 84 81
108 10 85 84
109 10 69 65
110 10 86 82
111 10 87 83
112 10 88 85
113 10 B 69
114 10 B 86
115 10 B 87
116 10 B 88
117 10 89 85
118 10 90 89
119 10 B 90
120 10 91 90
121 10 B 91
122 10 93 92
123 10 94 92
124 10 96 95
125 10 B 76
126 11 97 T
127 11 99 98
128 11 99 97
129 11 100 99
130 11 102 101
131 11 103 102
132 11 105 104
133 11 106 105
134 11 103 100
135 11 107 103
136 11 108 106
137 11 110 109
138 11 111 110
139 11 112 111
140 11 114 113
141 11 115 114
142 11 116 115
143 11 108 107
144 11 117 108
145 11 118 112
146 11 119 116
147 11 118 117
148 11 120 118
149 11 121 119
150 11 122 103
151 11 B 122
152 11 B 123
153 11 123 105
154 11 B 124
155 11 124 109
156 11 B 125
157 12 126 T
158 12 127 126
159 12 128 126
160 12 129 128
161 12 130 127
162 12 131 129
163 12 132 130
164 12 133 131
165 12 134 129
166 12 135 134
167 12 136 135
168 12 137 132
169 12 138 133
170 12 139 136
171 12 140 137
172 12 141 138
173 12 142 139
174 12 143 135
175 12 144 143
176 12 145 144
177 12 146 145
178 12 147 144
179 12 148 147
180 12 149 148
181 12 151 150
182 12 152 150
183 12 154 153
184 12 156 155
185 13 159 157
186 13 160 158
187 13 162 161
188 13 164 163
189 13 160 159
190 13 165 160
191 13 166 162
192 13 167 164
193 13 169 168
194 13 170 169
195 13 172 171
196 13 173 172
197 13 166 165
198 13 174 166
199 13 175 167
200 13 176 170
201 13 177 173
202 13 175 174
203 13 178 175
204 13 179 176
205 13 180 177
206 13 181 166
207 13 B 181
208 13 B 182
209 13 182 164
210 13 B 183
211 13 183 168
212 13 B 184
213 14 158 157
214 14 186 185
215 14 161 158
216 14 187 186
217 14 163 161
218 14 188 187
219 14 190 189
220 14 191 190
221 14 192 191
222 14 168 163
223 14 193 188
224 14 194 192
225 14 171 168
226 14 195 193
227 14 196 194
228 14 197 190
229 14 198 197
230 14 199 198
231 14 200 199
232 14 201 200
233 14 B 171
234 14 B 195
235 14 B 196
236 14 B 201
237 14 202 198
238 14 203 202
239 14 204 203
240 14 205 204
241 14 B 205
242 14 207 206
243 14 208 206
244 14 210 209
245 14 212 211
246 14 B 184
247 15 214 213
248 15 216 215
249 15 218 217
250 15 219 214
251 15 220 216
252 15 221 218
253 15 223 222
254 15 224 223
255 15 226 225
256 15 227 226
257 15 228 219
258 15 229 220
259 15 230 221
260 15 231 224
261 15 232 227
262 15 234 233
263 15 235 234
264 15 236 235
265 15 229 228
266 15 237 229
267 15 238 230
268 15 239 231
269 15 240 232
270 15 241 236
271 15 242 229
272 15 B 242
273 15 B 243
274 15 243 221
275 15 B 244
276 15 244 223
277 15 B 245
278 15 245 225
279 15 B 246
280 16 248 247
281 16 249 248
282 16 251 250
283 16 252 251
284 16 253 249
285 16 254 252
286 16 255 253
287 16 256 254
288 16 258 257
289 16 259 258
290 16 260 259
291 16 261 260
292 16 262 255
293 16 263 256
294 16 264 261
295 16 266 265
296 16 267 266
297 16 268 267
298 16 269 268
299 16 270 269
300 16 272 271
301 16 273 271
302 16 275 274
303 16 277 276
304 16 279 278
305 17 282 280
306 17 283 281
307 17 285 284
308 17 287 286
309 17 288 282
310 17 289 283
311 17 290 285
312 17 291 287
313 17 293 292
314 17 294 293
315 17 295 288
316 17 296 289
317 17 297 290
318 17 298 291
319 17 299 294
320 17 300 295
321 17 B 301
322 17 301 289
323 17 B 302
324 17 302 285
325 17 B 303
326 17 303 286
327 17 B 304
328 18 281 280
329 18 306 305
330 18 284 281
331 18 307 306
332 18 286 284
333 18 308 307
334 18 310 309
335 18 311 310
336 18 312 311
337 18 292 286
338 18 313 308
339 18 314 312
340 18 B 292
341 18 B 313
342 18 B 314
343 18 316 315
344 18 317 316
345 18 318 317
346 18 319 318
347 18 B 319
348 18 321 320
349 18 323 322
350 18 325 324
351 18 327 326
352 18 B 304
353 19 329 328
354 19 331 330
355 19 333 332
356 19 334 329
357 19 335 331
358 19 336 333
359 19 338 337
360 19 339 338
361 19 341 340
362 19 342 341
363 19 343 334
364 19 344 335
365 19 345 336
366 19 346 339
367 19 347 342
368 19 348 343
369 19 B 349
370 19 349 335
371 19 B 350
372 19 350 333
373 19 B 351
374 19 351 337
375 19 B 352
376 20 354 353
377 20 355 354
378 20 357 356
379 20 358 357
380 20 359 355
381 20 360 358
382 20 361 359
383 20 362 360
384 20 364 363
385 20 365 364
386 20 366 365
387 20 367 366
388 20 369 368
389 20 371 370
390 20 373 372
391 20 375 374
392 21 378 376
393 21 379 377
394 21 381 380
395 21 383 382
396 21 384 378
397 21 385 379
398 21 386 381
399 21 387 383
400 21 388 384
401 21 B 389
402 21 389 379
403 21 B 390
404 21 390 380
405 21 B 391
406 22 377 376
407 22 393 392
408 22 380 377
409 22 394 393
410 22 382 380
411 22 395 394
412 22 397 396
413 22 398 397
414 22 399 398
415 22 B 382
416 22 B 395
417 22 B 399
418 22 401 400
419 22 403 402
420 22 405 404
421 22 B 391
422 23 407 406
423 23 409 408
424 23 411 410
425 23 412 407
426 23 413 409
427 23 414 411
428 23 416 415
429 23 417 416
430 23 418 412
431 23 B 419
432 23 419 409
433 23 B 420
434 23 420 410
435 23 B 421
436 24 423 422
437 24 424 423
438 24 426 425
439 24 427 426
440 24 428 424
441 24 429 427
442 24 431 430
443 24 433 432
444 24 435 434
445 25 438 436
446 25 439 437
447 25 441 440
448 25 442 438
449 25 B 443
450 25 443 437
451 25 B 444
452 26 437 436
453 26 446 445
454 26 440 437
455 26 447 446
456 26 B 440
457 26 B 447
458 26 449 448
459 26 451 450
460 26 B 444
461 27 453 452
462 27 455 454
463 27 457 456
464 27 458 453
465 27 B 459
466 27 459 454
467 27 B 460
468 28 462 461
469 28 463 462
470 28 465 464
471 28 467 466
472 29 470 468
473 29 B 471
474 30 469 468
475 30 473 472
476 30 B 471
477 31 475 474
478 31 B 476
479 32 478 477
480 34 B 479
481 36 B 480