1 1 B T
2 2 1 T
3 2 B 1
4 3 2 T
5 3 3 2
6 3 B 3
7 3 B 2
8 4 4 T
9 4 5 4
10 4 2 T
11 4 6 5
12 4 B 2
13 4 B 5
14 4 B 6
15 4 7 4
16 5 8 T
17 5 9 8
18 5 9 10
19 5 11 9
20 5 13 12
21 5 14 13
22 5 14 11
23 5 B 14
24 5 15 8
25 5 B 15
26 5 15 10
27 5 B 12
28 6 16 T
29 6 17 16
30 6 18 16
31 6 19 17
32 6 20 18
33 6 21 19
34 6 22 19
35 6 23 22
36 6 25 24
37 6 27 26
38 7 28 T
39 7 29 28
40 7 31 30
41 7 33 32
42 7 31 29
43 7 34 31
44 7 35 33
45 7 36 29
46 7 B 36
47 7 36 30
48 7 B 37
49 8 28 T
50 8 39 38
51 8 30 28
52 8 40 39
53 8 32 30
54 8 41 40
55 8 42 39
56 8 43 42
57 8 44 43
58 8 B 32
59 8 B 41
60 8 B 44
61 8 46 45
62 8 48 47
63 8 B 37
64 9 50 49
65 9 52 51
66 9 54 53
67 9 55 50
68 9 56 52
69 9 57 54
70 9 59 58
71 9 60 59
72 9 61 55
73 9 B 61
74 9 61 52
75 9 B 62
76 9 62 53
77 9 B 63
78 10 65 64
79 10 66 65
80 10 68 67
81 10 69 68
82 10 70 66
83 10 71 69
84 10 73 72
85 10 75 74
86 10 77 76
87 11 80 78
88 11 81 79
89 11 83 82
90 11 84 80
91 11 B 85
92 11 85 79
93 11 B 86
94 12 79 78
95 12 88 87
96 12 82 79
97 12 89 88
98 12 B 82
99 12 B 89
100 12 91 90
101 12 93 92
102 12 B 86
103 13 95 94
104 13 97 96
105 13 99 98
106 13 100 95
107 13 B 101
108 13 101 96
109 13 B 102
110 14 104 103
111 14 105 104
112 14 107 106
113 14 109 108
114 15 112 110
115 15 B 113
116 16 111 110
117 16 115 114
118 16 B 113
119 17 117 116
120 17 B 118
121 18 120 119
122 20 B 121
123 22 B 122