1 1 B T
2 2 1 T
3 2 B 1
4 2 B T
5 3 2 T
6 3 3 2
7 3 3 4
8 3 B 3
9 3 B 2
10 3 B 4
11 4 5 T
12 4 6 5
13 4 7 5
14 4 8 6
15 4 B 8
16 4 9 5
17 4 10 5
18 5 11 T
19 5 12 11
20 5 14 13
21 5 14 12
22 5 15 14
23 5 16 11
24 5 B 16
25 5 B 17
26 6 18 T
27 6 11 T
28 6 19 18
29 6 13 11
30 6 20 19
31 6 21 19
32 6 22 21
33 6 B 13
34 6 B 20
35 6 B 22
36 6 24 23
37 6 25 23
38 6 B 17
39 7 26 T
40 7 28 27
41 7 30 29
42 7 28 26
43 7 31 28
44 7 32 30
45 7 34 33
46 7 35 34
47 7 36 28
48 7 B 36
49 7 B 37
50 7 37 29
51 7 B 38
52 8 40 39
53 8 41 40
54 8 43 42
55 8 44 43
56 8 45 41
57 8 46 44
58 8 48 47
59 8 49 47
60 8 51 50
61 9 54 52
62 9 55 53
63 9 57 56
64 9 58 54
65 9 B 59
66 9 59 53
67 9 B 60
68 10 53 52
69 10 62 61
70 10 56 53
71 10 63 62
72 10 B 56
73 10 B 63
74 10 65 64
75 10 67 66
76 10 B 60
77 11 69 68
78 11 71 70
79 11 73 72
80 11 74 69
81 11 B 75
82 11 75 70
83 11 B 76
84 12 78 77
85 12 79 78
86 12 81 80
87 12 83 82
88 13 86 84
89 13 B 87
90 14 85 84
91 14 89 88
92 14 B 87
93 15 91 90
94 15 B 92
95 16 94 93
96 18 B 95
97 20 B 96