1 1 B T
2 2 1 T
3 2 B 1
4 3 2 T
5 3 3 2
6 3 B 3
7 3 B 2
8 4 4 T
9 4 5 4
10 4 6 5
11 4 B 6
12 4 2 T
13 4 B 2
14 4 B 5
15 4 7 4
16 5 8 T
17 5 9 8
18 5 10 9
19 5 11 10
20 5 B 11
21 5 9 12
22 5 14 13
23 5 11 14
24 5 15 8
25 5 B 15
26 5 15 12
27 5 B 13
28 6 16 T
29 6 17 16
30 6 18 17
31 6 19 18
32 6 20 19
33 6 21 16
34 6 B 20
35 6 22 21
36 6 23 18
37 6 25 24
38 6 27 26
39 7 28 T
40 7 29 28
41 7 30 29
42 7 31 30
43 7 32 31
44 7 30 33
45 7 34 32
46 7 36 35
47 7 32 36
48 7 B 34
49 7 37 29
50 7 B 37
51 7 37 33
52 7 B 38
53 8 39 T
54 8 40 39
55 8 41 40
56 8 28 T
57 8 42 41
58 8 43 42
59 8 33 28
60 8 44 40
61 8 45 43
62 8 35 33
63 8 46 44
64 8 47 42
65 8 48 45
66 8 B 48
67 8 B 35
68 8 B 46
69 8 B 47
70 8 B 45
71 8 50 49
72 8 52 51
73 8 B 38
74 9 53 T
75 9 54 53
76 9 55 54
77 9 54 56
78 9 57 55
79 9 58 57
80 9 60 59
81 9 57 60
82 9 61 58
83 9 63 62
84 9 64 63
85 9 61 64
86 9 65 61
87 9 66 65
88 9 68 67
89 9 69 68
90 9 70 69
91 9 66 70
92 9 B 66
93 9 71 55
94 9 B 71
95 9 71 60
96 9 B 72
97 9 72 62
98 9 B 73
99 10 74 T
100 10 75 74
101 10 76 75
102 10 77 74
103 10 78 76
104 10 79 78
105 10 80 77
106 10 81 76
107 10 82 79
108 10 83 80
109 10 84 81
110 10 85 79
111 10 86 82
112 10 87 86
113 10 88 83
114 10 89 84
115 10 90 85
116 10 91 86
117 10 92 87
118 10 B 92
119 10 94 93
120 10 96 95
121 10 98 97
122 11 99 T
123 11 100 99
124 11 101 100
125 11 101 102
126 11 103 101
127 11 104 103
128 11 106 105
129 11 104 106
130 11 107 104
131 11 109 108
132 11 110 109
133 11 111 110
134 11 111 107
135 11 112 111
136 11 114 113
137 11 115 114
138 11 116 115
139 11 117 116
140 11 117 112
141 11 118 117
142 11 B 118
143 11 119 103
144 11 B 119
145 11 119 106
146 11 B 120
147 11 120 108
148 11 B 121
149 12 122 T
150 12 123 122
151 12 99 T
152 12 124 123
153 12 102 99
154 12 125 123
155 12 126 124
156 12 127 126
157 12 105 102
158 12 128 125
159 12 129 126
160 12 130 127
161 12 108 105
162 12 131 128
163 12 132 129
164 12 133 130
165 12 134 130
166 12 135 134
167 12 113 108
168 12 136 131
169 12 137 132
170 12 138 133
171 12 139 135
172 12 B 113
173 12 B 136
174 12 B 137
175 12 B 138
176 12 B 139
177 12 140 135
178 12 141 140
179 12 B 141
180 12 142 141
181 12 B 142
182 12 144 143
183 12 146 145
184 12 148 147
185 12 B 121
186 13 149 T
187 13 150 149
188 13 150 151
189 13 152 150
190 13 154 153
191 13 155 154
192 13 155 152
193 13 156 155
194 13 158 157
195 13 159 158
196 13 160 159
197 13 162 161
198 13 163 162
199 13 164 163
200 13 160 156
201 13 165 160
202 13 166 164
203 13 168 167
204 13 169 168
205 13 170 169
206 13 171 170
207 13 173 172
208 13 174 173
209 13 175 174
210 13 176 175
211 13 166 165
212 13 177 166
213 13 178 171
214 13 179 176
215 13 178 177
216 13 180 178
217 13 181 179
218 13 181 180
219 13 B 181
220 13 182 156
221 13 B 182
222 13 182 159
223 13 B 183
224 13 183 162
225 13 B 184
226 13 184 167
227 13 B 185
228 14 186 T
229 14 187 186
230 14 188 186
231 14 189 187
232 14 190 188
233 14 191 189
234 14 192 189
235 14 193 192
236 14 194 190
237 14 195 191
238 14 196 193
239 14 197 194
240 14 198 195
241 14 199 196
242 14 200 193
243 14 201 200
244 14 202 201
245 14 203 197
246 14 204 198
247 14 205 199
248 14 206 202
249 14 207 203
250 14 208 204
251 14 209 205
252 14 210 206
253 14 211 201
254 14 212 211
255 14 213 212
256 14 214 213
257 14 215 212
258 14 216 215
259 14 217 216
260 14 218 216
261 14 219 218
262 14 221 220
263 14 223 222
264 14 225 224
265 14 227 226
266 15 228 T
267 15 229 228
268 15 231 230
269 15 233 232
270 15 231 229
271 15 234 231
272 15 235 233
273 15 237 236
274 15 238 237
275 15 240 239
276 15 241 240
277 15 235 234
278 15 242 235
279 15 243 238
280 15 244 241
281 15 246 245
282 15 247 246
283 15 248 247
284 15 250 249
285 15 251 250
286 15 252 251
287 15 243 242
288 15 253 243
289 15 254 244
290 15 255 248
291 15 256 252
292 15 254 253
293 15 257 254
294 15 258 255
295 15 259 256
296 15 258 257
297 15 260 258
298 15 261 259
299 15 262 242
300 15 B 262
301 15 262 238
302 15 B 263
303 15 263 240
304 15 B 264
305 15 264 245
306 15 B 265
307 16 228 T
308 16 267 266
309 16 230 228
310 16 268 267
311 16 232 230
312 16 269 268
313 16 270 267
314 16 271 270
315 16 272 271
316 16 236 232
317 16 273 269
318 16 274 272
319 16 239 236
320 16 275 273
321 16 276 274
322 16 277 271
323 16 278 277
324 16 279 278
325 16 280 279
326 16 245 239
327 16 281 275
328 16 282 276
329 16 283 280
330 16 249 245
331 16 284 281
332 16 285 282
333 16 286 283
334 16 287 278
335 16 288 287
336 16 289 288
337 16 290 289
338 16 291 290
339 16 B 249
340 16 B 284
341 16 B 285
342 16 B 286
343 16 B 291
344 16 292 288
345 16 293 292
346 16 294 293
347 16 295 294
348 16 B 295
349 16 296 293
350 16 297 296
351 16 298 297
352 16 B 298
353 16 300 299
354 16 302 301
355 16 304 303
356 16 306 305
357 16 B 265
358 17 308 307
359 17 310 309
360 17 312 311
361 17 313 308
362 17 314 310
363 17 315 312
364 17 317 316
365 17 318 317
366 17 320 319
367 17 321 320
368 17 314 313
369 17 322 314
370 17 323 315
371 17 324 318
372 17 325 321
373 17 327 326
374 17 328 327
375 17 329 328
376 17 331 330
377 17 332 331
378 17 333 332
379 17 323 322
380 17 334 323
381 17 335 324
382 17 336 325
383 17 337 329
384 17 338 333
385 17 340 339
386 17 341 340
387 17 342 341
388 17 343 342
389 17 335 334
390 17 344 335
391 17 345 336
392 17 346 337
393 17 347 338
394 17 348 343
395 17 345 344
396 17 349 345
397 17 350 346
398 17 351 347
399 17 352 348
400 17 353 334
401 17 B 353
402 17 353 324
403 17 B 354
404 17 354 321
405 17 B 355
406 17 355 327
407 17 B 356
408 17 356 330
409 17 B 357
410 18 359 358
411 18 360 359
412 18 362 361
413 18 363 362
414 18 364 360
415 18 365 363
416 18 366 364
417 18 367 365
418 18 369 368
419 18 370 369
420 18 371 370
421 18 372 371
422 18 373 366
423 18 374 367
424 18 375 372
425 18 376 373
426 18 377 374
427 18 378 375
428 18 379 369
429 18 380 379
430 18 381 380
431 18 382 381
432 18 383 382
433 18 384 383
434 18 385 376
435 18 386 377
436 18 387 378
437 18 388 384
438 18 389 380
439 18 390 389
440 18 391 390
441 18 392 391
442 18 393 392
443 18 394 393
444 18 395 390
445 18 396 395
446 18 397 396
447 18 398 397
448 18 399 398
449 18 401 400
450 18 403 402
451 18 405 404
452 18 407 406
453 18 409 408
454 19 412 410
455 19 413 411
456 19 415 414
457 19 417 416
458 19 418 412
459 19 419 413
460 19 420 415
461 19 421 417
462 19 423 422
463 19 424 423
464 19 426 425
465 19 427 426
466 19 428 418
467 19 429 419
468 19 430 420
469 19 431 421
470 19 432 424
471 19 433 427
472 19 435 434
473 19 436 435
474 19 437 436
475 19 429 428
476 19 438 429
477 19 439 430
478 19 440 431
479 19 441 432
480 19 442 433
481 19 443 437
482 19 439 438
483 19 444 439
484 19 445 440
485 19 446 441
486 19 447 442
487 19 448 443
488 19 449 438
489 19 B 449
490 19 449 430
491 19 B 450
492 19 450 421
493 19 B 451
494 19 451 423
495 19 B 452
496 19 452 425
497 19 B 453
498 20 411 410
499 20 455 454
500 20 414 411
501 20 456 455
502 20 416 414
503 20 457 456
504 20 459 458
505 20 460 459
506 20 461 460
507 20 422 416
508 20 462 457
509 20 463 461
510 20 425 422
511 20 464 462
512 20 465 463
513 20 467 466
514 20 468 467
515 20 469 468
516 20 470 469
517 20 471 470
518 20 434 425
519 20 472 464
520 20 473 465
521 20 474 471
522 20 B 434
523 20 B 472
524 20 B 473
525 20 B 474
526 20 476 475
527 20 477 476
528 20 478 477
529 20 479 478
530 20 480 479
531 20 481 480
532 20 B 481
533 20 482 476
534 20 483 482
535 20 484 483
536 20 485 484
537 20 486 485
538 20 487 486
539 20 B 487
540 20 489 488
541 20 491 490
542 20 493 492
543 20 495 494
544 20 497 496
545 20 B 453
546 21 499 498
547 21 501 500
548 21 503 502
549 21 504 499
550 21 505 501
551 21 506 503
552 21 508 507
553 21 509 508
554 21 511 510
555 21 512 511
556 21 513 504
557 21 514 505
558 21 515 506
559 21 516 509
560 21 517 512
561 21 519 518
562 21 520 519
563 21 521 520
564 21 523 522
565 21 524 523
566 21 525 524
567 21 526 513
568 21 527 514
569 21 528 515
570 21 529 516
571 21 530 517
572 21 531 521
573 21 532 525
574 21 533 526
575 21 534 527
576 21 535 528
577 21 536 529
578 21 537 530
579 21 538 531
580 21 539 532
581 21 540 533
582 21 B 540
583 21 540 527
584 21 B 541
585 21 541 515
586 21 B 542
587 21 542 509
588 21 B 543
589 21 543 511
590 21 B 544
591 21 544 518
592 21 B 545
593 22 547 546
594 22 548 547
595 22 550 549
596 22 551 550
597 22 552 548
598 22 553 551
599 22 554 552
600 22 555 553
601 22 557 556
602 22 558 557
603 22 559 558
604 22 560 559
605 22 561 554
606 22 562 555
607 22 563 560
608 22 564 561
609 22 565 562
610 22 566 563
611 22 568 567
612 22 569 568
613 22 570 569
614 22 571 570
615 22 572 571
616 22 573 572
617 22 575 574
618 22 576 575
619 22 577 576
620 22 578 577
621 22 579 578
622 22 580 579
623 22 582 581
624 22 584 583
625 22 586 585
626 22 588 587
627 22 590 589
628 22 592 591
629 23 595 593
630 23 596 594
631 23 598 597
632 23 600 599
633 23 601 595
634 23 602 596
635 23 603 598
636 23 604 600
637 23 606 605
638 23 607 606
639 23 609 608
640 23 610 609
641 23 611 601
642 23 612 602
643 23 613 603
644 23 614 604
645 23 615 607
646 23 616 610
647 23 617 611
648 23 618 612
649 23 619 613
650 23 620 614
651 23 621 615
652 23 622 616
653 23 623 617
654 23 B 624
655 23 624 612
656 23 B 625
657 23 625 603
658 23 B 626
659 23 626 600
660 23 B 627
661 23 627 605
662 23 B 628
663 24 594 593
664 24 630 629
665 24 597 594
666 24 631 630
667 24 599 597
668 24 632 631
669 24 634 633
670 24 635 634
671 24 636 635
672 24 605 599
673 24 637 632
674 24 638 636
675 24 608 605
676 24 639 637
677 24 640 638
678 24 642 641
679 24 643 642
680 24 644 643
681 24 645 644
682 24 646 645
683 24 B 608
684 24 B 639
685 24 B 640
686 24 B 646
687 24 648 647
688 24 649 648
689 24 650 649
690 24 651 650
691 24 652 651
692 24 B 652
693 24 654 653
694 24 656 655
695 24 658 657
696 24 660 659
697 24 662 661
698 24 B 628
699 25 664 663
700 25 666 665
701 25 668 667
702 25 669 664
703 25 670 666
704 25 671 668
705 25 673 672
706 25 674 673
707 25 676 675
708 25 677 676
709 25 678 669
710 25 679 670
711 25 680 671
712 25 681 674
713 25 682 677
714 25 684 683
715 25 685 684
716 25 686 685
717 25 687 678
718 25 688 679
719 25 689 680
720 25 690 681
721 25 691 682
722 25 692 686
723 25 693 687
724 25 B 694
725 25 694 679
726 25 B 695
727 25 695 671
728 25 B 696
729 25 696 673
730 25 B 697
731 25 697 675
732 25 B 698
733 26 700 699
734 26 701 700
735 26 703 702
736 26 704 703
737 26 705 701
738 26 706 704
739 26 707 705
740 26 708 706
741 26 710 709
742 26 711 710
743 26 712 711
744 26 713 712
745 26 714 707
746 26 715 708
747 26 716 713
748 26 718 717
749 26 719 718
750 26 720 719
751 26 721 720
752 26 722 721
753 26 724 723
754 26 726 725
755 26 728 727
756 26 730 729
757 26 732 731
758 27 735 733
759 27 736 734
760 27 738 737
761 27 740 739
762 27 741 735
763 27 742 736
764 27 743 738
765 27 744 740
766 27 746 745
767 27 747 746
768 27 748 741
769 27 749 742
770 27 750 743
771 27 751 744
772 27 752 747
773 27 753 748
774 27 B 754
775 27 754 742
776 27 B 755
777 27 755 738
778 27 B 756
779 27 756 739
780 27 B 757
781 28 734 733
782 28 759 758
783 28 737 734
784 28 760 759
785 28 739 737
786 28 761 760
787 28 763 762
788 28 764 763
789 28 765 764
790 28 745 739
791 28 766 761
792 28 767 765
793 28 B 745
794 28 B 766
795 28 B 767
796 28 769 768
797 28 770 769
798 28 771 770
799 28 772 771
800 28 B 772
801 28 774 773
802 28 776 775
803 28 778 777
804 28 780 779
805 28 B 757
806 29 782 781
807 29 784 783
808 29 786 785
809 29 787 782
810 29 788 784
811 29 789 786
812 29 791 790
813 29 792 791
814 29 794 793
815 29 795 794
816 29 796 787
817 29 797 788
818 29 798 789
819 29 799 792
820 29 800 795
821 29 801 796
822 29 B 802
823 29 802 788
824 29 B 803
825 29 803 786
826 29 B 804
827 29 804 790
828 29 B 805
829 30 807 806
830 30 808 807
831 30 810 809
832 30 811 810
833 30 812 808
834 30 813 811
835 30 814 812
836 30 815 813
837 30 817 816
838 30 818 817
839 30 819 818
840 30 820 819
841 30 822 821
842 30 824 823
843 30 826 825
844 30 828 827
845 31 831 829
846 31 832 830
847 31 834 833
848 31 836 835
849 31 837 831
850 31 838 832
851 31 839 834
852 31 840 836
853 31 841 837
854 31 B 842
855 31 842 832
856 31 B 843
857 31 843 833
858 31 B 844
859 32 830 829
860 32 846 845
861 32 833 830
862 32 847 846
863 32 835 833
864 32 848 847
865 32 850 849
866 32 851 850
867 32 852 851
868 32 B 835
869 32 B 848
870 32 B 852
871 32 854 853
872 32 856 855
873 32 858 857
874 32 B 844
875 33 860 859
876 33 862 861
877 33 864 863
878 33 865 860
879 33 866 862
880 33 867 864
881 33 869 868
882 33 870 869
883 33 871 865
884 33 B 872
885 33 872 862
886 33 B 873
887 33 873 863
888 33 B 874
889 34 876 875
890 34 877 876
891 34 879 878
892 34 880 879
893 34 881 877
894 34 882 880
895 34 884 883
896 34 886 885
897 34 888 887
898 35 891 889
899 35 892 890
900 35 894 893
901 35 895 891
902 35 B 896
903 35 896 890
904 35 B 897
905 36 890 889
906 36 899 898
907 36 893 890
908 36 900 899
909 36 B 893
910 36 B 900
911 36 902 901
912 36 904 903
913 36 B 897
914 37 906 905
915 37 908 907
916 37 910 909
917 37 911 906
918 37 B 912
919 37 912 907
920 37 B 913
921 38 915 914
922 38 916 915
923 38 918 917
924 38 920 919
925 39 923 921
926 39 B 924
927 40 922 921
928 40 926 925
929 40 B 924
930 41 928 927
931 41 B 929
932 42 931 930
933 44 B 932
934 46 B 933