1 1 B T
2 2 1 T
3 2 B 1
4 2 B T
5 3 2 T
6 3 3 2
7 3 B 3
8 3 3 4
9 3 B 2
10 3 B 4
11 4 5 T
12 4 6 5
13 4 7 6
14 4 8 5
15 4 B 7
16 4 9 5
17 4 10 5
18 5 11 T
19 5 12 11
20 5 13 12
21 5 13 14
22 5 15 13
23 5 B 15
24 5 16 11
25 5 B 16
26 5 B 17
27 6 18 T
28 6 11 T
29 6 19 18
30 6 20 19
31 6 14 11
32 6 21 19
33 6 22 20
34 6 B 14
35 6 B 21
36 6 B 22
37 6 23 22
38 6 B 23
39 6 25 24
40 6 26 24
41 6 B 17
42 7 27 T
43 7 29 28
44 7 29 27
45 7 30 29
46 7 32 31
47 7 33 32
48 7 35 34
49 7 36 35
50 7 33 30
51 7 37 33
52 7 38 36
53 7 39 29
54 7 B 39
55 7 B 40
56 7 40 31
57 7 B 41
58 8 42 T
59 8 43 42
60 8 44 42
61 8 45 44
62 8 46 43
63 8 47 45
64 8 48 46
65 8 49 47
66 8 50 45
67 8 51 50
68 8 52 51
69 8 54 53
70 8 55 53
71 8 57 56
72 9 60 58
73 9 61 59
74 9 63 62
75 9 65 64
76 9 61 60
77 9 66 61
78 9 67 63
79 9 68 65
80 9 69 61
81 9 B 69
82 9 B 70
83 9 70 62
84 9 B 71
85 10 59 58
86 10 73 72
87 10 62 59
88 10 74 73
89 10 64 62
90 10 75 74
91 10 77 76
92 10 78 77
93 10 79 78
94 10 B 64
95 10 B 75
96 10 B 79
97 10 81 80
98 10 82 80
99 10 84 83
100 10 B 71
101 11 86 85
102 11 88 87
103 11 90 89
104 11 91 86
105 11 92 88
106 11 93 90
107 11 95 94
108 11 96 95
109 11 97 91
110 11 B 98
111 11 98 88
112 11 B 99
113 11 99 89
114 11 B 100
115 12 102 101
116 12 103 102
117 12 105 104
118 12 106 105
119 12 107 103
120 12 108 106
121 12 110 109
122 12 112 111
123 12 114 113
124 13 117 115
125 13 118 116
126 13 120 119
127 13 121 117
128 13 B 122
129 13 122 116
130 13 B 123
131 14 116 115
132 14 125 124
133 14 119 116
134 14 126 125
135 14 B 119
136 14 B 126
137 14 128 127
138 14 130 129
139 14 B 123
140 15 132 131
141 15 134 133
142 15 136 135
143 15 137 132
144 15 B 138
145 15 138 133
146 15 B 139
147 16 141 140
148 16 142 141
149 16 144 143
150 16 146 145
151 17 149 147
152 17 B 150
153 18 148 147
154 18 152 151
155 18 B 150
156 19 154 153
157 19 B 155
158 20 157 156
159 22 B 158
160 24 B 159