1 1 B T
2 2 1 T
3 2 B 1
4 3 2 T
5 3 3 2
6 3 B 3
7 3 B 2
8 4 4 T
9 4 5 4
10 4 6 5
11 4 B 6
12 4 2 T
13 4 B 2
14 4 B 5
15 4 7 4
16 5 8 T
17 5 9 8
18 5 10 9
19 5 11 10
20 5 B 11
21 5 9 12
22 5 14 13
23 5 11 14
24 5 15 8
25 5 B 15
26 5 15 12
27 5 B 13
28 6 16 T
29 6 17 16
30 6 18 17
31 6 19 18
32 6 20 19
33 6 B 20
34 6 21 16
35 6 22 21
36 6 23 18
37 6 25 24
38 6 27 26
39 7 28 T
40 7 29 28
41 7 30 29
42 7 31 30
43 7 32 31
44 7 33 32
45 7 30 34
46 7 B 33
47 7 36 35
48 7 32 36
49 7 37 29
50 7 B 37
51 7 37 34
52 7 B 38
53 8 39 T
54 8 40 39
55 8 41 40
56 8 42 41
57 8 43 42
58 8 28 T
59 8 44 43
60 8 34 28
61 8 45 40
62 8 46 44
63 8 B 46
64 8 35 34
65 8 47 45
66 8 48 42
67 8 B 35
68 8 B 47
69 8 B 48
70 8 B 44
71 8 50 49
72 8 52 51
73 8 B 38
74 9 53 T
75 9 54 53
76 9 55 54
77 9 56 55
78 9 57 56
79 9 54 58
80 9 59 57
81 9 61 60
82 9 56 61
83 9 62 59
84 9 63 62
85 9 65 64
86 9 66 65
87 9 59 66
88 9 B 63
89 9 68 67
90 9 69 68
91 9 70 69
92 9 63 70
93 9 71 55
94 9 B 71
95 9 71 61
96 9 B 72
97 9 72 64
98 9 B 73
99 10 74 T
100 10 75 74
101 10 76 75
102 10 77 76
103 10 78 77
104 10 79 74
105 10 80 78
106 10 81 79
107 10 82 76
108 10 83 80
109 10 84 83
110 10 85 81
111 10 86 82
112 10 87 78
113 10 88 84
114 10 89 85
115 10 90 86
116 10 91 87
117 10 92 83
118 10 B 88
119 10 94 93
120 10 96 95
121 10 98 97
122 11 99 T
123 11 100 99
124 11 101 100
125 11 102 101
126 11 103 102
127 11 101 104
128 11 105 103
129 11 107 106
130 11 103 107
131 11 108 105
132 11 109 108
133 11 111 110
134 11 112 111
135 11 108 112
136 11 113 109
137 11 115 114
138 11 116 115
139 11 117 116
140 11 113 117
141 11 118 113
142 11 B 118
143 11 119 102
144 11 B 119
145 11 119 107
146 11 B 120
147 11 120 110
148 11 B 121
149 12 122 T
150 12 123 122
151 12 124 123
152 12 99 T
153 12 125 124
154 12 126 125
155 12 104 99
156 12 127 123
157 12 128 126
158 12 106 104
159 12 129 127
160 12 130 125
161 12 131 128
162 12 132 131
163 12 110 106
164 12 133 129
165 12 134 130
166 12 135 128
167 12 136 132
168 12 114 110
169 12 137 133
170 12 138 134
171 12 139 135
172 12 140 132
173 12 141 136
174 12 142 141
175 12 B 114
176 12 B 137
177 12 B 138
178 12 B 139
179 12 B 140
180 12 B 141
181 12 B 142
182 12 144 143
183 12 146 145
184 12 148 147
185 12 B 121
186 13 149 T
187 13 150 149
188 13 151 150
189 13 150 152
190 13 153 151
191 13 154 153
192 13 156 155
193 13 153 156
194 13 157 154
195 13 159 158
196 13 160 159
197 13 157 160
198 13 161 157
199 13 162 161
200 13 164 163
201 13 165 164
202 13 166 165
203 13 162 166
204 13 167 162
205 13 169 168
206 13 170 169
207 13 171 170
208 13 172 171
209 13 173 172
210 13 173 167
211 13 174 173
212 13 176 175
213 13 177 176
214 13 178 177
215 13 179 178
216 13 180 179
217 13 181 180
218 13 181 174
219 13 B 181
220 13 182 154
221 13 B 182
222 13 182 160
223 13 B 183
224 13 183 164
225 13 B 184
226 13 184 168
227 13 B 185
228 14 186 T
229 14 187 186
230 14 188 187
231 14 189 186
232 14 190 188
233 14 191 190
234 14 192 189
235 14 193 188
236 14 194 191
237 14 195 192
238 14 196 193
239 14 197 191
240 14 198 194
241 14 199 198
242 14 200 195
243 14 201 196
244 14 202 197
245 14 203 198
246 14 204 199
247 14 205 200
248 14 206 201
249 14 207 202
250 14 208 203
251 14 209 204
252 14 210 204
253 14 211 210
254 14 212 205
255 14 213 206
256 14 214 207
257 14 215 208
258 14 216 209
259 14 217 211
260 14 218 211
261 14 219 218
262 14 B 219
263 14 221 220
264 14 223 222
265 14 225 224
266 14 227 226
267 15 228 T
268 15 229 228
269 15 230 229
270 15 230 231
271 15 232 230
272 15 233 232
273 15 235 234
274 15 233 235
275 15 236 233
276 15 238 237
277 15 239 238
278 15 240 239
279 15 240 236
280 15 241 240
281 15 243 242
282 15 244 243
283 15 245 244
284 15 246 245
285 15 248 247
286 15 249 248
287 15 250 249
288 15 251 250
289 15 246 241
290 15 252 246
291 15 253 251
292 15 255 254
293 15 256 255
294 15 257 256
295 15 258 257
296 15 259 258
297 15 253 252
298 15 260 253
299 15 261 259
300 15 261 260
301 15 262 261
302 15 B 262
303 15 263 236
304 15 B 263
305 15 263 239
306 15 B 264
307 15 264 243
308 15 B 265
309 15 265 247
310 15 B 266
311 16 267 T
312 16 268 267
313 16 228 T
314 16 269 268
315 16 231 228
316 16 270 268
317 16 271 269
318 16 272 271
319 16 234 231
320 16 273 270
321 16 274 271
322 16 275 272
323 16 237 234
324 16 276 273
325 16 277 274
326 16 278 275
327 16 279 275
328 16 280 279
329 16 242 237
330 16 281 276
331 16 282 277
332 16 283 278
333 16 284 280
334 16 247 242
335 16 285 281
336 16 286 282
337 16 287 283
338 16 288 284
339 16 289 280
340 16 290 289
341 16 291 290
342 16 254 247
343 16 292 285
344 16 293 286
345 16 294 287
346 16 295 288
347 16 296 291
348 16 B 254
349 16 B 292
350 16 B 293
351 16 B 294
352 16 B 295
353 16 B 296
354 16 297 290
355 16 298 297
356 16 299 298
357 16 B 299
358 16 300 298
359 16 301 300
360 16 B 301
361 16 302 301
362 16 B 302
363 16 304 303
364 16 306 305
365 16 308 307
366 16 310 309
367 16 B 266
368 17 311 T
369 17 312 311
370 17 312 313
371 17 314 312
372 17 316 315
373 17 317 316
374 17 317 314
375 17 318 317
376 17 320 319
377 17 321 320
378 17 322 321
379 17 324 323
380 17 325 324
381 17 326 325
382 17 322 318
383 17 327 322
384 17 328 326
385 17 330 329
386 17 331 330
387 17 332 331
388 17 333 332
389 17 335 334
390 17 336 335
391 17 337 336
392 17 338 337
393 17 328 327
394 17 339 328
395 17 340 333
396 17 341 338
397 17 343 342
398 17 344 343
399 17 345 344
400 17 346 345
401 17 347 346
402 17 349 348
403 17 350 349
404 17 351 350
405 17 352 351
406 17 353 352
407 17 340 339
408 17 354 340
409 17 355 341
410 17 356 347
411 17 357 353
412 17 355 354
413 17 358 355
414 17 359 356
415 17 360 357
416 17 359 358
417 17 361 359
418 17 362 360
419 17 362 361
420 17 B 362
421 17 363 327
422 17 B 363
423 17 363 326
424 17 B 364
425 17 364 331
426 17 B 365
427 17 365 335
428 17 B 366
429 17 366 342
430 17 B 367
431 18 368 T
432 18 369 368
433 18 370 368
434 18 371 369
435 18 372 370
436 18 373 371
437 18 374 371
438 18 375 374
439 18 376 372
440 18 377 373
441 18 378 375
442 18 379 376
443 18 380 377
444 18 381 378
445 18 382 375
446 18 383 382
447 18 384 383
448 18 385 379
449 18 386 380
450 18 387 381
451 18 388 384
452 18 389 385
453 18 390 386
454 18 391 387
455 18 392 388
456 18 393 383
457 18 394 393
458 18 395 394
459 18 396 395
460 18 397 389
461 18 398 390
462 18 399 391
463 18 400 392
464 18 401 396
465 18 402 397
466 18 403 398
467 18 404 399
468 18 405 400
469 18 406 401
470 18 407 394
471 18 408 407
472 18 409 408
473 18 410 409
474 18 411 410
475 18 412 408
476 18 413 412
477 18 414 413
478 18 415 414
479 18 416 413
480 18 417 416
481 18 418 417
482 18 419 417
483 18 420 419
484 18 422 421
485 18 424 423
486 18 426 425
487 18 428 427
488 18 430 429
489 19 431 T
490 19 432 431
491 19 434 433
492 19 436 435
493 19 434 432
494 19 437 434
495 19 438 436
496 19 440 439
497 19 441 440
498 19 443 442
499 19 444 443
500 19 438 437
501 19 445 438
502 19 446 441
503 19 447 444
504 19 449 448
505 19 450 449
506 19 451 450
507 19 453 452
508 19 454 453
509 19 455 454
510 19 446 445
511 19 456 446
512 19 457 447
513 19 458 451
514 19 459 455
515 19 461 460
516 19 462 461
517 19 463 462
518 19 464 463
519 19 466 465
520 19 467 466
521 19 468 467
522 19 469 468
523 19 457 456
524 19 470 457
525 19 471 458
526 19 472 459
527 19 473 464
528 19 474 469
529 19 471 470
530 19 475 471
531 19 476 472
532 19 477 473
533 19 478 474
534 19 476 475
535 19 479 476
536 19 480 477
537 19 481 478
538 19 480 479
539 19 482 480
540 19 483 481
541 19 484 456
542 19 B 484
543 19 484 447
544 19 B 485
545 19 485 450
546 19 B 486
547 19 486 453
548 19 B 487
549 19 487 460
550 19 B 488
551 20 431 T
552 20 490 489
553 20 433 431
554 20 491 490
555 20 435 433
556 20 492 491
557 20 493 490
558 20 494 493
559 20 495 494
560 20 439 435
561 20 496 492
562 20 497 495
563 20 442 439
564 20 498 496
565 20 499 497
566 20 500 494
567 20 501 500
568 20 502 501
569 20 503 502
570 20 448 442
571 20 504 498
572 20 505 499
573 20 506 503
574 20 452 448
575 20 507 504
576 20 508 505
577 20 509 506
578 20 510 501
579 20 511 510
580 20 512 511
581 20 513 512
582 20 514 513
583 20 460 452
584 20 515 507
585 20 516 508
586 20 517 509
587 20 518 514
588 20 465 460
589 20 519 515
590 20 520 516
591 20 521 517
592 20 522 518
593 20 523 511
594 20 524 523
595 20 525 524
596 20 526 525
597 20 527 526
598 20 528 527
599 20 B 465
600 20 B 519
601 20 B 520
602 20 B 521
603 20 B 522
604 20 B 528
605 20 529 524
606 20 530 529
607 20 531 530
608 20 532 531
609 20 533 532
610 20 B 533
611 20 534 530
612 20 535 534
613 20 536 535
614 20 537 536
615 20 B 537
616 20 538 535
617 20 539 538
618 20 540 539
619 20 B 540
620 20 542 541
621 20 544 543
622 20 546 545
623 20 548 547
624 20 550 549
625 20 B 488
626 21 552 551
627 21 554 553
628 21 556 555
629 21 557 552
630 21 558 554
631 21 559 556
632 21 561 560
633 21 562 561
634 21 564 563
635 21 565 564
636 21 558 557
637 21 566 558
638 21 567 559
639 21 568 562
640 21 569 565
641 21 571 570
642 21 572 571
643 21 573 572
644 21 575 574
645 21 576 575
646 21 577 576
647 21 567 566
648 21 578 567
649 21 579 568
650 21 580 569
651 21 581 573
652 21 582 577
653 21 584 583
654 21 585 584
655 21 586 585
656 21 587 586
657 21 589 588
658 21 590 589
659 21 591 590
660 21 592 591
661 21 579 578
662 21 593 579
663 21 594 580
664 21 595 581
665 21 596 582
666 21 597 587
667 21 598 592
668 21 600 599
669 21 601 600
670 21 602 601
671 21 603 602
672 21 604 603
673 21 594 593
674 21 605 594
675 21 606 595
676 21 607 596
677 21 608 597
678 21 609 598
679 21 610 604
680 21 606 605
681 21 611 606
682 21 612 607
683 21 613 608
684 21 614 609
685 21 615 610
686 21 612 611
687 21 616 612
688 21 617 613
689 21 618 614
690 21 619 615
691 21 620 593
692 21 B 620
693 21 620 580
694 21 B 621
695 21 621 573
696 21 B 622
697 21 622 576
698 21 B 623
699 21 623 584
700 21 B 624
701 21 624 588
702 21 B 625
703 22 627 626
704 22 628 627
705 22 630 629
706 22 631 630
707 22 632 628
708 22 633 631
709 22 634 632
710 22 635 633
711 22 637 636
712 22 638 637
713 22 639 638
714 22 640 639
715 22 641 634
716 22 642 635
717 22 643 640
718 22 644 641
719 22 645 642
720 22 646 643
721 22 647 637
722 22 648 647
723 22 649 648
724 22 650 649
725 22 651 650
726 22 652 651
727 22 653 644
728 22 654 645
729 22 655 646
730 22 656 652
731 22 657 653
732 22 658 654
733 22 659 655
734 22 660 656
735 22 661 648
736 22 662 661
737 22 663 662
738 22 664 663
739 22 665 664
740 22 666 665
741 22 667 666
742 22 668 657
743 22 669 658
744 22 670 659
745 22 671 660
746 22 672 667
747 22 673 662
748 22 674 673
749 22 675 674
750 22 676 675
751 22 677 676
752 22 678 677
753 22 679 678
754 22 680 674
755 22 681 680
756 22 682 681
757 22 683 682
758 22 684 683
759 22 685 684
760 22 686 681
761 22 687 686
762 22 688 687
763 22 689 688
764 22 690 689
765 22 692 691
766 22 694 693
767 22 696 695
768 22 698 697
769 22 700 699
770 22 702 701
771 23 705 703
772 23 706 704
773 23 708 707
774 23 710 709
775 23 711 705
776 23 712 706
777 23 713 708
778 23 714 710
779 23 716 715
780 23 717 716
781 23 719 718
782 23 720 719
783 23 721 711
784 23 722 712
785 23 723 713
786 23 724 714
787 23 725 717
788 23 726 720
789 23 728 727
790 23 729 728
791 23 730 729
792 23 732 731
793 23 733 732
794 23 734 733
795 23 722 721
796 23 735 722
797 23 736 723
798 23 737 724
799 23 738 725
800 23 739 726
801 23 740 730
802 23 741 734
803 23 743 742
804 23 744 743
805 23 745 744
806 23 746 745
807 23 736 735
808 23 747 736
809 23 748 737
810 23 749 738
811 23 750 739
812 23 751 740
813 23 752 741
814 23 753 746
815 23 748 747
816 23 754 748
817 23 755 749
818 23 756 750
819 23 757 751
820 23 758 752
821 23 759 753
822 23 755 754
823 23 760 755
824 23 761 756
825 23 762 757
826 23 763 758
827 23 764 759
828 23 765 747
829 23 B 765
830 23 765 737
831 23 B 766
832 23 766 725
833 23 B 767
834 23 767 720
835 23 B 768
836 23 768 728
837 23 B 769
838 23 769 731
839 23 B 770
840 24 704 703
841 24 772 771
842 24 707 704
843 24 773 772
844 24 709 707
845 24 774 773
846 24 776 775
847 24 777 776
848 24 778 777
849 24 715 709
850 24 779 774
851 24 780 778
852 24 718 715
853 24 781 779
854 24 782 780
855 24 784 783
856 24 785 784
857 24 786 785
858 24 787 786
859 24 788 787
860 24 727 718
861 24 789 781
862 24 790 782
863 24 791 788
864 24 731 727
865 24 792 789
866 24 793 790
867 24 794 791
868 24 796 795
869 24 797 796
870 24 798 797
871 24 799 798
872 24 800 799
873 24 801 800
874 24 802 801
875 24 742 731
876 24 803 792
877 24 804 793
878 24 805 794
879 24 806 802
880 24 B 742
881 24 B 803
882 24 B 804
883 24 B 805
884 24 B 806
885 24 807 796
886 24 808 807
887 24 809 808
888 24 810 809
889 24 811 810
890 24 812 811
891 24 813 812
892 24 814 813
893 24 B 814
894 24 815 808
895 24 816 815
896 24 817 816
897 24 818 817
898 24 819 818
899 24 820 819
900 24 821 820
901 24 B 821
902 24 822 816
903 24 823 822
904 24 824 823
905 24 825 824
906 24 826 825
907 24 827 826
908 24 B 827
909 24 829 828
910 24 831 830
911 24 833 832
912 24 835 834
913 24 837 836
914 24 839 838
915 24 B 770
916 25 841 840
917 25 843 842
918 25 845 844
919 25 846 841
920 25 847 843
921 25 848 845
922 25 850 849
923 25 851 850
924 25 853 852
925 25 854 853
926 25 855 846
927 25 856 847
928 25 857 848
929 25 858 851
930 25 859 854
931 25 861 860
932 25 862 861
933 25 863 862
934 25 865 864
935 25 866 865
936 25 867 866
937 25 868 855
938 25 869 856
939 25 870 857
940 25 871 858
941 25 872 859
942 25 873 863
943 25 874 867
944 25 876 875
945 25 877 876
946 25 878 877
947 25 879 878
948 25 881 880
949 25 882 881
950 25 883 882
951 25 884 883
952 25 885 868
953 25 886 869
954 25 887 870
955 25 888 871
956 25 889 872
957 25 890 873
958 25 891 874
959 25 892 879
960 25 893 884
961 25 886 885
962 25 894 886
963 25 895 887
964 25 896 888
965 25 897 889
966 25 898 890
967 25 899 891
968 25 900 892
969 25 901 893
970 25 895 894
971 25 902 895
972 25 903 896
973 25 904 897
974 25 905 898
975 25 906 899
976 25 907 900
977 25 908 901
978 25 909 894
979 25 B 909
980 25 909 887
981 25 B 910
982 25 910 871
983 25 B 911
984 25 911 859
985 25 B 912
986 25 912 862
987 25 B 913
988 25 913 865
989 25 B 914
990 25 914 875
991 25 B 915
992 26 917 916
993 26 918 917
994 26 920 919
995 26 921 920
996 26 922 918
997 26 923 921
998 26 924 922
999 26 925 923
1000 26 927 926
1001 26 928 927
1002 26 929 928
1003 26 930 929
1004 26 931 924
1005 26 932 925
1006 26 933 930
1007 26 934 931
1008 26 935 932
1009 26 936 933
1010 26 938 937
1011 26 939 938
1012 26 940 939
1013 26 941 940
1014 26 942 941
1015 26 943 942
1016 26 944 934
1017 26 945 935
1018 26 946 936
1019 26 947 943
1020 26 948 944
1021 26 949 945
1022 26 950 946
1023 26 951 947
1024 26 953 952
1025 26 954 953
1026 26 955 954
1027 26 956 955
1028 26 957 956
1029 26 958 957
1030 26 959 958
1031 26 960 959
1032 26 962 961
1033 26 963 962
1034 26 964 963
1035 26 965 964
1036 26 966 965
1037 26 967 966
1038 26 968 967
1039 26 969 968
1040 26 970 962
1041 26 971 970
1042 26 972 971
1043 26 973 972
1044 26 974 973
1045 26 975 974
1046 26 976 975
1047 26 977 976
1048 26 979 978
1049 26 981 980
1050 26 983 982
1051 26 985 984
1052 26 987 986
1053 26 989 988
1054 26 991 990
1055 27 994 992
1056 27 995 993
1057 27 997 996
1058 27 999 998
1059 27 1000 994
1060 27 1001 995
1061 27 1002 997
1062 27 1003 999
1063 27 1005 1004
1064 27 1006 1005
1065 27 1008 1007
1066 27 1009 1008
1067 27 1010 1000
1068 27 1011 1001
1069 27 1012 1002
1070 27 1013 1003
1071 27 1014 1006
1072 27 1015 1009
1073 27 1017 1016
1074 27 1018 1017
1075 27 1019 1018
1076 27 1021 1020
1077 27 1022 1021
1078 27 1023 1022
1079 27 1024 1010
1080 27 1025 1011
1081 27 1026 1012
1082 27 1027 1013
1083 27 1028 1014
1084 27 1029 1015
1085 27 1030 1019
1086 27 1031 1023
1087 27 1032 1024
1088 27 1033 1025
1089 27 1034 1026
1090 27 1035 1027
1091 27 1036 1028
1092 27 1037 1029
1093 27 1038 1030
1094 27 1039 1031
1095 27 1040 1032
1096 27 1041 1033
1097 27 1042 1034
1098 27 1043 1035
1099 27 1044 1036
1100 27 1045 1037
1101 27 1046 1038
1102 27 1047 1039
1103 27 1048 1040
1104 27 B 1048
1105 27 1048 1033
1106 27 B 1049
1107 27 1049 1026
1108 27 B 1050
1109 27 1050 1013
1110 27 B 1051
1111 27 1051 1006
1112 27 B 1052
1113 27 1052 1008
1114 27 B 1053
1115 27 1053 1016
1116 27 B 1054
1117 28 993 992
1118 28 1056 1055
1119 28 996 993
1120 28 1057 1056
1121 28 998 996
1122 28 1058 1057
1123 28 1060 1059
1124 28 1061 1060
1125 28 1062 1061
1126 28 1004 998
1127 28 1063 1058
1128 28 1064 1062
1129 28 1007 1004
1130 28 1065 1063
1131 28 1066 1064
1132 28 1068 1067
1133 28 1069 1068
1134 28 1070 1069
1135 28 1071 1070
1136 28 1072 1071
1137 28 1016 1007
1138 28 1073 1065
1139 28 1074 1066
1140 28 1075 1072
1141 28 1020 1016
1142 28 1076 1073
1143 28 1077 1074
1144 28 1078 1075
1145 28 1080 1079
1146 28 1081 1080
1147 28 1082 1081
1148 28 1083 1082
1149 28 1084 1083
1150 28 1085 1084
1151 28 1086 1085
1152 28 B 1020
1153 28 B 1076
1154 28 B 1077
1155 28 B 1078
1156 28 B 1086
1157 28 1088 1087
1158 28 1089 1088
1159 28 1090 1089
1160 28 1091 1090
1161 28 1092 1091
1162 28 1093 1092
1163 28 1094 1093
1164 28 B 1094
1165 28 1096 1095
1166 28 1097 1096
1167 28 1098 1097
1168 28 1099 1098
1169 28 1100 1099
1170 28 1101 1100
1171 28 1102 1101
1172 28 B 1102
1173 28 1104 1103
1174 28 1106 1105
1175 28 1108 1107
1176 28 1110 1109
1177 28 1112 1111
1178 28 1114 1113
1179 28 1116 1115
1180 28 B 1054
1181 29 1118 1117
1182 29 1120 1119
1183 29 1122 1121
1184 29 1123 1118
1185 29 1124 1120
1186 29 1125 1122
1187 29 1127 1126
1188 29 1128 1127
1189 29 1130 1129
1190 29 1131 1130
1191 29 1132 1123
1192 29 1133 1124
1193 29 1134 1125
1194 29 1135 1128
1195 29 1136 1131
1196 29 1138 1137
1197 29 1139 1138
1198 29 1140 1139
1199 29 1142 1141
1200 29 1143 1142
1201 29 1144 1143
1202 29 1145 1132
1203 29 1146 1133
1204 29 1147 1134
1205 29 1148 1135
1206 29 1149 1136
1207 29 1150 1140
1208 29 1151 1144
1209 29 1153 1152
1210 29 1154 1153
1211 29 1155 1154
1212 29 1156 1155
1213 29 1157 1145
1214 29 1158 1146
1215 29 1159 1147
1216 29 1160 1148
1217 29 1161 1149
1218 29 1162 1150
1219 29 1163 1151
1220 29 1164 1156
1221 29 1165 1157
1222 29 1166 1158
1223 29 1167 1159
1224 29 1168 1160
1225 29 1169 1161
1226 29 1170 1162
1227 29 1171 1163
1228 29 1172 1164
1229 29 1173 1165
1230 29 B 1174
1231 29 1174 1158
1232 29 B 1175
1233 29 1175 1147
1234 29 B 1176
1235 29 1176 1135
1236 29 B 1177
1237 29 1177 1131
1238 29 B 1178
1239 29 1178 1138
1240 29 B 1179
1241 29 1179 1141
1242 29 B 1180
1243 30 1182 1181
1244 30 1183 1182
1245 30 1185 1184
1246 30 1186 1185
1247 30 1187 1183
1248 30 1188 1186
1249 30 1189 1187
1250 30 1190 1188
1251 30 1192 1191
1252 30 1193 1192
1253 30 1194 1193
1254 30 1195 1194
1255 30 1196 1189
1256 30 1197 1190
1257 30 1198 1195
1258 30 1199 1196
1259 30 1200 1197
1260 30 1201 1198
1261 30 1203 1202
1262 30 1204 1203
1263 30 1205 1204
1264 30 1206 1205
1265 30 1207 1206
1266 30 1208 1207
1267 30 1209 1199
1268 30 1210 1200
1269 30 1211 1201
1270 30 1212 1208
1271 30 1214 1213
1272 30 1215 1214
1273 30 1216 1215
1274 30 1217 1216
1275 30 1218 1217
1276 30 1219 1218
1277 30 1220 1219
1278 30 1222 1221
1279 30 1223 1222
1280 30 1224 1223
1281 30 1225 1224
1282 30 1226 1225
1283 30 1227 1226
1284 30 1228 1227
1285 30 1230 1229
1286 30 1232 1231
1287 30 1234 1233
1288 30 1236 1235
1289 30 1238 1237
1290 30 1240 1239
1291 30 1242 1241
1292 31 1245 1243
1293 31 1246 1244
1294 31 1248 1247
1295 31 1250 1249
1296 31 1251 1245
1297 31 1252 1246
1298 31 1253 1248
1299 31 1254 1250
1300 31 1256 1255
1301 31 1257 1256
1302 31 1259 1258
1303 31 1260 1259
1304 31 1261 1251
1305 31 1262 1252
1306 31 1263 1253
1307 31 1264 1254
1308 31 1265 1257
1309 31 1266 1260
1310 31 1268 1267
1311 31 1269 1268
1312 31 1270 1269
1313 31 1271 1261
1314 31 1272 1262
1315 31 1273 1263
1316 31 1274 1264
1317 31 1275 1265
1318 31 1276 1266
1319 31 1277 1270
1320 31 1278 1271
1321 31 1279 1272
1322 31 1280 1273
1323 31 1281 1274
1324 31 1282 1275
1325 31 1283 1276
1326 31 1284 1277
1327 31 1285 1278
1328 31 B 1286
1329 31 1286 1272
1330 31 B 1287
1331 31 1287 1263
1332 31 B 1288
1333 31 1288 1254
1334 31 B 1289
1335 31 1289 1256
1336 31 B 1290
1337 31 1290 1258
1338 31 B 1291
1339 32 1244 1243
1340 32 1293 1292
1341 32 1247 1244
1342 32 1294 1293
1343 32 1249 1247
1344 32 1295 1294
1345 32 1297 1296
1346 32 1298 1297
1347 32 1299 1298
1348 32 1255 1249
1349 32 1300 1295
1350 32 1301 1299
1351 32 1258 1255
1352 32 1302 1300
1353 32 1303 1301
1354 32 1305 1304
1355 32 1306 1305
1356 32 1307 1306
1357 32 1308 1307
1358 32 1309 1308
1359 32 1267 1258
1360 32 1310 1302
1361 32 1311 1303
1362 32 1312 1309
1363 32 B 1267
1364 32 B 1310
1365 32 B 1311
1366 32 B 1312
1367 32 1314 1313
1368 32 1315 1314
1369 32 1316 1315
1370 32 1317 1316
1371 32 1318 1317
1372 32 1319 1318
1373 32 B 1319
1374 32 1321 1320
1375 32 1322 1321
1376 32 1323 1322
1377 32 1324 1323
1378 32 1325 1324
1379 32 1326 1325
1380 32 B 1326
1381 32 1328 1327
1382 32 1330 1329
1383 32 1332 1331
1384 32 1334 1333
1385 32 1336 1335
1386 32 1338 1337
1387 32 B 1291
1388 33 1340 1339
1389 33 1342 1341
1390 33 1344 1343
1391 33 1345 1340
1392 33 1346 1342
1393 33 1347 1344
1394 33 1349 1348
1395 33 1350 1349
1396 33 1352 1351
1397 33 1353 1352
1398 33 1354 1345
1399 33 1355 1346
1400 33 1356 1347
1401 33 1357 1350
1402 33 1358 1353
1403 33 1360 1359
1404 33 1361 1360
1405 33 1362 1361
1406 33 1364 1363
1407 33 1365 1364
1408 33 1366 1365
1409 33 1367 1354
1410 33 1368 1355
1411 33 1369 1356
1412 33 1370 1357
1413 33 1371 1358
1414 33 1372 1362
1415 33 1373 1366
1416 33 1374 1367
1417 33 1375 1368
1418 33 1376 1369
1419 33 1377 1370
1420 33 1378 1371
1421 33 1379 1372
1422 33 1380 1373
1423 33 1381 1374
1424 33 B 1382
1425 33 1382 1368
1426 33 B 1383
1427 33 1383 1356
1428 33 B 1384
1429 33 1384 1350
1430 33 B 1385
1431 33 1385 1352
1432 33 B 1386
1433 33 1386 1359
1434 33 B 1387
1435 34 1389 1388
1436 34 1390 1389
1437 34 1392 1391
1438 34 1393 1392
1439 34 1394 1390
1440 34 1395 1393
1441 34 1396 1394
1442 34 1397 1395
1443 34 1399 1398
1444 34 1400 1399
1445 34 1401 1400
1446 34 1402 1401
1447 34 1403 1396
1448 34 1404 1397
1449 34 1405 1402
1450 34 1406 1403
1451 34 1407 1404
1452 34 1408 1405
1453 34 1410 1409
1454 34 1411 1410
1455 34 1412 1411
1456 34 1413 1412
1457 34 1414 1413
1458 34 1415 1414
1459 34 1417 1416
1460 34 1418 1417
1461 34 1419 1418
1462 34 1420 1419
1463 34 1421 1420
1464 34 1422 1421
1465 34 1424 1423
1466 34 1426 1425
1467 34 1428 1427
1468 34 1430 1429
1469 34 1432 1431
1470 34 1434 1433
1471 35 1437 1435
1472 35 1438 1436
1473 35 1440 1439
1474 35 1442 1441
1475 35 1443 1437
1476 35 1444 1438
1477 35 1445 1440
1478 35 1446 1442
1479 35 1448 1447
1480 35 1449 1448
1481 35 1451 1450
1482 35 1452 1451
1483 35 1453 1443
1484 35 1454 1444
1485 35 1455 1445
1486 35 1456 1446
1487 35 1457 1449
1488 35 1458 1452
1489 35 1459 1453
1490 35 1460 1454
1491 35 1461 1455
1492 35 1462 1456
1493 35 1463 1457
1494 35 1464 1458
1495 35 1465 1459
1496 35 B 1466
1497 35 1466 1454
1498 35 B 1467
1499 35 1467 1445
1500 35 B 1468
1501 35 1468 1442
1502 35 B 1469
1503 35 1469 1447
1504 35 B 1470
1505 36 1436 1435
1506 36 1472 1471
1507 36 1439 1436
1508 36 1473 1472
1509 36 1441 1439
1510 36 1474 1473
1511 36 1476 1475
1512 36 1477 1476
1513 36 1478 1477
1514 36 1447 1441
1515 36 1479 1474
1516 36 1480 1478
1517 36 1450 1447
1518 36 1481 1479
1519 36 1482 1480
1520 36 1484 1483
1521 36 1485 1484
1522 36 1486 1485
1523 36 1487 1486
1524 36 1488 1487
1525 36 B 1450
1526 36 B 1481
1527 36 B 1482
1528 36 B 1488
1529 36 1490 1489
1530 36 1491 1490
1531 36 1492 1491
1532 36 1493 1492
1533 36 1494 1493
1534 36 B 1494
1535 36 1496 1495
1536 36 1498 1497
1537 36 1500 1499
1538 36 1502 1501
1539 36 1504 1503
1540 36 B 1470
1541 37 1506 1505
1542 37 1508 1507
1543 37 1510 1509
1544 37 1511 1506
1545 37 1512 1508
1546 37 1513 1510
1547 37 1515 1514
1548 37 1516 1515
1549 37 1518 1517
1550 37 1519 1518
1551 37 1520 1511
1552 37 1521 1512
1553 37 1522 1513
1554 37 1523 1516
1555 37 1524 1519
1556 37 1526 1525
1557 37 1527 1526
1558 37 1528 1527
1559 37 1529 1520
1560 37 1530 1521
1561 37 1531 1522
1562 37 1532 1523
1563 37 1533 1524
1564 37 1534 1528
1565 37 1535 1529
1566 37 B 1536
1567 37 1536 1521
1568 37 B 1537
1569 37 1537 1513
1570 37 B 1538
1571 37 1538 1515
1572 37 B 1539
1573 37 1539 1517
1574 37 B 1540
1575 38 1542 1541
1576 38 1543 1542
1577 38 1545 1544
1578 38 1546 1545
1579 38 1547 1543
1580 38 1548 1546
1581 38 1549 1547
1582 38 1550 1548
1583 38 1552 1551
1584 38 1553 1552
1585 38 1554 1553
1586 38 1555 1554
1587 38 1556 1549
1588 38 1557 1550
1589 38 1558 1555
1590 38 1560 1559
1591 38 1561 1560
1592 38 1562 1561
1593 38 1563 1562
1594 38 1564 1563
1595 38 1566 1565
1596 38 1568 1567
1597 38 1570 1569
1598 38 1572 1571
1599 38 1574 1573
1600 39 1577 1575
1601 39 1578 1576
1602 39 1580 1579
1603 39 1582 1581
1604 39 1583 1577
1605 39 1584 1578
1606 39 1585 1580
1607 39 1586 1582
1608 39 1588 1587
1609 39 1589 1588
1610 39 1590 1583
1611 39 1591 1584
1612 39 1592 1585
1613 39 1593 1586
1614 39 1594 1589
1615 39 1595 1590
1616 39 B 1596
1617 39 1596 1584
1618 39 B 1597
1619 39 1597 1580
1620 39 B 1598
1621 39 1598 1581
1622 39 B 1599
1623 40 1576 1575
1624 40 1601 1600
1625 40 1579 1576
1626 40 1602 1601
1627 40 1581 1579
1628 40 1603 1602
1629 40 1605 1604
1630 40 1606 1605
1631 40 1607 1606
1632 40 1587 1581
1633 40 1608 1603
1634 40 1609 1607
1635 40 B 1587
1636 40 B 1608
1637 40 B 1609
1638 40 1611 1610
1639 40 1612 1611
1640 40 1613 1612
1641 40 1614 1613
1642 40 B 1614
1643 40 1616 1615
1644 40 1618 1617
1645 40 1620 1619
1646 40 1622 1621
1647 40 B 1599
1648 41 1624 1623
1649 41 1626 1625
1650 41 1628 1627
1651 41 1629 1624
1652 41 1630 1626
1653 41 1631 1628
1654 41 1633 1632
1655 41 1634 1633
1656 41 1636 1635
1657 41 1637 1636
1658 41 1638 1629
1659 41 1639 1630
1660 41 1640 1631
1661 41 1641 1634
1662 41 1642 1637
1663 41 1643 1638
1664 41 B 1644
1665 41 1644 1630
1666 41 B 1645
1667 41 1645 1628
1668 41 B 1646
1669 41 1646 1632
1670 41 B 1647
1671 42 1649 1648
1672 42 1650 1649
1673 42 1652 1651
1674 42 1653 1652
1675 42 1654 1650
1676 42 1655 1653
1677 42 1656 1654
1678 42 1657 1655
1679 42 1659 1658
1680 42 1660 1659
1681 42 1661 1660
1682 42 1662 1661
1683 42 1664 1663
1684 42 1666 1665
1685 42 1668 1667
1686 42 1670 1669
1687 43 1673 1671
1688 43 1674 1672
1689 43 1676 1675
1690 43 1678 1677
1691 43 1679 1673
1692 43 1680 1674
1693 43 1681 1676
1694 43 1682 1678
1695 43 1683 1679
1696 43 B 1684
1697 43 1684 1674
1698 43 B 1685
1699 43 1685 1675
1700 43 B 1686
1701 44 1672 1671
1702 44 1688 1687
1703 44 1675 1672
1704 44 1689 1688
1705 44 1677 1675
1706 44 1690 1689
1707 44 1692 1691
1708 44 1693 1692
1709 44 1694 1693
1710 44 B 1677
1711 44 B 1690
1712 44 B 1694
1713 44 1696 1695
1714 44 1698 1697
1715 44 1700 1699
1716 44 B 1686
1717 45 1702 1701
1718 45 1704 1703
1719 45 1706 1705
1720 45 1707 1702
1721 45 1708 1704
1722 45 1709 1706
1723 45 1711 1710
1724 45 1712 1711
1725 45 1713 1707
1726 45 B 1714
1727 45 1714 1704
1728 45 B 1715
1729 45 1715 1705
1730 45 B 1716
1731 46 1718 1717
1732 46 1719 1718
1733 46 1721 1720
1734 46 1722 1721
1735 46 1723 1719
1736 46 1724 1722
1737 46 1726 1725
1738 46 1728 1727
1739 46 1730 1729
1740 47 1733 1731
1741 47 1734 1732
1742 47 1736 1735
1743 47 1737 1733
1744 47 B 1738
1745 47 1738 1732
1746 47 B 1739
1747 48 1732 1731
1748 48 1741 1740
1749 48 1735 1732
1750 48 1742 1741
1751 48 B 1735
1752 48 B 1742
1753 48 1744 1743
1754 48 1746 1745
1755 48 B 1739
1756 49 1748 1747
1757 49 1750 1749
1758 49 1752 1751
1759 49 1753 1748
1760 49 B 1754
1761 49 1754 1749
1762 49 B 1755
1763 50 1757 1756
1764 50 1758 1757
1765 50 1760 1759
1766 50 1762 1761
1767 51 1765 1763
1768 51 B 1766
1769 52 1764 1763
1770 52 1768 1767
1771 52 B 1766
1772 53 1770 1769
1773 53 B 1771
1774 54 1773 1772
1775 56 B 1774
1776 58 B 1775