1 1 B T
2 2 1 T
3 2 B 1
4 2 B T
5 3 2 T
6 3 3 2
7 3 3 4
8 3 B 3
9 3 B 2
10 3 B 4
11 4 5 T
12 4 6 5
13 4 7 5
14 4 8 6
15 4 9 5
16 4 10 5
17 5 11 T
18 5 12 11
19 5 14 13
20 5 15 11
21 5 B 15
22 5 B 16
23 6 11 T
24 6 18 17
25 6 13 11
26 6 19 18
27 6 B 13
28 6 B 19
29 6 21 20
30 6 22 20
31 6 B 16
32 7 24 23
33 7 26 25
34 7 28 27
35 7 29 24
36 7 B 30
37 7 30 25
38 7 B 31
39 8 33 32
40 8 34 33
41 8 36 35
42 8 38 37
43 9 41 39
44 9 B 42
45 10 40 39
46 10 44 43
47 10 B 42
48 11 46 45
49 11 B 47
50 12 49 48
51 14 B 50
52 16 B 51