1 1 B T
2 2 1 T
3 2 B 1
4 3 2 T
5 3 3 2
6 3 B 3
7 3 B 2
8 4 4 T
9 4 5 4
10 4 2 T
11 4 6 5
12 4 B 6
13 4 B 2
14 4 B 5
15 4 7 4
16 5 8 T
17 5 9 8
18 5 9 10
19 5 11 9
20 5 12 11
21 5 14 13
22 5 12 14
23 5 B 12
24 5 15 8
25 5 B 15
26 5 15 10
27 5 B 13
28 6 16 T
29 6 17 16
30 6 18 16
31 6 19 17
32 6 20 19
33 6 21 18
34 6 22 19
35 6 23 20
36 6 B 23
37 6 25 24
38 6 27 26
39 7 28 T
40 7 29 28
41 7 31 30
42 7 31 29
43 7 32 31
44 7 34 33
45 7 35 34
46 7 35 32
47 7 36 35
48 7 37 29
49 7 B 37
50 7 37 30
51 7 B 38
52 8 39 T
53 8 28 T
54 8 40 39
55 8 30 28
56 8 41 40
57 8 42 40
58 8 43 42
59 8 33 30
60 8 44 41
61 8 45 43
62 8 B 33
63 8 B 44
64 8 B 45
65 8 46 43
66 8 47 46
67 8 B 47
68 8 49 48
69 8 51 50
70 8 B 38
71 9 52 T
72 9 54 53
73 9 56 55
74 9 54 52
75 9 57 54
76 9 58 56
77 9 60 59
78 9 61 60
79 9 63 62
80 9 64 63
81 9 58 57
82 9 65 58
83 9 66 61
84 9 67 64
85 9 68 57
86 9 B 68
87 9 68 56
88 9 B 69
89 9 69 59
90 9 B 70
91 10 72 71
92 10 73 72
93 10 75 74
94 10 76 75
95 10 77 73
96 10 78 76
97 10 79 77
98 10 80 78
99 10 81 75
100 10 82 81
101 10 83 82
102 10 84 83
103 10 86 85
104 10 88 87
105 10 90 89
106 11 93 91
107 11 94 92
108 11 96 95
109 11 98 97
110 11 99 93
111 11 100 94
112 11 101 96
113 11 102 98
114 11 103 99
115 11 B 103
116 11 103 94
117 11 B 104
118 11 104 95
119 11 B 105
120 12 92 91
121 12 107 106
122 12 95 92
123 12 108 107
124 12 97 95
125 12 109 108
126 12 111 110
127 12 112 111
128 12 113 112
129 12 B 97
130 12 B 109
131 12 B 113
132 12 115 114
133 12 117 116
134 12 119 118
135 12 B 105
136 13 121 120
137 13 123 122
138 13 125 124
139 13 126 121
140 13 127 123
141 13 128 125
142 13 130 129
143 13 131 130
144 13 132 126
145 13 B 133
146 13 133 123
147 13 B 134
148 13 134 124
149 13 B 135
150 14 137 136
151 14 138 137
152 14 140 139
153 14 141 140
154 14 142 138
155 14 143 141
156 14 145 144
157 14 147 146
158 14 149 148
159 15 152 150
160 15 153 151
161 15 155 154
162 15 156 152
163 15 B 157
164 15 157 151
165 15 B 158
166 16 151 150
167 16 160 159
168 16 154 151
169 16 161 160
170 16 B 154
171 16 B 161
172 16 163 162
173 16 165 164
174 16 B 158
175 17 167 166
176 17 169 168
177 17 171 170
178 17 172 167
179 17 B 173
180 17 173 168
181 17 B 174
182 18 176 175
183 18 177 176
184 18 179 178
185 18 181 180
186 19 184 182
187 19 B 185
188 20 183 182
189 20 187 186
190 20 B 185
191 21 189 188
192 21 B 190
193 22 192 191
194 24 B 193
195 26 B 194