1 1 B T
2 2 1 T
3 2 B 1
4 2 B T
5 3 2 T
6 3 3 2
7 3 B 3
8 3 3 4
9 3 B 2
10 3 B 4
11 4 5 T
12 4 6 5
13 4 7 6
14 4 B 7
15 4 8 5
16 4 9 5
17 4 10 5
18 5 11 T
19 5 12 11
20 5 13 12
21 5 14 13
22 5 B 14
23 5 13 15
24 5 16 11
25 5 B 16
26 5 B 17
27 6 18 T
28 6 19 18
29 6 20 19
30 6 21 20
31 6 22 21
32 6 B 22
33 6 11 T
34 6 15 11
35 6 23 19
36 6 B 15
37 6 B 23
38 6 B 21
39 6 25 24
40 6 26 24
41 6 B 17
42 7 27 T
43 7 28 27
44 7 29 28
45 7 30 29
46 7 31 30
47 7 32 31
48 7 28 33
49 7 B 32
50 7 35 34
51 7 30 35
52 7 37 36
53 7 38 37
54 7 32 38
55 7 39 28
56 7 B 39
57 7 B 40
58 7 40 34
59 7 B 41
60 8 42 T
61 8 43 42
62 8 44 43
63 8 45 44
64 8 46 45
65 8 47 46
66 8 48 42
67 8 49 47
68 8 50 48
69 8 51 44
70 8 B 49
71 8 52 50
72 8 53 51
73 8 54 46
74 8 56 55
75 8 57 55
76 8 59 58
77 9 60 T
78 9 61 60
79 9 62 61
80 9 63 62
81 9 64 63
82 9 65 64
83 9 62 66
84 9 67 65
85 9 69 68
86 9 64 69
87 9 70 67
88 9 B 70
89 9 72 71
90 9 73 72
91 9 67 73
92 9 74 62
93 9 B 74
94 9 B 75
95 9 75 68
96 9 B 76
97 10 77 T
98 10 78 77
99 10 79 78
100 10 80 79
101 10 60 T
102 10 81 80
103 10 82 81
104 10 66 60
105 10 83 78
106 10 84 82
107 10 68 66
108 10 85 83
109 10 86 80
110 10 87 84
111 10 88 87
112 10 71 68
113 10 89 85
114 10 90 86
115 10 91 82
116 10 B 88
117 10 B 71
118 10 B 89
119 10 B 90
120 10 B 91
121 10 B 87
122 10 93 92
123 10 94 92
124 10 96 95
125 10 B 76
126 11 97 T
127 11 98 97
128 11 99 98
129 11 100 99
130 11 98 101
131 11 102 100
132 11 103 102
133 11 105 104
134 11 100 105
135 11 106 103
136 11 108 107
137 11 109 108
138 11 103 109
139 11 110 106
140 11 111 110
141 11 113 112
142 11 114 113
143 11 115 114
144 11 110 115
145 11 116 111
146 11 118 117
147 11 119 118
148 11 120 119
149 11 121 120
150 11 116 121
151 11 B 116
152 11 122 100
153 11 B 122
154 11 B 123
155 11 123 108
156 11 B 124
157 11 124 112
158 11 B 125
159 12 126 T
160 12 127 126
161 12 128 127
162 12 129 128
163 12 130 126
164 12 131 129
165 12 132 131
166 12 133 130
167 12 134 128
168 12 135 132
169 12 136 133
170 12 137 134
171 12 138 131
172 12 139 135
173 12 140 139
174 12 141 136
175 12 142 137
176 12 143 138
177 12 144 135
178 12 145 140
179 12 146 141
180 12 147 142
181 12 148 143
182 12 149 144
183 12 150 140
184 12 151 145
185 12 B 151
186 12 153 152
187 12 154 152
188 12 156 155
189 12 158 157
190 13 159 T
191 13 160 159
192 13 161 160
193 13 162 161
194 13 161 163
195 13 164 162
196 13 165 164
197 13 167 166
198 13 164 167
199 13 168 165
200 13 170 169
201 13 171 170
202 13 168 171
203 13 172 168
204 13 173 172
205 13 175 174
206 13 176 175
207 13 177 176
208 13 173 177
209 13 178 173
210 13 180 179
211 13 181 180
212 13 182 181
213 13 183 182
214 13 184 183
215 13 184 178
216 13 185 184
217 13 B 185
218 13 186 164
219 13 B 186
220 13 B 187
221 13 187 170
222 13 B 188
223 13 188 174
224 13 B 189
225 14 190 T
226 14 191 190
227 14 192 191
228 14 159 T
229 14 193 192
230 14 163 159
231 14 194 191
232 14 195 193
233 14 196 195
234 14 166 163
235 14 197 194
236 14 198 193
237 14 199 196
238 14 169 166
239 14 200 197
240 14 201 198
241 14 202 196
242 14 203 199
243 14 204 203
244 14 174 169
245 14 205 200
246 14 206 201
247 14 207 202
248 14 208 203
249 14 209 204
250 14 179 174
251 14 210 205
252 14 211 206
253 14 212 207
254 14 213 208
255 14 214 209
256 14 215 209
257 14 216 215
258 14 B 179
259 14 B 210
260 14 B 211
261 14 B 212
262 14 B 213
263 14 B 214
264 14 B 216
265 14 217 216
266 14 B 217
267 14 219 218
268 14 220 218
269 14 222 221
270 14 224 223
271 14 B 189
272 15 225 T
273 15 226 225
274 15 227 226
275 15 226 228
276 15 229 227
277 15 231 230
278 15 229 231
279 15 232 229
280 15 233 232
281 15 235 234
282 15 236 235
283 15 233 236
284 15 237 233
285 15 239 238
286 15 240 239
287 15 241 240
288 15 242 241
289 15 242 237
290 15 243 242
291 15 245 244
292 15 246 245
293 15 247 246
294 15 248 247
295 15 249 248
296 15 251 250
297 15 252 251
298 15 253 252
299 15 254 253
300 15 255 254
301 15 249 243
302 15 256 249
303 15 257 255
304 15 259 258
305 15 260 259
306 15 261 260
307 15 262 261
308 15 263 262
309 15 264 263
310 15 257 256
311 15 265 257
312 15 266 264
313 15 266 265
314 15 B 266
315 15 267 233
316 15 B 267
317 15 B 268
318 15 268 240
319 15 B 269
320 15 269 245
321 15 B 270
322 15 270 250
323 15 B 271
324 16 272 T
325 16 273 272
326 16 274 273
327 16 275 272
328 16 276 274
329 16 277 275
330 16 278 274
331 16 279 276
332 16 280 279
333 16 281 277
334 16 282 278
335 16 283 279
336 16 284 280
337 16 285 281
338 16 286 282
339 16 287 283
340 16 288 284
341 16 289 284
342 16 290 289
343 16 291 285
344 16 292 286
345 16 293 287
346 16 294 288
347 16 295 290
348 16 296 291
349 16 297 292
350 16 298 293
351 16 299 294
352 16 300 295
353 16 301 290
354 16 302 301
355 16 303 302
356 16 304 296
357 16 305 297
358 16 306 298
359 16 307 299
360 16 308 300
361 16 309 303
362 16 310 302
363 16 311 310
364 16 312 311
365 16 313 311
366 16 314 313
367 16 B 314
368 16 316 315
369 16 317 315
370 16 319 318
371 16 321 320
372 16 323 322
373 17 324 T
374 17 325 324
375 17 326 325
376 17 326 327
377 17 328 326
378 17 330 329
379 17 331 330
380 17 331 328
381 17 332 331
382 17 334 333
383 17 335 334
384 17 336 335
385 17 338 337
386 17 339 338
387 17 340 339
388 17 336 332
389 17 341 336
390 17 342 340
391 17 344 343
392 17 345 344
393 17 346 345
394 17 347 346
395 17 349 348
396 17 350 349
397 17 351 350
398 17 352 351
399 17 342 341
400 17 353 342
401 17 354 347
402 17 355 352
403 17 357 356
404 17 358 357
405 17 359 358
406 17 360 359
407 17 361 360
408 17 354 353
409 17 362 354
410 17 363 355
411 17 364 361
412 17 363 362
413 17 365 363
414 17 366 364
415 17 366 365
416 17 367 366
417 17 B 367
418 17 368 336
419 17 B 368
420 17 B 369
421 17 369 339
422 17 B 370
423 17 370 344
424 17 B 371
425 17 371 348
426 17 B 372
427 18 373 T
428 18 324 T
429 18 374 373
430 18 375 374
431 18 327 324
432 18 376 374
433 18 377 375
434 18 329 327
435 18 378 376
436 18 379 377
437 18 380 377
438 18 381 380
439 18 333 329
440 18 382 378
441 18 383 379
442 18 384 381
443 18 337 333
444 18 385 382
445 18 386 383
446 18 387 384
447 18 388 381
448 18 389 388
449 18 390 389
450 18 343 337
451 18 391 385
452 18 392 386
453 18 393 387
454 18 394 390
455 18 348 343
456 18 395 391
457 18 396 392
458 18 397 393
459 18 398 394
460 18 399 389
461 18 400 399
462 18 401 400
463 18 402 401
464 18 356 348
465 18 403 395
466 18 404 396
467 18 405 397
468 18 406 398
469 18 407 402
470 18 B 356
471 18 B 403
472 18 B 404
473 18 B 405
474 18 B 406
475 18 B 407
476 18 408 400
477 18 409 408
478 18 410 409
479 18 411 410
480 18 B 411
481 18 412 409
482 18 413 412
483 18 414 413
484 18 B 414
485 18 415 413
486 18 416 415
487 18 B 416
488 18 417 416
489 18 B 417
490 18 419 418
491 18 420 418
492 18 422 421
493 18 424 423
494 18 426 425
495 18 B 372
496 19 427 T
497 19 429 428
498 19 429 427
499 19 430 429
500 19 432 431
501 19 433 432
502 19 435 434
503 19 436 435
504 19 433 430
505 19 437 433
506 19 438 436
507 19 440 439
508 19 441 440
509 19 442 441
510 19 444 443
511 19 445 444
512 19 446 445
513 19 438 437
514 19 447 438
515 19 448 442
516 19 449 446
517 19 451 450
518 19 452 451
519 19 453 452
520 19 454 453
521 19 456 455
522 19 457 456
523 19 458 457
524 19 459 458
525 19 448 447
526 19 460 448
527 19 461 449
528 19 462 454
529 19 463 459
530 19 465 464
531 19 466 465
532 19 467 466
533 19 468 467
534 19 469 468
535 19 471 470
536 19 472 471
537 19 473 472
538 19 474 473
539 19 475 474
540 19 461 460
541 19 476 461
542 19 477 462
543 19 478 463
544 19 479 469
545 19 480 475
546 19 477 476
547 19 481 477
548 19 482 478
549 19 483 479
550 19 484 480
551 19 482 481
552 19 485 482
553 19 486 483
554 19 487 484
555 19 486 485
556 19 488 486
557 19 489 487
558 19 490 448
559 19 B 490
560 19 B 491
561 19 491 446
562 19 B 492
563 19 492 452
564 19 B 493
565 19 493 456
566 19 B 494
567 19 494 464
568 19 B 495
569 20 496 T
570 20 497 496
571 20 498 496
572 20 499 498
573 20 500 497
574 20 501 499
575 20 502 500
576 20 503 501
577 20 504 499
578 20 505 504
579 20 506 505
580 20 507 502
581 20 508 503
582 20 509 506
583 20 510 507
584 20 511 508
585 20 512 509
586 20 513 505
587 20 514 513
588 20 515 514
589 20 516 515
590 20 517 510
591 20 518 511
592 20 519 512
593 20 520 516
594 20 521 517
595 20 522 518
596 20 523 519
597 20 524 520
598 20 525 514
599 20 526 525
600 20 527 526
601 20 528 527
602 20 529 528
603 20 530 521
604 20 531 522
605 20 532 523
606 20 533 524
607 20 534 529
608 20 535 530
609 20 536 531
610 20 537 532
611 20 538 533
612 20 539 534
613 20 540 526
614 20 541 540
615 20 542 541
616 20 543 542
617 20 544 543
618 20 545 544
619 20 546 541
620 20 547 546
621 20 548 547
622 20 549 548
623 20 550 549
624 20 551 547
625 20 552 551
626 20 553 552
627 20 554 553
628 20 555 552
629 20 556 555
630 20 557 556
631 20 559 558
632 20 560 558
633 20 562 561
634 20 564 563
635 20 566 565
636 20 568 567
637 21 571 569
638 21 572 570
639 21 574 573
640 21 576 575
641 21 572 571
642 21 577 572
643 21 578 574
644 21 579 576
645 21 581 580
646 21 582 581
647 21 584 583
648 21 585 584
649 21 578 577
650 21 586 578
651 21 587 579
652 21 588 582
653 21 589 585
654 21 591 590
655 21 592 591
656 21 593 592
657 21 595 594
658 21 596 595
659 21 597 596
660 21 587 586
661 21 598 587
662 21 599 588
663 21 600 589
664 21 601 593
665 21 602 597
666 21 604 603
667 21 605 604
668 21 606 605
669 21 607 606
670 21 609 608
671 21 610 609
672 21 611 610
673 21 612 611
674 21 599 598
675 21 613 599
676 21 614 600
677 21 615 601
678 21 616 602
679 21 617 607
680 21 618 612
681 21 614 613
682 21 619 614
683 21 620 615
684 21 621 616
685 21 622 617
686 21 623 618
687 21 620 619
688 21 624 620
689 21 625 621
690 21 626 622
691 21 627 623
692 21 625 624
693 21 628 625
694 21 629 626
695 21 630 627
696 21 631 599
697 21 B 631
698 21 B 632
699 21 632 589
700 21 B 633
701 21 633 592
702 21 B 634
703 21 634 595
704 21 B 635
705 21 635 603
706 21 B 636
707 22 570 569
708 22 638 637
709 22 573 570
710 22 639 638
711 22 575 573
712 22 640 639
713 22 642 641
714 22 643 642
715 22 644 643
716 22 580 575
717 22 645 640
718 22 646 644
719 22 583 580
720 22 647 645
721 22 648 646
722 22 649 642
723 22 650 649
724 22 651 650
725 22 652 651
726 22 653 652
727 22 590 583
728 22 654 647
729 22 655 648
730 22 656 653
731 22 594 590
732 22 657 654
733 22 658 655
734 22 659 656
735 22 660 650
736 22 661 660
737 22 662 661
738 22 663 662
739 22 664 663
740 22 665 664
741 22 603 594
742 22 666 657
743 22 667 658
744 22 668 659
745 22 669 665
746 22 608 603
747 22 670 666
748 22 671 667
749 22 672 668
750 22 673 669
751 22 674 661
752 22 675 674
753 22 676 675
754 22 677 676
755 22 678 677
756 22 679 678
757 22 680 679
758 22 B 608
759 22 B 670
760 22 B 671
761 22 B 672
762 22 B 673
763 22 B 680
764 22 681 675
765 22 682 681
766 22 683 682
767 22 684 683
768 22 685 684
769 22 686 685
770 22 B 686
771 22 687 682
772 22 688 687
773 22 689 688
774 22 690 689
775 22 691 690
776 22 B 691
777 22 692 688
778 22 693 692
779 22 694 693
780 22 695 694
781 22 B 695
782 22 697 696
783 22 698 696
784 22 700 699
785 22 702 701
786 22 704 703
787 22 706 705
788 22 B 636
789 23 708 707
790 23 710 709
791 23 712 711
792 23 713 708
793 23 714 710
794 23 715 712
795 23 717 716
796 23 718 717
797 23 720 719
798 23 721 720
799 23 722 713
800 23 723 714
801 23 724 715
802 23 725 718
803 23 726 721
804 23 728 727
805 23 729 728
806 23 730 729
807 23 732 731
808 23 733 732
809 23 734 733
810 23 723 722
811 23 735 723
812 23 736 724
813 23 737 725
814 23 738 726
815 23 739 730
816 23 740 734
817 23 742 741
818 23 743 742
819 23 744 743
820 23 745 744
821 23 747 746
822 23 748 747
823 23 749 748
824 23 750 749
825 23 736 735
826 23 751 736
827 23 752 737
828 23 753 738
829 23 754 739
830 23 755 740
831 23 756 745
832 23 757 750
833 23 759 758
834 23 760 759
835 23 761 760
836 23 762 761
837 23 763 762
838 23 752 751
839 23 764 752
840 23 765 753
841 23 766 754
842 23 767 755
843 23 768 756
844 23 769 757
845 23 770 763
846 23 765 764
847 23 771 765
848 23 772 766
849 23 773 767
850 23 774 768
851 23 775 769
852 23 776 770
853 23 772 771
854 23 777 772
855 23 778 773
856 23 779 774
857 23 780 775
858 23 781 776
859 23 782 752
860 23 B 782
861 23 B 783
862 23 783 738
863 23 B 784
864 23 784 730
865 23 B 785
866 23 785 733
867 23 B 786
868 23 786 742
869 23 B 787
870 23 787 746
871 23 B 788
872 24 790 789
873 24 791 790
874 24 793 792
875 24 794 793
876 24 795 791
877 24 796 794
878 24 797 795
879 24 798 796
880 24 800 799
881 24 801 800
882 24 802 801
883 24 803 802
884 24 804 797
885 24 805 798
886 24 806 803
887 24 807 804
888 24 808 805
889 24 809 806
890 24 811 810
891 24 812 811
892 24 813 812
893 24 814 813
894 24 815 814
895 24 816 815
896 24 817 807
897 24 818 808
898 24 819 809
899 24 820 816
900 24 821 817
901 24 822 818
902 24 823 819
903 24 824 820
904 24 825 811
905 24 826 825
906 24 827 826
907 24 828 827
908 24 829 828
909 24 830 829
910 24 831 830
911 24 832 831
912 24 833 821
913 24 834 822
914 24 835 823
915 24 836 824
916 24 837 832
917 24 838 826
918 24 839 838
919 24 840 839
920 24 841 840
921 24 842 841
922 24 843 842
923 24 844 843
924 24 845 844
925 24 846 839
926 24 847 846
927 24 848 847
928 24 849 848
929 24 850 849
930 24 851 850
931 24 852 851
932 24 853 847
933 24 854 853
934 24 855 854
935 24 856 855
936 24 857 856
937 24 858 857
938 24 860 859
939 24 861 859
940 24 863 862
941 24 865 864
942 24 867 866
943 24 869 868
944 24 871 870
945 25 874 872
946 25 875 873
947 25 877 876
948 25 879 878
949 25 880 874
950 25 881 875
951 25 882 877
952 25 883 879
953 25 885 884
954 25 886 885
955 25 888 887
956 25 889 888
957 25 890 880
958 25 891 881
959 25 892 882
960 25 893 883
961 25 894 886
962 25 895 889
963 25 897 896
964 25 898 897
965 25 899 898
966 25 901 900
967 25 902 901
968 25 903 902
969 25 904 890
970 25 905 891
971 25 906 892
972 25 907 893
973 25 908 894
974 25 909 895
975 25 910 899
976 25 911 903
977 25 913 912
978 25 914 913
979 25 915 914
980 25 916 915
981 25 905 904
982 25 917 905
983 25 918 906
984 25 919 907
985 25 920 908
986 25 921 909
987 25 922 910
988 25 923 911
989 25 924 916
990 25 918 917
991 25 925 918
992 25 926 919
993 25 927 920
994 25 928 921
995 25 929 922
996 25 930 923
997 25 931 924
998 25 926 925
999 25 932 926
1000 25 933 927
1001 25 934 928
1002 25 935 929
1003 25 936 930
1004 25 937 931
1005 25 938 918
1006 25 B 938
1007 25 B 939
1008 25 939 907
1009 25 B 940
1010 25 940 894
1011 25 B 941
1012 25 941 889
1013 25 B 942
1014 25 942 897
1015 25 B 943
1016 25 943 900
1017 25 B 944
1018 26 873 872
1019 26 946 945
1020 26 876 873
1021 26 947 946
1022 26 878 876
1023 26 948 947
1024 26 950 949
1025 26 951 950
1026 26 952 951
1027 26 884 878
1028 26 953 948
1029 26 954 952
1030 26 887 884
1031 26 955 953
1032 26 956 954
1033 26 958 957
1034 26 959 958
1035 26 960 959
1036 26 961 960
1037 26 962 961
1038 26 896 887
1039 26 963 955
1040 26 964 956
1041 26 965 962
1042 26 900 896
1043 26 966 963
1044 26 967 964
1045 26 968 965
1046 26 970 969
1047 26 971 970
1048 26 972 971
1049 26 973 972
1050 26 974 973
1051 26 975 974
1052 26 976 975
1053 26 912 900
1054 26 977 966
1055 26 978 967
1056 26 979 968
1057 26 980 976
1058 26 B 912
1059 26 B 977
1060 26 B 978
1061 26 B 979
1062 26 B 980
1063 26 982 981
1064 26 983 982
1065 26 984 983
1066 26 985 984
1067 26 986 985
1068 26 987 986
1069 26 988 987
1070 26 989 988
1071 26 B 989
1072 26 990 982
1073 26 991 990
1074 26 992 991
1075 26 993 992
1076 26 994 993
1077 26 995 994
1078 26 996 995
1079 26 997 996
1080 26 B 997
1081 26 998 991
1082 26 999 998
1083 26 1000 999
1084 26 1001 1000
1085 26 1002 1001
1086 26 1003 1002
1087 26 1004 1003
1088 26 B 1004
1089 26 1006 1005
1090 26 1007 1005
1091 26 1009 1008
1092 26 1011 1010
1093 26 1013 1012
1094 26 1015 1014
1095 26 1017 1016
1096 26 B 944
1097 27 1019 1018
1098 27 1021 1020
1099 27 1023 1022
1100 27 1024 1019
1101 27 1025 1021
1102 27 1026 1023
1103 27 1028 1027
1104 27 1029 1028
1105 27 1031 1030
1106 27 1032 1031
1107 27 1033 1024
1108 27 1034 1025
1109 27 1035 1026
1110 27 1036 1029
1111 27 1037 1032
1112 27 1039 1038
1113 27 1040 1039
1114 27 1041 1040
1115 27 1043 1042
1116 27 1044 1043
1117 27 1045 1044
1118 27 1046 1033
1119 27 1047 1034
1120 27 1048 1035
1121 27 1049 1036
1122 27 1050 1037
1123 27 1051 1041
1124 27 1052 1045
1125 27 1054 1053
1126 27 1055 1054
1127 27 1056 1055
1128 27 1057 1056
1129 27 1059 1058
1130 27 1060 1059
1131 27 1061 1060
1132 27 1062 1061
1133 27 1063 1046
1134 27 1064 1047
1135 27 1065 1048
1136 27 1066 1049
1137 27 1067 1050
1138 27 1068 1051
1139 27 1069 1052
1140 27 1070 1057
1141 27 1071 1062
1142 27 1072 1063
1143 27 1073 1064
1144 27 1074 1065
1145 27 1075 1066
1146 27 1076 1067
1147 27 1077 1068
1148 27 1078 1069
1149 27 1079 1070
1150 27 1080 1071
1151 27 1073 1072
1152 27 1081 1073
1153 27 1082 1074
1154 27 1083 1075
1155 27 1084 1076
1156 27 1085 1077
1157 27 1086 1078
1158 27 1087 1079
1159 27 1088 1080
1160 27 1089 1073
1161 27 B 1089
1162 27 B 1090
1163 27 1090 1065
1164 27 B 1091
1165 27 1091 1049
1166 27 B 1092
1167 27 1092 1037
1168 27 B 1093
1169 27 1093 1040
1170 27 B 1094
1171 27 1094 1043
1172 27 B 1095
1173 27 1095 1053
1174 27 B 1096
1175 28 1098 1097
1176 28 1099 1098
1177 28 1101 1100
1178 28 1102 1101
1179 28 1103 1099
1180 28 1104 1102
1181 28 1105 1103
1182 28 1106 1104
1183 28 1108 1107
1184 28 1109 1108
1185 28 1110 1109
1186 28 1111 1110
1187 28 1112 1105
1188 28 1113 1106
1189 28 1114 1111
1190 28 1115 1112
1191 28 1116 1113
1192 28 1117 1114
1193 28 1119 1118
1194 28 1120 1119
1195 28 1121 1120
1196 28 1122 1121
1197 28 1123 1122
1198 28 1124 1123
1199 28 1125 1115
1200 28 1126 1116
1201 28 1127 1117
1202 28 1128 1124
1203 28 1129 1125
1204 28 1130 1126
1205 28 1131 1127
1206 28 1132 1128
1207 28 1134 1133
1208 28 1135 1134
1209 28 1136 1135
1210 28 1137 1136
1211 28 1138 1137
1212 28 1139 1138
1213 28 1140 1139
1214 28 1141 1140
1215 28 1143 1142
1216 28 1144 1143
1217 28 1145 1144
1218 28 1146 1145
1219 28 1147 1146
1220 28 1148 1147
1221 28 1149 1148
1222 28 1150 1149
1223 28 1152 1151
1224 28 1153 1152
1225 28 1154 1153
1226 28 1155 1154
1227 28 1156 1155
1228 28 1157 1156
1229 28 1158 1157
1230 28 1159 1158
1231 28 1161 1160
1232 28 1162 1160
1233 28 1164 1163
1234 28 1166 1165
1235 28 1168 1167
1236 28 1170 1169
1237 28 1172 1171
1238 28 1174 1173
1239 29 1177 1175
1240 29 1178 1176
1241 29 1180 1179
1242 29 1182 1181
1243 29 1183 1177
1244 29 1184 1178
1245 29 1185 1180
1246 29 1186 1182
1247 29 1188 1187
1248 29 1189 1188
1249 29 1191 1190
1250 29 1192 1191
1251 29 1193 1183
1252 29 1194 1184
1253 29 1195 1185
1254 29 1196 1186
1255 29 1197 1189
1256 29 1198 1192
1257 29 1200 1199
1258 29 1201 1200
1259 29 1202 1201
1260 29 1204 1203
1261 29 1205 1204
1262 29 1206 1205
1263 29 1207 1193
1264 29 1208 1194
1265 29 1209 1195
1266 29 1210 1196
1267 29 1211 1197
1268 29 1212 1198
1269 29 1213 1202
1270 29 1214 1206
1271 29 1215 1207
1272 29 1216 1208
1273 29 1217 1209
1274 29 1218 1210
1275 29 1219 1211
1276 29 1220 1212
1277 29 1221 1213
1278 29 1222 1214
1279 29 1223 1215
1280 29 1224 1216
1281 29 1225 1217
1282 29 1226 1218
1283 29 1227 1219
1284 29 1228 1220
1285 29 1229 1221
1286 29 1230 1222
1287 29 1231 1223
1288 29 B 1232
1289 29 1232 1216
1290 29 B 1233
1291 29 1233 1209
1292 29 B 1234
1293 29 1234 1196
1294 29 B 1235
1295 29 1235 1189
1296 29 B 1236
1297 29 1236 1191
1298 29 B 1237
1299 29 1237 1199
1300 29 B 1238
1301 30 1176 1175
1302 30 1240 1239
1303 30 1179 1176
1304 30 1241 1240
1305 30 1181 1179
1306 30 1242 1241
1307 30 1244 1243
1308 30 1245 1244
1309 30 1246 1245
1310 30 1187 1181
1311 30 1247 1242
1312 30 1248 1246
1313 30 1190 1187
1314 30 1249 1247
1315 30 1250 1248
1316 30 1252 1251
1317 30 1253 1252
1318 30 1254 1253
1319 30 1255 1254
1320 30 1256 1255
1321 30 1199 1190
1322 30 1257 1249
1323 30 1258 1250
1324 30 1259 1256
1325 30 1203 1199
1326 30 1260 1257
1327 30 1261 1258
1328 30 1262 1259
1329 30 1264 1263
1330 30 1265 1264
1331 30 1266 1265
1332 30 1267 1266
1333 30 1268 1267
1334 30 1269 1268
1335 30 1270 1269
1336 30 B 1203
1337 30 B 1260
1338 30 B 1261
1339 30 B 1262
1340 30 B 1270
1341 30 1272 1271
1342 30 1273 1272
1343 30 1274 1273
1344 30 1275 1274
1345 30 1276 1275
1346 30 1277 1276
1347 30 1278 1277
1348 30 B 1278
1349 30 1280 1279
1350 30 1281 1280
1351 30 1282 1281
1352 30 1283 1282
1353 30 1284 1283
1354 30 1285 1284
1355 30 1286 1285
1356 30 B 1286
1357 30 1288 1287
1358 30 1290 1289
1359 30 1292 1291
1360 30 1294 1293
1361 30 1296 1295
1362 30 1298 1297
1363 30 1300 1299
1364 30 B 1238
1365 31 1302 1301
1366 31 1304 1303
1367 31 1306 1305
1368 31 1307 1302
1369 31 1308 1304
1370 31 1309 1306
1371 31 1311 1310
1372 31 1312 1311
1373 31 1314 1313
1374 31 1315 1314
1375 31 1316 1307
1376 31 1317 1308
1377 31 1318 1309
1378 31 1319 1312
1379 31 1320 1315
1380 31 1322 1321
1381 31 1323 1322
1382 31 1324 1323
1383 31 1326 1325
1384 31 1327 1326
1385 31 1328 1327
1386 31 1329 1316
1387 31 1330 1317
1388 31 1331 1318
1389 31 1332 1319
1390 31 1333 1320
1391 31 1334 1324
1392 31 1335 1328
1393 31 1337 1336
1394 31 1338 1337
1395 31 1339 1338
1396 31 1340 1339
1397 31 1341 1329
1398 31 1342 1330
1399 31 1343 1331
1400 31 1344 1332
1401 31 1345 1333
1402 31 1346 1334
1403 31 1347 1335
1404 31 1348 1340
1405 31 1349 1341
1406 31 1350 1342
1407 31 1351 1343
1408 31 1352 1344
1409 31 1353 1345
1410 31 1354 1346
1411 31 1355 1347
1412 31 1356 1348
1413 31 1357 1349
1414 31 B 1358
1415 31 1358 1342
1416 31 B 1359
1417 31 1359 1331
1418 31 B 1360
1419 31 1360 1319
1420 31 B 1361
1421 31 1361 1315
1422 31 B 1362
1423 31 1362 1322
1424 31 B 1363
1425 31 1363 1325
1426 31 B 1364
1427 32 1366 1365
1428 32 1367 1366
1429 32 1369 1368
1430 32 1370 1369
1431 32 1371 1367
1432 32 1372 1370
1433 32 1373 1371
1434 32 1374 1372
1435 32 1376 1375
1436 32 1377 1376
1437 32 1378 1377
1438 32 1379 1378
1439 32 1380 1373
1440 32 1381 1374
1441 32 1382 1379
1442 32 1383 1380
1443 32 1384 1381
1444 32 1385 1382
1445 32 1387 1386
1446 32 1388 1387
1447 32 1389 1388
1448 32 1390 1389
1449 32 1391 1390
1450 32 1392 1391
1451 32 1393 1383
1452 32 1394 1384
1453 32 1395 1385
1454 32 1396 1392
1455 32 1398 1397
1456 32 1399 1398
1457 32 1400 1399
1458 32 1401 1400
1459 32 1402 1401
1460 32 1403 1402
1461 32 1404 1403
1462 32 1406 1405
1463 32 1407 1406
1464 32 1408 1407
1465 32 1409 1408
1466 32 1410 1409
1467 32 1411 1410
1468 32 1412 1411
1469 32 1414 1413
1470 32 1416 1415
1471 32 1418 1417
1472 32 1420 1419
1473 32 1422 1421
1474 32 1424 1423
1475 32 1426 1425
1476 33 1429 1427
1477 33 1430 1428
1478 33 1432 1431
1479 33 1434 1433
1480 33 1435 1429
1481 33 1436 1430
1482 33 1437 1432
1483 33 1438 1434
1484 33 1440 1439
1485 33 1441 1440
1486 33 1443 1442
1487 33 1444 1443
1488 33 1445 1435
1489 33 1446 1436
1490 33 1447 1437
1491 33 1448 1438
1492 33 1449 1441
1493 33 1450 1444
1494 33 1452 1451
1495 33 1453 1452
1496 33 1454 1453
1497 33 1455 1445
1498 33 1456 1446
1499 33 1457 1447
1500 33 1458 1448
1501 33 1459 1449
1502 33 1460 1450
1503 33 1461 1454
1504 33 1462 1455
1505 33 1463 1456
1506 33 1464 1457
1507 33 1465 1458
1508 33 1466 1459
1509 33 1467 1460
1510 33 1468 1461
1511 33 1469 1462
1512 33 B 1470
1513 33 1470 1456
1514 33 B 1471
1515 33 1471 1447
1516 33 B 1472
1517 33 1472 1438
1518 33 B 1473
1519 33 1473 1440
1520 33 B 1474
1521 33 1474 1442
1522 33 B 1475
1523 34 1428 1427
1524 34 1477 1476
1525 34 1431 1428
1526 34 1478 1477
1527 34 1433 1431
1528 34 1479 1478
1529 34 1481 1480
1530 34 1482 1481
1531 34 1483 1482
1532 34 1439 1433
1533 34 1484 1479
1534 34 1485 1483
1535 34 1442 1439
1536 34 1486 1484
1537 34 1487 1485
1538 34 1489 1488
1539 34 1490 1489
1540 34 1491 1490
1541 34 1492 1491
1542 34 1493 1492
1543 34 1451 1442
1544 34 1494 1486
1545 34 1495 1487
1546 34 1496 1493
1547 34 B 1451
1548 34 B 1494
1549 34 B 1495
1550 34 B 1496
1551 34 1498 1497
1552 34 1499 1498
1553 34 1500 1499
1554 34 1501 1500
1555 34 1502 1501
1556 34 1503 1502
1557 34 B 1503
1558 34 1505 1504
1559 34 1506 1505
1560 34 1507 1506
1561 34 1508 1507
1562 34 1509 1508
1563 34 1510 1509
1564 34 B 1510
1565 34 1512 1511
1566 34 1514 1513
1567 34 1516 1515
1568 34 1518 1517
1569 34 1520 1519
1570 34 1522 1521
1571 34 B 1475
1572 35 1524 1523
1573 35 1526 1525
1574 35 1528 1527
1575 35 1529 1524
1576 35 1530 1526
1577 35 1531 1528
1578 35 1533 1532
1579 35 1534 1533
1580 35 1536 1535
1581 35 1537 1536
1582 35 1538 1529
1583 35 1539 1530
1584 35 1540 1531
1585 35 1541 1534
1586 35 1542 1537
1587 35 1544 1543
1588 35 1545 1544
1589 35 1546 1545
1590 35 1548 1547
1591 35 1549 1548
1592 35 1550 1549
1593 35 1551 1538
1594 35 1552 1539
1595 35 1553 1540
1596 35 1554 1541
1597 35 1555 1542
1598 35 1556 1546
1599 35 1557 1550
1600 35 1558 1551
1601 35 1559 1552
1602 35 1560 1553
1603 35 1561 1554
1604 35 1562 1555
1605 35 1563 1556
1606 35 1564 1557
1607 35 1565 1558
1608 35 B 1566
1609 35 1566 1552
1610 35 B 1567
1611 35 1567 1540
1612 35 B 1568
1613 35 1568 1534
1614 35 B 1569
1615 35 1569 1536
1616 35 B 1570
1617 35 1570 1543
1618 35 B 1571
1619 36 1573 1572
1620 36 1574 1573
1621 36 1576 1575
1622 36 1577 1576
1623 36 1578 1574
1624 36 1579 1577
1625 36 1580 1578
1626 36 1581 1579
1627 36 1583 1582
1628 36 1584 1583
1629 36 1585 1584
1630 36 1586 1585
1631 36 1587 1580
1632 36 1588 1581
1633 36 1589 1586
1634 36 1590 1587
1635 36 1591 1588
1636 36 1592 1589
1637 36 1594 1593
1638 36 1595 1594
1639 36 1596 1595
1640 36 1597 1596
1641 36 1598 1597
1642 36 1599 1598
1643 36 1601 1600
1644 36 1602 1601
1645 36 1603 1602
1646 36 1604 1603
1647 36 1605 1604
1648 36 1606 1605
1649 36 1608 1607
1650 36 1610 1609
1651 36 1612 1611
1652 36 1614 1613
1653 36 1616 1615
1654 36 1618 1617
1655 37 1621 1619
1656 37 1622 1620
1657 37 1624 1623
1658 37 1626 1625
1659 37 1627 1621
1660 37 1628 1622
1661 37 1629 1624
1662 37 1630 1626
1663 37 1632 1631
1664 37 1633 1632
1665 37 1635 1634
1666 37 1636 1635
1667 37 1637 1627
1668 37 1638 1628
1669 37 1639 1629
1670 37 1640 1630
1671 37 1641 1633
1672 37 1642 1636
1673 37 1643 1637
1674 37 1644 1638
1675 37 1645 1639
1676 37 1646 1640
1677 37 1647 1641
1678 37 1648 1642
1679 37 1649 1643
1680 37 B 1650
1681 37 1650 1638
1682 37 B 1651
1683 37 1651 1629
1684 37 B 1652
1685 37 1652 1626
1686 37 B 1653
1687 37 1653 1631
1688 37 B 1654
1689 38 1620 1619
1690 38 1656 1655
1691 38 1623 1620
1692 38 1657 1656
1693 38 1625 1623
1694 38 1658 1657
1695 38 1660 1659
1696 38 1661 1660
1697 38 1662 1661
1698 38 1631 1625
1699 38 1663 1658
1700 38 1664 1662
1701 38 1634 1631
1702 38 1665 1663
1703 38 1666 1664
1704 38 1668 1667
1705 38 1669 1668
1706 38 1670 1669
1707 38 1671 1670
1708 38 1672 1671
1709 38 B 1634
1710 38 B 1665
1711 38 B 1666
1712 38 B 1672
1713 38 1674 1673
1714 38 1675 1674
1715 38 1676 1675
1716 38 1677 1676
1717 38 1678 1677
1718 38 B 1678
1719 38 1680 1679
1720 38 1682 1681
1721 38 1684 1683
1722 38 1686 1685
1723 38 1688 1687
1724 38 B 1654
1725 39 1690 1689
1726 39 1692 1691
1727 39 1694 1693
1728 39 1695 1690
1729 39 1696 1692
1730 39 1697 1694
1731 39 1699 1698
1732 39 1700 1699
1733 39 1702 1701
1734 39 1703 1702
1735 39 1704 1695
1736 39 1705 1696
1737 39 1706 1697
1738 39 1707 1700
1739 39 1708 1703
1740 39 1710 1709
1741 39 1711 1710
1742 39 1712 1711
1743 39 1713 1704
1744 39 1714 1705
1745 39 1715 1706
1746 39 1716 1707
1747 39 1717 1708
1748 39 1718 1712
1749 39 1719 1713
1750 39 B 1720
1751 39 1720 1705
1752 39 B 1721
1753 39 1721 1697
1754 39 B 1722
1755 39 1722 1699
1756 39 B 1723
1757 39 1723 1701
1758 39 B 1724
1759 40 1726 1725
1760 40 1727 1726
1761 40 1729 1728
1762 40 1730 1729
1763 40 1731 1727
1764 40 1732 1730
1765 40 1733 1731
1766 40 1734 1732
1767 40 1736 1735
1768 40 1737 1736
1769 40 1738 1737
1770 40 1739 1738
1771 40 1740 1733
1772 40 1741 1734
1773 40 1742 1739
1774 40 1744 1743
1775 40 1745 1744
1776 40 1746 1745
1777 40 1747 1746
1778 40 1748 1747
1779 40 1750 1749
1780 40 1752 1751
1781 40 1754 1753
1782 40 1756 1755
1783 40 1758 1757
1784 41 1761 1759
1785 41 1762 1760
1786 41 1764 1763
1787 41 1766 1765
1788 41 1767 1761
1789 41 1768 1762
1790 41 1769 1764
1791 41 1770 1766
1792 41 1772 1771
1793 41 1773 1772
1794 41 1774 1767
1795 41 1775 1768
1796 41 1776 1769
1797 41 1777 1770
1798 41 1778 1773
1799 41 1779 1774
1800 41 B 1780
1801 41 1780 1768
1802 41 B 1781
1803 41 1781 1764
1804 41 B 1782
1805 41 1782 1765
1806 41 B 1783
1807 42 1760 1759
1808 42 1785 1784
1809 42 1763 1760
1810 42 1786 1785
1811 42 1765 1763
1812 42 1787 1786
1813 42 1789 1788
1814 42 1790 1789
1815 42 1791 1790
1816 42 1771 1765
1817 42 1792 1787
1818 42 1793 1791
1819 42 B 1771
1820 42 B 1792
1821 42 B 1793
1822 42 1795 1794
1823 42 1796 1795
1824 42 1797 1796
1825 42 1798 1797
1826 42 B 1798
1827 42 1800 1799
1828 42 1802 1801
1829 42 1804 1803
1830 42 1806 1805
1831 42 B 1783
1832 43 1808 1807
1833 43 1810 1809
1834 43 1812 1811
1835 43 1813 1808
1836 43 1814 1810
1837 43 1815 1812
1838 43 1817 1816
1839 43 1818 1817
1840 43 1820 1819
1841 43 1821 1820
1842 43 1822 1813
1843 43 1823 1814
1844 43 1824 1815
1845 43 1825 1818
1846 43 1826 1821
1847 43 1827 1822
1848 43 B 1828
1849 43 1828 1814
1850 43 B 1829
1851 43 1829 1812
1852 43 B 1830
1853 43 1830 1816
1854 43 B 1831
1855 44 1833 1832
1856 44 1834 1833
1857 44 1836 1835
1858 44 1837 1836
1859 44 1838 1834
1860 44 1839 1837
1861 44 1840 1838
1862 44 1841 1839
1863 44 1843 1842
1864 44 1844 1843
1865 44 1845 1844
1866 44 1846 1845
1867 44 1848 1847
1868 44 1850 1849
1869 44 1852 1851
1870 44 1854 1853
1871 45 1857 1855
1872 45 1858 1856
1873 45 1860 1859
1874 45 1862 1861
1875 45 1863 1857
1876 45 1864 1858
1877 45 1865 1860
1878 45 1866 1862
1879 45 1867 1863
1880 45 B 1868
1881 45 1868 1858
1882 45 B 1869
1883 45 1869 1859
1884 45 B 1870
1885 46 1856 1855
1886 46 1872 1871
1887 46 1859 1856
1888 46 1873 1872
1889 46 1861 1859
1890 46 1874 1873
1891 46 1876 1875
1892 46 1877 1876
1893 46 1878 1877
1894 46 B 1861
1895 46 B 1874
1896 46 B 1878
1897 46 1880 1879
1898 46 1882 1881
1899 46 1884 1883
1900 46 B 1870
1901 47 1886 1885
1902 47 1888 1887
1903 47 1890 1889
1904 47 1891 1886
1905 47 1892 1888
1906 47 1893 1890
1907 47 1895 1894
1908 47 1896 1895
1909 47 1897 1891
1910 47 B 1898
1911 47 1898 1888
1912 47 B 1899
1913 47 1899 1889
1914 47 B 1900
1915 48 1902 1901
1916 48 1903 1902
1917 48 1905 1904
1918 48 1906 1905
1919 48 1907 1903
1920 48 1908 1906
1921 48 1910 1909
1922 48 1912 1911
1923 48 1914 1913
1924 49 1917 1915
1925 49 1918 1916
1926 49 1920 1919
1927 49 1921 1917
1928 49 B 1922
1929 49 1922 1916
1930 49 B 1923
1931 50 1916 1915
1932 50 1925 1924
1933 50 1919 1916
1934 50 1926 1925
1935 50 B 1919
1936 50 B 1926
1937 50 1928 1927
1938 50 1930 1929
1939 50 B 1923
1940 51 1932 1931
1941 51 1934 1933
1942 51 1936 1935
1943 51 1937 1932
1944 51 B 1938
1945 51 1938 1933
1946 51 B 1939
1947 52 1941 1940
1948 52 1942 1941
1949 52 1944 1943
1950 52 1946 1945
1951 53 1949 1947
1952 53 B 1950
1953 54 1948 1947
1954 54 1952 1951
1955 54 B 1950
1956 55 1954 1953
1957 55 B 1955
1958 56 1957 1956
1959 58 B 1958
1960 60 B 1959