1 1 B T
2 2 1 T
3 2 B 1
4 3 2 T
5 3 3 2
6 3 B 3
7 3 B 2
8 4 4 T
9 4 5 4
10 4 6 5
11 4 B 6
12 4 2 T
13 4 B 2
14 4 B 5
15 4 7 4
16 5 8 T
17 5 9 8
18 5 10 9
19 5 11 10
20 5 B 11
21 5 9 12
22 5 14 13
23 5 11 14
24 5 15 8
25 5 B 15
26 5 15 12
27 5 B 13
28 6 16 T
29 6 17 16
30 6 18 17
31 6 19 18
32 6 20 19
33 6 B 20
34 6 21 16
35 6 22 21
36 6 23 18
37 6 25 24
38 6 27 26
39 7 28 T
40 7 29 28
41 7 30 29
42 7 31 30
43 7 32 31
44 7 33 32
45 7 30 34
46 7 B 33
47 7 36 35
48 7 32 36
49 7 37 29
50 7 B 37
51 7 37 34
52 7 B 38
53 8 39 T
54 8 40 39
55 8 41 40
56 8 42 41
57 8 28 T
58 8 43 42
59 8 44 43
60 8 34 28
61 8 45 40
62 8 46 44
63 8 35 34
64 8 47 45
65 8 48 42
66 8 B 46
67 8 B 35
68 8 B 47
69 8 B 48
70 8 B 44
71 8 50 49
72 8 52 51
73 8 B 38
74 9 53 T
75 9 54 53
76 9 55 54
77 9 56 55
78 9 54 57
79 9 58 56
80 9 59 58
81 9 61 60
82 9 56 61
83 9 62 59
84 9 64 63
85 9 65 64
86 9 59 65
87 9 66 62
88 9 B 66
89 9 68 67
90 9 69 68
91 9 70 69
92 9 66 70
93 9 71 55
94 9 B 71
95 9 71 61
96 9 B 72
97 9 72 63
98 9 B 73
99 10 74 T
100 10 75 74
101 10 76 75
102 10 77 76
103 10 78 74
104 10 79 77
105 10 80 79
106 10 81 78
107 10 82 76
108 10 83 80
109 10 84 81
110 10 85 82
111 10 86 79
112 10 87 83
113 10 88 87
114 10 89 84
115 10 90 85
116 10 91 86
117 10 92 83
118 10 B 88
119 10 94 93
120 10 96 95
121 10 98 97
122 11 99 T
123 11 100 99
124 11 101 100
125 11 102 101
126 11 101 103
127 11 104 102
128 11 105 104
129 11 107 106
130 11 104 107
131 11 108 105
132 11 110 109
133 11 111 110
134 11 108 111
135 11 112 108
136 11 113 112
137 11 115 114
138 11 116 115
139 11 117 116
140 11 113 117
141 11 118 113
142 11 B 118
143 11 119 102
144 11 B 119
145 11 119 107
146 11 B 120
147 11 120 109
148 11 B 121
149 12 122 T
150 12 123 122
151 12 124 123
152 12 99 T
153 12 125 124
154 12 103 99
155 12 126 123
156 12 127 125
157 12 128 127
158 12 106 103
159 12 129 126
160 12 130 125
161 12 131 128
162 12 109 106
163 12 132 129
164 12 133 130
165 12 134 128
166 12 135 131
167 12 136 135
168 12 114 109
169 12 137 132
170 12 138 133
171 12 139 134
172 12 140 135
173 12 141 136
174 12 B 114
175 12 B 137
176 12 B 138
177 12 B 139
178 12 B 140
179 12 B 141
180 12 142 141
181 12 B 142
182 12 144 143
183 12 146 145
184 12 148 147
185 12 B 121
186 13 149 T
187 13 150 149
188 13 151 150
189 13 150 152
190 13 153 151
191 13 155 154
192 13 153 155
193 13 156 153
194 13 157 156
195 13 159 158
196 13 160 159
197 13 157 160
198 13 161 157
199 13 163 162
200 13 164 163
201 13 165 164
202 13 166 165
203 13 166 161
204 13 167 166
205 13 169 168
206 13 170 169
207 13 171 170
208 13 172 171
209 13 173 172
210 13 175 174
211 13 176 175
212 13 177 176
213 13 178 177
214 13 179 178
215 13 173 167
216 13 180 173
217 13 181 179
218 13 181 180
219 13 B 181
220 13 182 156
221 13 B 182
222 13 182 160
223 13 B 183
224 13 183 163
225 13 B 184
226 13 184 168
227 13 B 185
228 14 186 T
229 14 187 186
230 14 188 187
231 14 189 186
232 14 190 188
233 14 191 189
234 14 192 188
235 14 193 190
236 14 194 193
237 14 195 191
238 14 196 192
239 14 197 193
240 14 198 194
241 14 199 195
242 14 200 196
243 14 201 197
244 14 202 198
245 14 203 198
246 14 204 203
247 14 205 199
248 14 206 200
249 14 207 201
250 14 208 202
251 14 209 204
252 14 210 205
253 14 211 206
254 14 212 207
255 14 213 208
256 14 214 209
257 14 215 204
258 14 216 215
259 14 217 216
260 14 218 216
261 14 219 218
262 14 B 219
263 14 221 220
264 14 223 222
265 14 225 224
266 14 227 226
267 15 228 T
268 15 229 228
269 15 230 229
270 15 230 231
271 15 232 230
272 15 234 233
273 15 235 234
274 15 235 232
275 15 236 235
276 15 238 237
277 15 239 238
278 15 240 239
279 15 242 241
280 15 243 242
281 15 244 243
282 15 240 236
283 15 245 240
284 15 246 244
285 15 248 247
286 15 249 248
287 15 250 249
288 15 251 250
289 15 253 252
290 15 254 253
291 15 255 254
292 15 256 255
293 15 246 245
294 15 257 246
295 15 258 251
296 15 259 256
297 15 258 257
298 15 260 258
299 15 261 259
300 15 261 260
301 15 262 261
302 15 B 262
303 15 263 236
304 15 B 263
305 15 263 239
306 15 B 264
307 15 264 242
308 15 B 265
309 15 265 247
310 15 B 266
311 16 267 T
312 16 228 T
313 16 268 267
314 16 269 268
315 16 231 228
316 16 270 268
317 16 271 269
318 16 233 231
319 16 272 270
320 16 273 271
321 16 274 271
322 16 275 274
323 16 237 233
324 16 276 272
325 16 277 273
326 16 278 275
327 16 241 237
328 16 279 276
329 16 280 277
330 16 281 278
331 16 282 275
332 16 283 282
333 16 284 283
334 16 247 241
335 16 285 279
336 16 286 280
337 16 287 281
338 16 288 284
339 16 252 247
340 16 289 285
341 16 290 286
342 16 291 287
343 16 292 288
344 16 293 283
345 16 294 293
346 16 295 294
347 16 296 295
348 16 B 252
349 16 B 289
350 16 B 290
351 16 B 291
352 16 B 292
353 16 B 296
354 16 297 294
355 16 298 297
356 16 299 298
357 16 B 299
358 16 300 298
359 16 301 300
360 16 B 301
361 16 302 301
362 16 B 302
363 16 304 303
364 16 306 305
365 16 308 307
366 16 310 309
367 16 B 266
368 17 311 T
369 17 313 312
370 17 313 311
371 17 314 313
372 17 316 315
373 17 317 316
374 17 319 318
375 17 320 319
376 17 317 314
377 17 321 317
378 17 322 320
379 17 324 323
380 17 325 324
381 17 326 325
382 17 328 327
383 17 329 328
384 17 330 329
385 17 322 321
386 17 331 322
387 17 332 326
388 17 333 330
389 17 335 334
390 17 336 335
391 17 337 336
392 17 338 337
393 17 340 339
394 17 341 340
395 17 342 341
396 17 343 342
397 17 332 331
398 17 344 332
399 17 345 333
400 17 346 338
401 17 347 343
402 17 349 348
403 17 350 349
404 17 351 350
405 17 352 351
406 17 353 352
407 17 345 344
408 17 354 345
409 17 355 346
410 17 356 347
411 17 357 353
412 17 355 354
413 17 358 355
414 17 359 356
415 17 360 357
416 17 359 358
417 17 361 359
418 17 362 360
419 17 363 331
420 17 B 363
421 17 363 326
422 17 B 364
423 17 364 329
424 17 B 365
425 17 365 335
426 17 B 366
427 17 366 339
428 17 B 367
429 18 368 T
430 18 369 368
431 18 370 368
432 18 371 370
433 18 372 369
434 18 373 371
435 18 374 372
436 18 375 373
437 18 376 371
438 18 377 376
439 18 378 377
440 18 379 374
441 18 380 375
442 18 381 378
443 18 382 379
444 18 383 380
445 18 384 381
446 18 385 377
447 18 386 385
448 18 387 386
449 18 388 387
450 18 389 382
451 18 390 383
452 18 391 384
453 18 392 388
454 18 393 389
455 18 394 390
456 18 395 391
457 18 396 392
458 18 397 386
459 18 398 397
460 18 399 398
461 18 400 399
462 18 401 400
463 18 402 393
464 18 403 394
465 18 404 395
466 18 405 396
467 18 406 401
468 18 407 398
469 18 408 407
470 18 409 408
471 18 410 409
472 18 411 410
473 18 412 408
474 18 413 412
475 18 414 413
476 18 415 414
477 18 416 413
478 18 417 416
479 18 418 417
480 18 420 419
481 18 422 421
482 18 424 423
483 18 426 425
484 18 428 427
485 19 431 429
486 19 432 430
487 19 434 433
488 19 436 435
489 19 432 431
490 19 437 432
491 19 438 434
492 19 439 436
493 19 441 440
494 19 442 441
495 19 444 443
496 19 445 444
497 19 438 437
498 19 446 438
499 19 447 439
500 19 448 442
501 19 449 445
502 19 451 450
503 19 452 451
504 19 453 452
505 19 455 454
506 19 456 455
507 19 457 456
508 19 447 446
509 19 458 447
510 19 459 448
511 19 460 449
512 19 461 453
513 19 462 457
514 19 464 463
515 19 465 464
516 19 466 465
517 19 467 466
518 19 459 458
519 19 468 459
520 19 469 460
521 19 470 461
522 19 471 462
523 19 472 467
524 19 469 468
525 19 473 469
526 19 474 470
527 19 475 471
528 19 476 472
529 19 474 473
530 19 477 474
531 19 478 475
532 19 479 476
533 19 480 458
534 19 B 480
535 19 480 448
536 19 B 481
537 19 481 445
538 19 B 482
539 19 482 451
540 19 B 483
541 19 483 454
542 19 B 484
543 20 430 429
544 20 486 485
545 20 433 430
546 20 487 486
547 20 435 433
548 20 488 487
549 20 490 489
550 20 491 490
551 20 492 491
552 20 440 435
553 20 493 488
554 20 494 492
555 20 443 440
556 20 495 493
557 20 496 494
558 20 497 490
559 20 498 497
560 20 499 498
561 20 500 499
562 20 501 500
563 20 450 443
564 20 502 495
565 20 503 496
566 20 504 501
567 20 454 450
568 20 505 502
569 20 506 503
570 20 507 504
571 20 508 498
572 20 509 508
573 20 510 509
574 20 511 510
575 20 512 511
576 20 513 512
577 20 463 454
578 20 514 505
579 20 515 506
580 20 516 507
581 20 517 513
582 20 B 463
583 20 B 514
584 20 B 515
585 20 B 516
586 20 B 517
587 20 518 509
588 20 519 518
589 20 520 519
590 20 521 520
591 20 522 521
592 20 523 522
593 20 B 523
594 20 524 519
595 20 525 524
596 20 526 525
597 20 527 526
598 20 528 527
599 20 B 528
600 20 529 525
601 20 530 529
602 20 531 530
603 20 532 531
604 20 B 532
605 20 534 533
606 20 536 535
607 20 538 537
608 20 540 539
609 20 542 541
610 20 B 484
611 21 544 543
612 21 546 545
613 21 548 547
614 21 549 544
615 21 550 546
616 21 551 548
617 21 553 552
618 21 554 553
619 21 556 555
620 21 557 556
621 21 558 549
622 21 559 550
623 21 560 551
624 21 561 554
625 21 562 557
626 21 564 563
627 21 565 564
628 21 566 565
629 21 568 567
630 21 569 568
631 21 570 569
632 21 559 558
633 21 571 559
634 21 572 560
635 21 573 561
636 21 574 562
637 21 575 566
638 21 576 570
639 21 578 577
640 21 579 578
641 21 580 579
642 21 581 580
643 21 583 582
644 21 584 583
645 21 585 584
646 21 586 585
647 21 572 571
648 21 587 572
649 21 588 573
650 21 589 574
651 21 590 575
652 21 591 576
653 21 592 581
654 21 593 586
655 21 588 587
656 21 594 588
657 21 595 589
658 21 596 590
659 21 597 591
660 21 598 592
661 21 599 593
662 21 595 594
663 21 600 595
664 21 601 596
665 21 602 597
666 21 603 598
667 21 604 599
668 21 605 587
669 21 B 605
670 21 605 573
671 21 B 606
672 21 606 562
673 21 B 607
674 21 607 565
675 21 B 608
676 21 608 568
677 21 B 609
678 21 609 577
679 21 B 610
680 22 612 611
681 22 613 612
682 22 615 614
683 22 616 615
684 22 617 613
685 22 618 616
686 22 619 617
687 22 620 618
688 22 622 621
689 22 623 622
690 22 624 623
691 22 625 624
692 22 626 619
693 22 627 620
694 22 628 625
695 22 629 626
696 22 630 627
697 22 631 628
698 22 633 632
699 22 634 633
700 22 635 634
701 22 636 635
702 22 637 636
703 22 638 637
704 22 639 629
705 22 640 630
706 22 641 631
707 22 642 638
708 22 643 639
709 22 644 640
710 22 645 641
711 22 646 642
712 22 647 633
713 22 648 647
714 22 649 648
715 22 650 649
716 22 651 650
717 22 652 651
718 22 653 652
719 22 654 653
720 22 655 648
721 22 656 655
722 22 657 656
723 22 658 657
724 22 659 658
725 22 660 659
726 22 661 660
727 22 662 656
728 22 663 662
729 22 664 663
730 22 665 664
731 22 666 665
732 22 667 666
733 22 669 668
734 22 671 670
735 22 673 672
736 22 675 674
737 22 677 676
738 22 679 678
739 23 682 680
740 23 683 681
741 23 685 684
742 23 687 686
743 23 688 682
744 23 689 683
745 23 690 685
746 23 691 687
747 23 693 692
748 23 694 693
749 23 696 695
750 23 697 696
751 23 698 688
752 23 699 689
753 23 700 690
754 23 701 691
755 23 702 694
756 23 703 697
757 23 705 704
758 23 706 705
759 23 707 706
760 23 709 708
761 23 710 709
762 23 711 710
763 23 712 698
764 23 713 699
765 23 714 700
766 23 715 701
767 23 716 702
768 23 717 703
769 23 718 707
770 23 719 711
771 23 713 712
772 23 720 713
773 23 721 714
774 23 722 715
775 23 723 716
776 23 724 717
777 23 725 718
778 23 726 719
779 23 721 720
780 23 727 721
781 23 728 722
782 23 729 723
783 23 730 724
784 23 731 725
785 23 732 726
786 23 733 720
787 23 B 733
788 23 733 714
789 23 B 734
790 23 734 701
791 23 B 735
792 23 735 694
793 23 B 736
794 23 736 696
795 23 B 737
796 23 737 704
797 23 B 738
798 24 681 680
799 24 740 739
800 24 684 681
801 24 741 740
802 24 686 684
803 24 742 741
804 24 744 743
805 24 745 744
806 24 746 745
807 24 692 686
808 24 747 742
809 24 748 746
810 24 695 692
811 24 749 747
812 24 750 748
813 24 752 751
814 24 753 752
815 24 754 753
816 24 755 754
817 24 756 755
818 24 704 695
819 24 757 749
820 24 758 750
821 24 759 756
822 24 708 704
823 24 760 757
824 24 761 758
825 24 762 759
826 24 764 763
827 24 765 764
828 24 766 765
829 24 767 766
830 24 768 767
831 24 769 768
832 24 770 769
833 24 B 708
834 24 B 760
835 24 B 761
836 24 B 762
837 24 B 770
838 24 772 771
839 24 773 772
840 24 774 773
841 24 775 774
842 24 776 775
843 24 777 776
844 24 778 777
845 24 B 778
846 24 779 772
847 24 780 779
848 24 781 780
849 24 782 781
850 24 783 782
851 24 784 783
852 24 785 784
853 24 B 785
854 24 787 786
855 24 789 788
856 24 791 790
857 24 793 792
858 24 795 794
859 24 797 796
860 24 B 738
861 25 799 798
862 25 801 800
863 25 803 802
864 25 804 799
865 25 805 801
866 25 806 803
867 25 808 807
868 25 809 808
869 25 811 810
870 25 812 811
871 25 813 804
872 25 814 805
873 25 815 806
874 25 816 809
875 25 817 812
876 25 819 818
877 25 820 819
878 25 821 820
879 25 823 822
880 25 824 823
881 25 825 824
882 25 826 813
883 25 827 814
884 25 828 815
885 25 829 816
886 25 830 817
887 25 831 821
888 25 832 825
889 25 834 833
890 25 835 834
891 25 836 835
892 25 837 836
893 25 838 826
894 25 839 827
895 25 840 828
896 25 841 829
897 25 842 830
898 25 843 831
899 25 844 832
900 25 845 837
901 25 846 838
902 25 847 839
903 25 848 840
904 25 849 841
905 25 850 842
906 25 851 843
907 25 852 844
908 25 853 845
909 25 854 846
910 25 B 854
911 25 854 839
912 25 B 855
913 25 855 828
914 25 B 856
915 25 856 816
916 25 B 857
917 25 857 812
918 25 B 858
919 25 858 819
920 25 B 859
921 25 859 822
922 25 B 860
923 26 862 861
924 26 863 862
925 26 865 864
926 26 866 865
927 26 867 863
928 26 868 866
929 26 869 867
930 26 870 868
931 26 872 871
932 26 873 872
933 26 874 873
934 26 875 874
935 26 876 869
936 26 877 870
937 26 878 875
938 26 879 876
939 26 880 877
940 26 881 878
941 26 883 882
942 26 884 883
943 26 885 884
944 26 886 885
945 26 887 886
946 26 888 887
947 26 889 879
948 26 890 880
949 26 891 881
950 26 892 888
951 26 894 893
952 26 895 894
953 26 896 895
954 26 897 896
955 26 898 897
956 26 899 898
957 26 900 899
958 26 902 901
959 26 903 902
960 26 904 903
961 26 905 904
962 26 906 905
963 26 907 906
964 26 908 907
965 26 910 909
966 26 912 911
967 26 914 913
968 26 916 915
969 26 918 917
970 26 920 919
971 26 922 921
972 27 925 923
973 27 926 924
974 27 928 927
975 27 930 929
976 27 931 925
977 27 932 926
978 27 933 928
979 27 934 930
980 27 936 935
981 27 937 936
982 27 939 938
983 27 940 939
984 27 941 931
985 27 942 932
986 27 943 933
987 27 944 934
988 27 945 937
989 27 946 940
990 27 948 947
991 27 949 948
992 27 950 949
993 27 951 941
994 27 952 942
995 27 953 943
996 27 954 944
997 27 955 945
998 27 956 946
999 27 957 950
1000 27 958 951
1001 27 959 952
1002 27 960 953
1003 27 961 954
1004 27 962 955
1005 27 963 956
1006 27 964 957
1007 27 965 958
1008 27 B 966
1009 27 966 952
1010 27 B 967
1011 27 967 943
1012 27 B 968
1013 27 968 934
1014 27 B 969
1015 27 969 936
1016 27 B 970
1017 27 970 938
1018 27 B 971
1019 28 924 923
1020 28 973 972
1021 28 927 924
1022 28 974 973
1023 28 929 927
1024 28 975 974
1025 28 977 976
1026 28 978 977
1027 28 979 978
1028 28 935 929
1029 28 980 975
1030 28 981 979
1031 28 938 935
1032 28 982 980
1033 28 983 981
1034 28 985 984
1035 28 986 985
1036 28 987 986
1037 28 988 987
1038 28 989 988
1039 28 947 938
1040 28 990 982
1041 28 991 983
1042 28 992 989
1043 28 B 947
1044 28 B 990
1045 28 B 991
1046 28 B 992
1047 28 994 993
1048 28 995 994
1049 28 996 995
1050 28 997 996
1051 28 998 997
1052 28 999 998
1053 28 B 999
1054 28 1001 1000
1055 28 1002 1001
1056 28 1003 1002
1057 28 1004 1003
1058 28 1005 1004
1059 28 1006 1005
1060 28 B 1006
1061 28 1008 1007
1062 28 1010 1009
1063 28 1012 1011
1064 28 1014 1013
1065 28 1016 1015
1066 28 1018 1017
1067 28 B 971
1068 29 1020 1019
1069 29 1022 1021
1070 29 1024 1023
1071 29 1025 1020
1072 29 1026 1022
1073 29 1027 1024
1074 29 1029 1028
1075 29 1030 1029
1076 29 1032 1031
1077 29 1033 1032
1078 29 1034 1025
1079 29 1035 1026
1080 29 1036 1027
1081 29 1037 1030
1082 29 1038 1033
1083 29 1040 1039
1084 29 1041 1040
1085 29 1042 1041
1086 29 1044 1043
1087 29 1045 1044
1088 29 1046 1045
1089 29 1047 1034
1090 29 1048 1035
1091 29 1049 1036
1092 29 1050 1037
1093 29 1051 1038
1094 29 1052 1042
1095 29 1053 1046
1096 29 1054 1047
1097 29 1055 1048
1098 29 1056 1049
1099 29 1057 1050
1100 29 1058 1051
1101 29 1059 1052
1102 29 1060 1053
1103 29 1061 1054
1104 29 B 1062
1105 29 1062 1048
1106 29 B 1063
1107 29 1063 1036
1108 29 B 1064
1109 29 1064 1030
1110 29 B 1065
1111 29 1065 1032
1112 29 B 1066
1113 29 1066 1039
1114 29 B 1067
1115 30 1069 1068
1116 30 1070 1069
1117 30 1072 1071
1118 30 1073 1072
1119 30 1074 1070
1120 30 1075 1073
1121 30 1076 1074
1122 30 1077 1075
1123 30 1079 1078
1124 30 1080 1079
1125 30 1081 1080
1126 30 1082 1081
1127 30 1083 1076
1128 30 1084 1077
1129 30 1085 1082
1130 30 1086 1083
1131 30 1087 1084
1132 30 1088 1085
1133 30 1090 1089
1134 30 1091 1090
1135 30 1092 1091
1136 30 1093 1092
1137 30 1094 1093
1138 30 1095 1094
1139 30 1097 1096
1140 30 1098 1097
1141 30 1099 1098
1142 30 1100 1099
1143 30 1101 1100
1144 30 1102 1101
1145 30 1104 1103
1146 30 1106 1105
1147 30 1108 1107
1148 30 1110 1109
1149 30 1112 1111
1150 30 1114 1113
1151 31 1117 1115
1152 31 1118 1116
1153 31 1120 1119
1154 31 1122 1121
1155 31 1123 1117
1156 31 1124 1118
1157 31 1125 1120
1158 31 1126 1122
1159 31 1128 1127
1160 31 1129 1128
1161 31 1131 1130
1162 31 1132 1131
1163 31 1133 1123
1164 31 1134 1124
1165 31 1135 1125
1166 31 1136 1126
1167 31 1137 1129
1168 31 1138 1132
1169 31 1139 1133
1170 31 1140 1134
1171 31 1141 1135
1172 31 1142 1136
1173 31 1143 1137
1174 31 1144 1138
1175 31 1145 1139
1176 31 B 1146
1177 31 1146 1134
1178 31 B 1147
1179 31 1147 1125
1180 31 B 1148
1181 31 1148 1122
1182 31 B 1149
1183 31 1149 1127
1184 31 B 1150
1185 32 1116 1115
1186 32 1152 1151
1187 32 1119 1116
1188 32 1153 1152
1189 32 1121 1119
1190 32 1154 1153
1191 32 1156 1155
1192 32 1157 1156
1193 32 1158 1157
1194 32 1127 1121
1195 32 1159 1154
1196 32 1160 1158
1197 32 1130 1127
1198 32 1161 1159
1199 32 1162 1160
1200 32 1164 1163
1201 32 1165 1164
1202 32 1166 1165
1203 32 1167 1166
1204 32 1168 1167
1205 32 B 1130
1206 32 B 1161
1207 32 B 1162
1208 32 B 1168
1209 32 1170 1169
1210 32 1171 1170
1211 32 1172 1171
1212 32 1173 1172
1213 32 1174 1173
1214 32 B 1174
1215 32 1176 1175
1216 32 1178 1177
1217 32 1180 1179
1218 32 1182 1181
1219 32 1184 1183
1220 32 B 1150
1221 33 1186 1185
1222 33 1188 1187
1223 33 1190 1189
1224 33 1191 1186
1225 33 1192 1188
1226 33 1193 1190
1227 33 1195 1194
1228 33 1196 1195
1229 33 1198 1197
1230 33 1199 1198
1231 33 1200 1191
1232 33 1201 1192
1233 33 1202 1193
1234 33 1203 1196
1235 33 1204 1199
1236 33 1206 1205
1237 33 1207 1206
1238 33 1208 1207
1239 33 1209 1200
1240 33 1210 1201
1241 33 1211 1202
1242 33 1212 1203
1243 33 1213 1204
1244 33 1214 1208
1245 33 1215 1209
1246 33 B 1216
1247 33 1216 1201
1248 33 B 1217
1249 33 1217 1193
1250 33 B 1218
1251 33 1218 1195
1252 33 B 1219
1253 33 1219 1197
1254 33 B 1220
1255 34 1222 1221
1256 34 1223 1222
1257 34 1225 1224
1258 34 1226 1225
1259 34 1227 1223
1260 34 1228 1226
1261 34 1229 1227
1262 34 1230 1228
1263 34 1232 1231
1264 34 1233 1232
1265 34 1234 1233
1266 34 1235 1234
1267 34 1236 1229
1268 34 1237 1230
1269 34 1238 1235
1270 34 1240 1239
1271 34 1241 1240
1272 34 1242 1241
1273 34 1243 1242
1274 34 1244 1243
1275 34 1246 1245
1276 34 1248 1247
1277 34 1250 1249
1278 34 1252 1251
1279 34 1254 1253
1280 35 1257 1255
1281 35 1258 1256
1282 35 1260 1259
1283 35 1262 1261
1284 35 1263 1257
1285 35 1264 1258
1286 35 1265 1260
1287 35 1266 1262
1288 35 1268 1267
1289 35 1269 1268
1290 35 1270 1263
1291 35 1271 1264
1292 35 1272 1265
1293 35 1273 1266
1294 35 1274 1269
1295 35 1275 1270
1296 35 B 1276
1297 35 1276 1264
1298 35 B 1277
1299 35 1277 1260
1300 35 B 1278
1301 35 1278 1261
1302 35 B 1279
1303 36 1256 1255
1304 36 1281 1280
1305 36 1259 1256
1306 36 1282 1281
1307 36 1261 1259
1308 36 1283 1282
1309 36 1285 1284
1310 36 1286 1285
1311 36 1287 1286
1312 36 1267 1261
1313 36 1288 1283
1314 36 1289 1287
1315 36 B 1267
1316 36 B 1288
1317 36 B 1289
1318 36 1291 1290
1319 36 1292 1291
1320 36 1293 1292
1321 36 1294 1293
1322 36 B 1294
1323 36 1296 1295
1324 36 1298 1297
1325 36 1300 1299
1326 36 1302 1301
1327 36 B 1279
1328 37 1304 1303
1329 37 1306 1305
1330 37 1308 1307
1331 37 1309 1304
1332 37 1310 1306
1333 37 1311 1308
1334 37 1313 1312
1335 37 1314 1313
1336 37 1316 1315
1337 37 1317 1316
1338 37 1318 1309
1339 37 1319 1310
1340 37 1320 1311
1341 37 1321 1314
1342 37 1322 1317
1343 37 1323 1318
1344 37 B 1324
1345 37 1324 1310
1346 37 B 1325
1347 37 1325 1308
1348 37 B 1326
1349 37 1326 1312
1350 37 B 1327
1351 38 1329 1328
1352 38 1330 1329
1353 38 1332 1331
1354 38 1333 1332
1355 38 1334 1330
1356 38 1335 1333
1357 38 1336 1334
1358 38 1337 1335
1359 38 1339 1338
1360 38 1340 1339
1361 38 1341 1340
1362 38 1342 1341
1363 38 1344 1343
1364 38 1346 1345
1365 38 1348 1347
1366 38 1350 1349
1367 39 1353 1351
1368 39 1354 1352
1369 39 1356 1355
1370 39 1358 1357
1371 39 1359 1353
1372 39 1360 1354
1373 39 1361 1356
1374 39 1362 1358
1375 39 1363 1359
1376 39 B 1364
1377 39 1364 1354
1378 39 B 1365
1379 39 1365 1355
1380 39 B 1366
1381 40 1352 1351
1382 40 1368 1367
1383 40 1355 1352
1384 40 1369 1368
1385 40 1357 1355
1386 40 1370 1369
1387 40 1372 1371
1388 40 1373 1372
1389 40 1374 1373
1390 40 B 1357
1391 40 B 1370
1392 40 B 1374
1393 40 1376 1375
1394 40 1378 1377
1395 40 1380 1379
1396 40 B 1366
1397 41 1382 1381
1398 41 1384 1383
1399 41 1386 1385
1400 41 1387 1382
1401 41 1388 1384
1402 41 1389 1386
1403 41 1391 1390
1404 41 1392 1391
1405 41 1393 1387
1406 41 B 1394
1407 41 1394 1384
1408 41 B 1395
1409 41 1395 1385
1410 41 B 1396
1411 42 1398 1397
1412 42 1399 1398
1413 42 1401 1400
1414 42 1402 1401
1415 42 1403 1399
1416 42 1404 1402
1417 42 1406 1405
1418 42 1408 1407
1419 42 1410 1409
1420 43 1413 1411
1421 43 1414 1412
1422 43 1416 1415
1423 43 1417 1413
1424 43 B 1418
1425 43 1418 1412
1426 43 B 1419
1427 44 1412 1411
1428 44 1421 1420
1429 44 1415 1412
1430 44 1422 1421
1431 44 B 1415
1432 44 B 1422
1433 44 1424 1423
1434 44 1426 1425
1435 44 B 1419
1436 45 1428 1427
1437 45 1430 1429
1438 45 1432 1431
1439 45 1433 1428
1440 45 B 1434
1441 45 1434 1429
1442 45 B 1435
1443 46 1437 1436
1444 46 1438 1437
1445 46 1440 1439
1446 46 1442 1441
1447 47 1445 1443
1448 47 B 1446
1449 48 1444 1443
1450 48 1448 1447
1451 48 B 1446
1452 49 1450 1449
1453 49 B 1451
1454 50 1453 1452
1455 52 B 1454
1456 54 B 1455