1 1 B T
2 2 B T
3 2 T 1
4 2 B 1
5 3 B 2
6 3 2 3
7 3 3 1
8 3 T 1
9 3 B 4
10 3 4 1
11 3 2 4
12 3 B 1
13 4 6 5
14 4 7 6
15 4 8 6
16 4 1 7
17 4 B 1
18 4 3 6
19 4 T 6
20 4 9 5
21 4 4 6
22 4 B 10
23 4 B 11
24 4 B 6
25 4 10 6
26 4 12 6
27 5 14 13
28 5 13 5
29 5 16 15
30 5 16 14
31 5 17 16
32 5 B 17
33 5 B 18
34 5 18 13
35 5 B 19
36 5 20 5
37 5 21 20
38 5 22 21
39 5 23 20
40 5 17 22
41 5 B 22
42 5 22 23
43 5 22 24
44 5 25 13
45 5 B 21
46 5 B 14
47 5 B 25
48 5 B 13
49 5 B 24
50 5 B 26
51 5 B 15
52 6 28 27
53 6 5 13
54 6 27 29
55 6 13 15
56 6 27 30
57 6 30 31
58 6 5 28
59 6 B 5
60 6 31 32
61 6 34 33
62 6 34 35
63 6 B 36
64 6 B 37
65 6 36 27
66 6 B 28
67 6 B 38
68 6 B 39
69 6 B 20
70 6 37 30
71 6 B 40
72 6 38 31
73 6 39 30
74 6 B 32
75 6 B 41
76 6 20 27
77 6 B 42
78 6 40 32
79 6 B 13
80 6 B 43
81 6 B 23
82 6 41 32
83 6 42 31
84 6 37 33
85 6 36 44
86 6 B 45
87 6 44 46
88 6 28 44
89 6 48 47
90 6 B 49
91 6 48 50
92 6 44 51
93 6 13 26
94 7 53 52
95 7 55 54
96 7 52 56
97 7 54 57
98 7 59 58
99 7 58 52
100 7 15 29
101 7 29 31
102 7 56 57
103 7 57 60
104 7 31 32
105 7 B 59
106 7 60 32
107 7 52 61
108 7 55 62
109 7 B 63
110 7 63 64
111 7 66 65
112 7 68 67
113 7 59 66
114 7 69 68
115 7 65 70
116 7 67 71
117 7 73 72
118 7 75 74
119 7 76 73
120 7 77 75
121 7 72 78
122 7 79 65
123 7 81 80
124 7 80 71
125 7 82 32
126 7 83 82
127 7 85 84
128 7 88 87
129 7 89 47
130 7 91 47
131 7 93 92
132 7 B 50
133 8 95 94
134 8 97 96
135 8 94 98
136 8 96 99
137 8 100 95
138 8 101 97
139 8 103 102
140 8 102 96
141 8 104 103
142 8 98 105
143 8 99 98
144 8 106 103
145 8 32 106
146 8 B 32
147 8 62 107
148 8 61 107
149 8 19 108
150 8 109 105
151 8 110 98
152 8 112 111
153 8 114 113
154 8 116 115
155 8 118 117
156 8 120 119
157 8 74 121
158 8 123 122
159 8 124 115
160 8 B 125
161 8 B 126
162 8 86 127
163 8 129 128
164 8 90 127
165 8 130 128
166 8 132 131
167 9 134 133
168 9 136 135
169 9 138 137
170 9 139 134
171 9 140 136
172 9 141 138
173 9 143 142
174 9 136 143
175 9 144 139
176 9 139 140
177 9 145 141
178 9 142 105
179 9 145 144
180 9 146 145
181 9 B 146
182 9 B 147
183 9 148 136
184 9 B 149
185 9 147 133
186 9 B 148
187 9 150 105
188 9 151 150
189 9 152 151
190 9 153 150
191 9 154 152
192 9 155 154
193 9 156 152
194 9 152 153
195 9 157 155
196 9 159 158
197 9 155 159
198 9 156 158
199 9 160 157
200 9 161 155
201 9 155 156
202 9 146 160
203 9 B 160
204 9 160 161
205 9 162 152
206 9 163 136
207 9 B 162
208 9 B 140
209 9 B 163
210 9 B 136
211 9 B 164
212 9 B 165
213 9 B 134
214 9 165 133
215 9 B 166
216 9 B 133
217 9 164 158
218 9 B 137
219 10 168 167
220 10 135 133
221 10 167 169
222 10 133 137
223 10 171 170
224 10 170 172
225 10 173 168
226 10 142 135
227 10 174 171
228 10 176 175
229 10 175 177
230 10 171 176
231 10 178 173
232 10 105 142
233 10 173 174
234 10 175 179
235 10 179 180
236 10 105 178
237 10 B 105
238 10 180 181
239 10 183 182
240 10 185 184
241 10 183 186
242 10 B 187
243 10 B 188
244 10 187 173
245 10 B 178
246 10 B 189
247 10 B 190
248 10 B 150
249 10 188 174
250 10 B 191
251 10 189 171
252 10 190 174
253 10 B 192
254 10 B 193
255 10 150 173
256 10 B 194
257 10 191 176
258 10 B 195
259 10 188 168
260 10 150 135
261 10 B 196
262 10 B 158
263 10 190 168
264 10 B 197
265 10 B 198
266 10 192 175
267 10 193 176
268 10 B 199
269 10 B 200
270 10 194 171
271 10 B 201
272 10 195 179
273 10 B 202
274 10 199 180
275 10 200 179
276 10 B 181
277 10 B 203
278 10 201 175
279 10 B 204
280 10 196 169
281 10 158 137
282 10 197 172
283 10 198 169
284 10 195 177
285 10 200 177
286 10 201 172
287 10 202 181
288 10 203 181
289 10 204 180
290 10 205 186
291 10 189 206
292 10 B 207
293 10 206 208
294 10 174 206
295 10 210 209
296 10 B 211
297 10 210 212
298 10 206 213
299 10 168 214
300 10 216 215
301 10 217 184
302 10 158 166
303 10 214 218
304 10 133 166
305 11 220 219
306 11 222 221
307 11 219 223
308 11 221 224
309 11 226 225
310 11 225 227
311 11 137 169
312 11 169 172
313 11 223 228
314 11 224 229
315 11 227 230
316 11 172 177
317 11 232 231
318 11 231 233
319 11 233 227
320 11 228 234
321 11 229 235
322 11 230 228
323 11 177 180
324 11 237 236
325 11 236 231
326 11 234 235
327 11 235 238
328 11 180 181
329 11 B 237
330 11 238 181
331 11 219 239
332 11 227 241
333 11 222 240
334 11 B 242
335 11 242 243
336 11 245 244
337 11 247 246
338 11 237 245
339 11 248 247
340 11 248 243
341 11 244 249
342 11 246 250
343 11 252 251
344 11 254 253
345 11 255 252
346 11 256 254
347 11 251 257
348 11 253 258
349 11 260 259
350 11 262 261
351 11 263 251
352 11 265 264
353 11 260 263
354 11 262 265
355 11 264 258
356 11 267 266
357 11 269 268
358 11 270 267
359 11 271 269
360 11 266 272
361 11 268 273
362 11 275 274
363 11 277 276
364 11 278 275
365 11 279 277
366 11 281 280
367 11 283 282
368 11 281 283
369 11 282 284
370 11 285 274
371 11 286 285
372 11 274 287
373 11 288 181
374 11 289 288
375 11 291 290
376 11 294 293
377 11 295 209
378 11 297 209
379 11 299 298
380 11 300 212
381 11 302 301
382 11 304 303
383 11 B 215
384 12 306 305
385 12 308 307
386 12 305 309
387 12 307 310
388 12 311 306
389 12 312 308
390 12 314 313
391 12 313 315
392 12 316 314
393 12 309 317
394 12 310 318
395 12 315 319
396 12 321 320
397 12 320 322
398 12 323 321
399 12 322 315
400 12 317 324
401 12 318 325
402 12 319 318
403 12 327 326
404 12 326 320
405 12 328 327
406 12 324 329
407 12 325 324
408 12 330 327
409 12 181 330
410 12 B 181
411 12 240 331
412 12 239 332
413 12 149 333
414 12 241 332
415 12 334 329
416 12 335 324
417 12 337 336
418 12 339 338
419 12 340 324
420 12 342 341
421 12 344 343
422 12 346 345
423 12 348 347
424 12 350 349
425 12 352 351
426 12 354 353
427 12 355 347
428 12 357 356
429 12 359 358
430 12 361 360
431 12 363 362
432 12 365 364
433 12 B 366
434 12 B 367
435 12 B 368
436 12 B 369
437 12 B 370
438 12 B 371
439 12 B 372
440 12 B 373
441 12 B 374
442 12 276 372
443 12 292 375
444 12 377 376
445 12 296 375
446 12 378 376
447 12 380 379
448 12 B 381
449 12 383 382
450 13 385 384
451 13 387 386
452 13 389 388
453 13 390 385
454 13 391 387
455 13 392 389
456 13 394 393
457 13 395 394
458 13 396 390
459 13 397 391
460 13 398 392
461 13 399 395
462 13 401 400
463 13 402 401
464 13 395 402
465 13 403 396
466 13 404 397
467 13 405 398
468 13 397 399
469 13 407 406
470 13 401 407
471 13 408 403
472 13 403 404
473 13 409 405
474 13 406 329
475 13 409 408
476 13 410 409
477 13 B 410
478 13 B 411
479 13 412 387
480 13 B 413
481 13 411 384
482 13 B 412
483 13 414 395
484 13 B 414
485 13 415 329
486 13 416 415
487 13 417 416
488 13 418 415
489 13 417 419
490 13 420 417
491 13 421 420
492 13 422 417
493 13 417 418
494 13 423 421
495 13 425 424
496 13 427 425
497 13 428 427
498 13 429 425
499 13 425 426
500 13 430 428
501 13 428 423
502 13 429 421
503 13 421 422
504 13 431 430
505 13 432 428
506 13 428 429
507 13 434 433
508 13 436 434
509 13 437 436
510 13 438 434
511 13 434 435
512 13 439 437
513 13 440 439
514 13 441 437
515 13 437 438
516 13 442 431
517 13 410 440
518 13 440 442
519 13 441 431
520 13 431 432
521 13 B 440
522 13 440 441
523 13 443 421
524 13 444 395
525 13 B 443
526 13 B 399
527 13 B 444
528 13 B 395
529 13 B 445
530 13 B 446
531 13 B 391
532 13 446 387
533 13 B 447
534 13 B 387
535 13 445 425
536 13 447 384
537 13 B 448
538 13 B 385
539 13 B 449
540 13 B 384
541 13 B 388
542 14 451 450
543 14 386 384
544 14 450 452
545 14 384 388
546 14 454 453
547 14 453 455
548 14 456 451
549 14 393 386
550 14 457 454
551 14 459 458
552 14 458 460
553 14 461 459
554 14 462 456
555 14 400 393
556 14 463 457
557 14 464 461
558 14 466 465
559 14 465 467
560 14 468 466
561 14 461 468
562 14 469 462
563 14 406 400
564 14 470 463
565 14 463 464
566 14 472 471
567 14 471 473
568 14 466 472
569 14 474 469
570 14 329 406
571 14 469 470
572 14 471 475
573 14 475 476
574 14 329 474
575 14 B 329
576 14 476 477
577 14 479 478
578 14 481 480
579 14 483 482
580 14 483 484
581 14 B 485
582 14 B 486
583 14 485 469
584 14 B 474
585 14 B 487
586 14 B 488
587 14 B 415
588 14 B 406
589 14 B 489
590 14 B 418
591 14 486 470
592 14 B 490
593 14 487 463
594 14 488 470
595 14 B 491
596 14 B 492
597 14 415 469
598 14 B 493
599 14 490 464
600 14 B 494
601 14 489 456
602 14 418 393
603 14 B 495
604 14 B 426
605 14 490 457
606 14 B 496
607 14 491 461
608 14 492 457
609 14 B 497
610 14 B 498
611 14 493 456
612 14 B 499
613 14 494 468
614 14 B 500
615 14 492 464
616 14 B 501
617 14 B 502
618 14 493 463
619 14 B 503
620 14 501 466
621 14 502 468
622 14 B 504
623 14 B 505
624 14 503 461
625 14 B 506
626 14 495 450
627 14 426 384
628 14 B 507
629 14 B 435
630 14 496 453
631 14 B 508
632 14 497 458
633 14 498 453
634 14 B 509
635 14 B 510
636 14 499 450
637 14 B 511
638 14 500 465
639 14 B 512
640 14 504 471
641 14 505 465
642 14 B 513
643 14 B 514
644 14 506 458
645 14 B 515
646 14 500 472
647 14 B 516
648 14 516 475
649 14 B 517
650 14 505 472
651 14 B 518
652 14 B 519
653 14 506 466
654 14 B 520
655 14 518 476
656 14 519 475
657 14 B 477
658 14 B 521
659 14 520 471
660 14 B 522
661 14 517 477
662 14 521 477
663 14 522 476
664 14 523 484
665 14 491 524
666 14 B 525
667 14 524 526
668 14 464 524
669 14 528 527
670 14 B 529
671 14 528 530
672 14 524 531
673 14 457 532
674 14 534 533
675 14 535 478
676 14 495 536
677 14 B 537
678 14 532 538
679 14 451 536
680 14 540 539
681 14 536 541
682 14 384 449
683 15 543 542
684 15 545 544
685 15 542 546
686 15 544 547
687 15 549 548
688 15 548 550
689 15 388 452
690 15 452 455
691 15 546 551
692 15 547 552
693 15 550 553
694 15 455 460
695 15 555 554
696 15 554 556
697 15 556 557
698 15 551 558
699 15 552 559
700 15 553 560
701 15 460 467
702 15 557 561
703 15 563 562
704 15 562 564
705 15 564 565
706 15 565 557
707 15 558 566
708 15 559 567
709 15 560 568
710 15 467 473
711 15 561 560
712 15 570 569
713 15 569 571
714 15 571 564
715 15 566 572
716 15 567 573
717 15 568 566
718 15 473 476
719 15 575 574
720 15 574 569
721 15 572 573
722 15 573 576
723 15 476 477
724 15 B 575
725 15 576 477
726 15 542 577
727 15 550 579
728 15 545 578
729 15 557 580
730 15 B 581
731 15 581 582
732 15 584 583
733 15 586 585
734 15 575 584
735 15 587 586
736 15 588 583
737 15 590 589
738 15 583 591
739 15 589 592
740 15 594 593
741 15 596 595
742 15 597 594
743 15 598 596
744 15 585 592
745 15 593 599
746 15 595 600
747 15 602 601
748 15 604 603
749 15 601 605
750 15 603 606
751 15 608 607
752 15 610 609
753 15 611 608
754 15 612 610
755 15 607 613
756 15 609 614
757 15 615 607
758 15 617 616
759 15 618 615
760 15 619 617
761 15 621 620
762 15 623 622
763 15 624 621
764 15 625 623
765 15 627 626
766 15 629 628
767 15 626 630
768 15 628 631
769 15 633 632
770 15 635 634
771 15 636 633
772 15 637 635
773 15 632 638
774 15 634 639
775 15 641 640
776 15 643 642
777 15 644 641
778 15 645 643
779 15 616 614
780 15 620 646
781 15 622 647
782 15 640 648
783 15 642 649
784 15 650 640
785 15 652 651
786 15 653 650
787 15 654 652
788 15 656 655
789 15 658 657
790 15 659 656
791 15 660 658
792 15 651 649
793 15 655 661
794 15 662 477
795 15 663 662
796 15 665 664
797 15 668 667
798 15 669 527
799 15 671 527
800 15 673 672
801 15 674 530
802 15 676 675
803 15 679 678
804 15 680 533
805 15 682 681
806 15 B 539
807 16 684 683
808 16 686 685
809 16 683 687
810 16 685 688
811 16 689 684
812 16 690 686
813 16 692 691
814 16 691 693
815 16 694 692
816 16 687 695
817 16 688 696
818 16 693 697
819 16 699 698
820 16 698 700
821 16 701 699
822 16 700 702
823 16 695 703
824 16 696 704
825 16 697 705
826 16 702 706
827 16 708 707
828 16 707 709
829 16 710 708
830 16 709 711
831 16 711 702
832 16 703 712
833 16 704 713
834 16 705 714
835 16 706 705
836 16 716 715
837 16 715 717
838 16 718 716
839 16 717 709
840 16 712 719
841 16 713 720
842 16 714 713
843 16 722 721
844 16 721 715
845 16 723 722
846 16 719 724
847 16 720 719
848 16 725 722
849 16 477 725
850 16 578 726
851 16 577 727
852 16 413 728
853 16 579 729
854 16 580 729
855 16 B 477
856 16 730 724
857 16 731 719
858 16 733 732
859 16 735 734
860 16 737 736
861 16 739 738
862 16 741 740
863 16 743 742
864 16 744 738
865 16 746 745
866 16 748 747
867 16 750 749
868 16 752 751
869 16 754 753
870 16 756 755
871 16 758 757
872 16 760 759
873 16 762 761
874 16 764 763
875 16 766 765
876 16 768 767
877 16 770 769
878 16 772 771
879 16 774 773
880 16 776 775
881 16 778 777
882 16 779 755
883 16 781 780
884 16 783 782
885 16 785 784
886 16 787 786
887 16 789 788
888 16 791 790
889 16 792 782
890 16 657 793
891 16 B 794
892 16 B 795
893 16 666 796
894 16 798 797
895 16 670 796
896 16 799 797
897 16 801 800
898 16 677 802
899 16 804 803
900 16 806 805
901 17 808 807
902 17 810 809
903 17 812 811
904 17 813 808
905 17 814 810
906 17 815 812
907 17 817 816
908 17 818 817
909 17 819 813
910 17 820 814
911 17 821 815
912 17 822 818
913 17 824 823
914 17 825 824
915 17 826 825
916 17 827 819
917 17 828 820
918 17 829 821
919 17 830 822
920 17 831 826
921 17 833 832
922 17 834 833
923 17 835 834
924 17 826 835
925 17 836 827
926 17 837 828
927 17 838 829
928 17 839 830
929 17 830 831
930 17 841 840
931 17 842 841
932 17 834 842
933 17 843 836
934 17 844 837
935 17 845 838
936 17 837 839
937 17 847 846
938 17 841 847
939 17 848 843
940 17 843 844
941 17 849 845
942 17 846 724
943 17 B 850
944 17 851 810
945 17 B 852
946 17 850 807
947 17 B 851
948 17 853 818
949 17 B 853
950 17 854 826
951 17 B 854
952 17 849 848
953 17 855 849
954 17 857 856
955 17 856 724
956 17 858 857
957 17 859 856
958 17 861 860
959 17 862 861
960 17 863 860
961 17 864 858
962 17 865 862
963 17 867 866
964 17 868 867
965 17 869 866
966 17 870 868
967 17 862 864
968 17 863 858
969 17 858 859
970 17 871 865
971 17 872 862
972 17 862 863
973 17 873 870
974 17 874 868
975 17 868 869
976 17 876 875
977 17 877 876
978 17 878 875
979 17 879 877
980 17 880 879
981 17 881 877
982 17 877 878
983 17 882 871
984 17 883 873
985 17 884 880
986 17 873 882
987 17 874 871
988 17 871 872
989 17 885 883
990 17 886 873
991 17 873 874
992 17 887 884
993 17 888 880
994 17 880 881
995 17 889 885
996 17 890 887
997 17 887 889
998 17 888 885
999 17 885 886
1000 17 891 890
1001 17 892 887
1002 17 887 888
1003 17 893 871
1004 17 894 826
1005 17 B 893
1006 17 B 831
1007 17 B 894
1008 17 B 826
1009 17 B 895
1010 17 B 896
1011 17 B 822
1012 17 896 818
1013 17 B 897
1014 17 B 818
1015 17 895 868
1016 17 897 810
1017 17 B 898
1018 17 B 814
1019 17 B 899
1020 17 B 810
1021 17 B 808
1022 17 899 807
1023 17 B 900
1024 17 B 807
1025 17 898 875
1026 17 B 811
1027 18 902 901
1028 18 809 807
1029 18 901 903
1030 18 807 811
1031 18 905 904
1032 18 904 906
1033 18 907 902
1034 18 816 809
1035 18 908 905
1036 18 910 909
1037 18 909 911
1038 18 912 910
1039 18 913 907
1040 18 823 816
1041 18 914 908
1042 18 915 912
1043 18 917 916
1044 18 916 918
1045 18 919 917
1046 18 920 919
1047 18 921 913
1048 18 832 823
1049 18 922 914
1050 18 923 915
1051 18 924 920
1052 18 926 925
1053 18 925 927
1054 18 928 926
1055 18 929 928
1056 18 920 929
1057 18 930 921
1058 18 840 832
1059 18 931 922
1060 18 932 923
1061 18 923 924
1062 18 934 933
1063 18 933 935
1064 18 936 934
1065 18 928 936
1066 18 937 930
1067 18 846 840
1068 18 938 931
1069 18 931 932
1070 18 940 939
1071 18 939 941
1072 18 934 940
1073 18 942 937
1074 18 724 846
1075 18 937 938
1076 18 944 943
1077 18 946 945
1078 18 948 947
1079 18 950 949
1080 18 950 951
1081 18 939 952
1082 18 952 953
1083 18 724 942
1084 18 B 724
1085 18 B 954
1086 18 B 856
1087 18 955 937
1088 18 B 942
1089 18 B 956
1090 18 B 957
1091 18 954 930
1092 18 856 840
1093 18 B 958
1094 18 B 860
1095 18 956 931
1096 18 957 930
1097 18 B 959
1098 18 B 960
1099 18 954 938
1100 18 B 961
1101 18 961 932
1102 18 B 962
1103 18 958 913
1104 18 860 823
1105 18 B 963
1106 18 B 866
1107 18 959 914
1108 18 960 913
1109 18 B 964
1110 18 B 965
1111 18 962 915
1112 18 B 966
1113 18 957 938
1114 18 B 967
1115 18 B 968
1116 18 856 937
1117 18 B 969
1118 18 967 923
1119 18 968 932
1120 18 B 970
1121 18 B 971
1122 18 969 931
1123 18 B 972
1124 18 970 920
1125 18 971 915
1126 18 B 973
1127 18 B 974
1128 18 972 914
1129 18 B 975
1130 18 963 902
1131 18 866 809
1132 18 B 976
1133 18 B 875
1134 18 964 905
1135 18 965 902
1136 18 B 977
1137 18 B 978
1138 18 966 910
1139 18 B 979
1140 18 973 917
1141 18 974 910
1142 18 B 980
1143 18 B 981
1144 18 975 905
1145 18 B 982
1146 18 962 924
1147 18 B 983
1148 18 983 929
1149 18 B 984
1150 18 984 926
1151 18 B 985
1152 18 976 903
1153 18 875 811
1154 18 977 906
1155 18 978 903
1156 18 979 911
1157 18 980 918
1158 18 981 911
1159 18 982 906
1160 18 985 927
1161 18 971 924
1162 18 B 986
1163 18 B 987
1164 18 972 923
1165 18 B 988
1166 18 986 928
1167 18 987 929
1168 18 B 989
1169 18 B 990
1170 18 988 920
1171 18 B 991
1172 18 989 934
1173 18 990 926
1174 18 B 992
1175 18 B 993
1176 18 991 917
1177 18 B 994
1178 18 992 935
1179 18 993 927
1180 18 994 918
1181 18 984 936
1182 18 B 995
1183 18 995 940
1184 18 B 996
1185 18 996 941
1186 18 990 936
1187 18 B 997
1188 18 B 998
1189 18 991 928
1190 18 B 999
1191 18 997 939
1192 18 998 940
1193 18 B 1000
1194 18 B 1001
1195 18 999 934
1196 18 B 1002
1197 18 1000 953
1198 18 1001 941
1199 18 1002 935
1200 18 1003 951
1201 18 970 1004
1202 18 B 1005
1203 18 1004 1006
1204 18 924 1004
1205 18 1008 1007
1206 18 B 1009
1207 18 1008 1010
1208 18 1004 1011
1209 18 915 1012
1210 18 1014 1013
1211 18 1015 947
1212 18 964 1016
1213 18 B 1017
1214 18 1012 1018
1215 18 908 1016
1216 18 1020 1019
1217 18 1016 1021
1218 18 902 1022
1219 18 1024 1023
1220 18 1025 945
1221 18 875 900
1222 18 1022 1026
1223 18 807 900
1224 19 1028 1027
1225 19 1030 1029
1226 19 1027 1031
1227 19 1029 1032
1228 19 1034 1033
1229 19 1033 1035
1230 19 811 903
1231 19 903 906
1232 19 1031 1036
1233 19 1032 1037
1234 19 1035 1038
1235 19 906 911
1236 19 1040 1039
1237 19 1039 1041
1238 19 1041 1042
1239 19 1036 1043
1240 19 1037 1044
1241 19 1038 1045
1242 19 911 918
1243 19 1042 1046
1244 19 1048 1047
1245 19 1047 1049
1246 19 1049 1050
1247 19 1050 1051
1248 19 1043 1052
1249 19 1044 1053
1250 19 1045 1054
1251 19 918 927
1252 19 1046 1055
1253 19 1051 1056
1254 19 1058 1057
1255 19 1057 1059
1256 19 1059 1060
1257 19 1060 1061
1258 19 1061 1051
1259 19 1052 1062
1260 19 1053 1063
1261 19 1054 1064
1262 19 927 935
1263 19 1055 1065
1264 19 1056 1055
1265 19 1067 1066
1266 19 1066 1068
1267 19 1068 1069
1268 19 1069 1060
1269 19 1062 1070
1270 19 1063 1071
1271 19 1064 1072
1272 19 935 941
1273 19 1065 1064
1274 19 1074 1073
1275 19 1073 1075
1276 19 1075 1068
1277 19 1027 1076
1278 19 1035 1078
1279 19 1030 1077
1280 19 1042 1079
1281 19 1051 1080
1282 19 1070 1081
1283 19 1071 1082
1284 19 1072 1070
1285 19 941 953
1286 19 1084 1083
1287 19 1086 1085
1288 19 1088 1087
1289 19 1090 1089
1290 19 1084 1088
1291 19 1086 1090
1292 19 1092 1091
1293 19 1094 1093
1294 19 1096 1095
1295 19 1098 1097
1296 19 1092 1096
1297 19 1094 1098
1298 19 1087 1099
1299 19 1089 1100
1300 19 1095 1101
1301 19 1097 1102
1302 19 1104 1103
1303 19 1106 1105
1304 19 1108 1107
1305 19 1110 1109
1306 19 1104 1108
1307 19 1106 1110
1308 19 1107 1111
1309 19 1109 1112
1310 19 1113 1095
1311 19 1115 1114
1312 19 1116 1113
1313 19 1117 1115
1314 19 1119 1118
1315 19 1121 1120
1316 19 1122 1119
1317 19 1123 1121
1318 19 1125 1124
1319 19 1127 1126
1320 19 1128 1125
1321 19 1129 1127
1322 19 1131 1130
1323 19 1133 1132
1324 19 1135 1134
1325 19 1137 1136
1326 19 1131 1135
1327 19 1133 1137
1328 19 1134 1138
1329 19 1136 1139
1330 19 1141 1140
1331 19 1143 1142
1332 19 1144 1141
1333 19 1145 1143
1334 19 1114 1102
1335 19 1118 1146
1336 19 1120 1147
1337 19 1124 1148
1338 19 1126 1149
1339 19 1140 1150
1340 19 1142 1151
1341 19 1153 1152
1342 19 1155 1154
1343 19 1153 1155
1344 19 1154 1156
1345 19 1158 1157
1346 19 1159 1158
1347 19 1157 1160
1348 19 1161 1124
1349 19 1163 1162
1350 19 1164 1161
1351 19 1165 1163
1352 19 1167 1166
1353 19 1169 1168
1354 19 1170 1167
1355 19 1171 1169
1356 19 1173 1172
1357 19 1175 1174
1358 19 1176 1173
1359 19 1177 1175
1360 19 1179 1178
1361 19 1180 1179
1362 19 1162 1149
1363 19 1166 1181
1364 19 1168 1182
1365 19 1172 1183
1366 19 1174 1184
1367 19 1178 1185
1368 19 1186 1172
1369 19 1188 1187
1370 19 1189 1186
1371 19 1190 1188
1372 19 1192 1191
1373 19 1194 1193
1374 19 1195 1192
1375 19 1196 1194
1376 19 1198 1197
1377 19 1199 1198
1378 19 1201 1200
1379 19 1204 1203
1380 19 1205 1007
1381 19 1207 1007
1382 19 1209 1208
1383 19 1210 1010
1384 19 1212 1211
1385 19 1215 1214
1386 19 1216 1013
1387 19 1218 1217
1388 19 1219 1019
1389 19 1221 1220
1390 19 1223 1222
1391 19 B 1023
1392 20 1225 1224
1393 20 1227 1226
1394 20 1224 1228
1395 20 1226 1229
1396 20 1230 1225
1397 20 1231 1227
1398 20 1233 1232
1399 20 1232 1234
1400 20 1235 1233
1401 20 1228 1236
1402 20 1229 1237
1403 20 1234 1238
1404 20 1240 1239
1405 20 1239 1241
1406 20 1242 1240
1407 20 1241 1243
1408 20 1236 1244
1409 20 1237 1245
1410 20 1238 1246
1411 20 1243 1247
1412 20 1249 1248
1413 20 1248 1250
1414 20 1251 1249
1415 20 1250 1252
1416 20 1252 1253
1417 20 1244 1254
1418 20 1245 1255
1419 20 1246 1256
1420 20 1247 1257
1421 20 1253 1258
1422 20 1260 1259
1423 20 1259 1261
1424 20 1262 1260
1425 20 1261 1263
1426 20 1263 1264
1427 20 1264 1253
1428 20 1254 1265
1429 20 1255 1266
1430 20 1256 1267
1431 20 1257 1268
1432 20 1258 1257
1433 20 1270 1269
1434 20 1269 1271
1435 20 1272 1270
1436 20 1271 1273
1437 20 1273 1263
1438 20 1265 1274
1439 20 1266 1275
1440 20 1267 1276
1441 20 1268 1267
1442 20 1077 1277
1443 20 1076 1278
1444 20 852 1279
1445 20 1078 1280
1446 20 1079 1281
1447 20 1080 1281
1448 20 1283 1282
1449 20 1282 1284
1450 20 1285 1283
1451 20 1284 1271
1452 20 1287 1286
1453 20 1289 1288
1454 20 1291 1290
1455 20 1293 1292
1456 20 1295 1294
1457 20 1297 1296
1458 20 1299 1298
1459 20 1301 1300
1460 20 1303 1302
1461 20 1305 1304
1462 20 1307 1306
1463 20 1309 1308
1464 20 1311 1310
1465 20 1313 1312
1466 20 1315 1314
1467 20 1317 1316
1468 20 1319 1318
1469 20 1321 1320
1470 20 1323 1322
1471 20 1325 1324
1472 20 1327 1326
1473 20 1329 1328
1474 20 1331 1330
1475 20 1333 1332
1476 20 1334 1300
1477 20 1336 1335
1478 20 1338 1337
1479 20 1340 1339
1480 20 B 1341
1481 20 B 1342
1482 20 B 1343
1483 20 B 1344
1484 20 B 1345
1485 20 B 1346
1486 20 B 1347
1487 20 1349 1348
1488 20 1351 1350
1489 20 1353 1352
1490 20 1355 1354
1491 20 1357 1356
1492 20 1359 1358
1493 20 B 1360
1494 20 B 1361
1495 20 1362 1337
1496 20 1364 1363
1497 20 1366 1365
1498 20 B 1367
1499 20 1369 1368
1500 20 1371 1370
1501 20 1373 1372
1502 20 1375 1374
1503 20 B 1376
1504 20 B 1377
1505 20 1202 1378
1506 20 1380 1379
1507 20 1206 1378
1508 20 1381 1379
1509 20 1383 1382
1510 20 1213 1384
1511 20 1386 1385
1512 20 1388 1387
1513 20 B 1389
1514 20 1391 1390
1515 21 1393 1392
1516 21 1395 1394
1517 21 1397 1396
1518 21 1398 1393
1519 21 1399 1395
1520 21 1400 1397
1521 21 1402 1401
1522 21 1403 1402
1523 21 1404 1398
1524 21 1405 1399
1525 21 1406 1400
1526 21 1407 1403
1527 21 1409 1408
1528 21 1410 1409
1529 21 1411 1410
1530 21 1412 1404
1531 21 1413 1405
1532 21 1414 1406
1533 21 1415 1407
1534 21 1416 1411
1535 21 1418 1417
1536 21 1419 1418
1537 21 1420 1419
1538 21 1421 1420
1539 21 1422 1412
1540 21 1423 1413
1541 21 1424 1414
1542 21 1425 1415
1543 21 1426 1416
1544 21 1427 1421
1545 21 1429 1428
1546 21 1430 1429
1547 21 1431 1430
1548 21 1432 1431
1549 21 1421 1432
1550 21 1433 1422
1551 21 1434 1423
1552 21 1435 1424
1553 21 1436 1425
1554 21 1437 1426
1555 21 1426 1427
1556 21 1439 1438
1557 21 1440 1439
1558 21 1441 1440
1559 21 1431 1441
1560 21 B 1442
1561 21 1443 1395
1562 21 B 1444
1563 21 1442 1392
1564 21 B 1443
1565 21 1445 1403
1566 21 B 1445
1567 21 1446 1411
1568 21 B 1446
1569 21 1447 1421
1570 21 B 1447
1571 21 1448 1433
1572 21 1449 1434
1573 21 1450 1435
1574 21 1451 1436
1575 21 1436 1437
1576 21 1453 1452
1577 21 1456 1455
1578 21 1458 1453
1579 21 1459 1456
1580 21 1461 1460
1581 21 1463 1461
1582 21 1464 1458
1583 21 1465 1453
1584 21 1466 1459
1585 21 1467 1456
1586 21 1453 1454
1587 21 1456 1457
1588 21 1468 1463
1589 21 1469 1461
1590 21 1461 1462
1591 21 1471 1470
1592 21 1473 1471
1593 21 1474 1473
1594 21 1475 1471
1595 21 1471 1472
1596 21 1476 1464
1597 21 1477 1466
1598 21 1478 1468
1599 21 1479 1474
1600 21 1481 1480
1601 21 1483 1481
1602 21 1484 1483
1603 21 1485 1481
1604 21 1481 1482
1605 21 1486 1484
1606 21 1466 1476
1607 21 1467 1464
1608 21 1487 1477
1609 21 1488 1466
1610 21 1464 1465
1611 21 1466 1467
1612 21 1489 1478
1613 21 1490 1468
1614 21 1468 1469
1615 21 1491 1479
1616 21 1492 1474
1617 21 1474 1475
1618 21 1493 1486
1619 21 1494 1484
1620 21 1484 1485
1621 21 1495 1487
1622 21 1496 1489
1623 21 1497 1491
1624 21 1498 1493
1625 21 1489 1495
1626 21 1490 1487
1627 21 1487 1488
1628 21 1499 1496
1629 21 1500 1489
1630 21 1489 1490
1631 21 1501 1497
1632 21 1502 1491
1633 21 1491 1492
1634 21 1503 1498
1635 21 1504 1493
1636 21 1493 1494
1637 21 1505 1487
1638 21 1506 1421
1639 21 B 1505
1640 21 B 1427
1641 21 B 1506
1642 21 B 1421
1643 21 B 1507
1644 21 B 1508
1645 21 B 1416
1646 21 1508 1411
1647 21 B 1509
1648 21 B 1411
1649 21 1507 1468
1650 21 1509 1403
1651 21 B 1510
1652 21 B 1407
1653 21 B 1511
1654 21 B 1403
1655 21 B 1399
1656 21 1511 1395
1657 21 B 1512
1658 21 B 1395
1659 21 1510 1471
1660 21 1512 1392
1661 21 B 1513
1662 21 B 1393
1663 21 B 1514
1664 21 B 1392
1665 21 B 1396
1666 22 1516 1515
1667 22 1394 1392
1668 22 1515 1517
1669 22 1392 1396
1670 22 1519 1518
1671 22 1518 1520
1672 22 1521 1516
1673 22 1401 1394
1674 22 1522 1519
1675 22 1524 1523
1676 22 1523 1525
1677 22 1526 1524
1678 22 1527 1521
1679 22 1408 1401
1680 22 1528 1522
1681 22 1529 1526
1682 22 1531 1530
1683 22 1530 1532
1684 22 1533 1531
1685 22 1534 1533
1686 22 1535 1527
1687 22 1417 1408
1688 22 1536 1528
1689 22 1537 1529
1690 22 1538 1534
1691 22 1540 1539
1692 22 1539 1541
1693 22 1542 1540
1694 22 1543 1542
1695 22 1544 1543
1696 22 1545 1535
1697 22 1428 1417
1698 22 1546 1536
1699 22 1547 1537
1700 22 1548 1538
1701 22 1549 1544
1702 22 1551 1550
1703 22 1550 1552
1704 22 1553 1551
1705 22 1554 1553
1706 22 1555 1554
1707 22 1544 1555
1708 22 1556 1545
1709 22 1438 1428
1710 22 1557 1546
1711 22 1558 1547
1712 22 1559 1548
1713 22 1548 1549
1714 22 1561 1560
1715 22 1563 1562
1716 22 1565 1564
1717 22 1567 1566
1718 22 1569 1568
1719 22 1569 1570
1720 22 1572 1571
1721 22 1571 1573
1722 22 1574 1572
1723 22 1575 1574
1724 22 1554 1575
1725 22 1576 1556
1726 22 1454 1438
1727 22 B 1577
1728 22 B 1457
1729 22 1578 1557
1730 22 B 1579
1731 22 1577 1535
1732 22 1457 1417
1733 22 B 1580
1734 22 B 1462
1735 22 1579 1536
1736 22 B 1581
1737 22 1582 1558
1738 22 1583 1557
1739 22 B 1584
1740 22 B 1585
1741 22 1586 1556
1742 22 B 1587
1743 22 1584 1537
1744 22 1585 1536
1745 22 B 1588
1746 22 B 1589
1747 22 1587 1535
1748 22 B 1590
1749 22 1580 1521
1750 22 1462 1401
1751 22 B 1591
1752 22 B 1472
1753 22 1581 1522
1754 22 B 1592
1755 22 1588 1526
1756 22 1589 1522
1757 22 B 1593
1758 22 B 1594
1759 22 1590 1521
1760 22 B 1595
1761 22 1596 1559
1762 22 B 1597
1763 22 1597 1538
1764 22 B 1598
1765 22 1598 1533
1766 22 B 1599
1767 22 1591 1515
1768 22 1472 1392
1769 22 B 1600
1770 22 B 1482
1771 22 1592 1518
1772 22 B 1601
1773 22 1593 1523
1774 22 1594 1518
1775 22 B 1602
1776 22 B 1603
1777 22 1595 1515
1778 22 B 1604
1779 22 1599 1530
1780 22 B 1605
1781 22 1606 1548
1782 22 1607 1559
1783 22 B 1608
1784 22 B 1609
1785 22 1610 1558
1786 22 B 1611
1787 22 1608 1544
1788 22 1609 1538
1789 22 B 1612
1790 22 B 1613
1791 22 1611 1537
1792 22 B 1614
1793 22 1612 1542
1794 22 1613 1533
1795 22 B 1615
1796 22 B 1616
1797 22 1614 1526
1798 22 B 1617
1799 22 1615 1539
1800 22 1616 1530
1801 22 B 1618
1802 22 B 1619
1803 22 1617 1523
1804 22 B 1620
1805 22 1597 1549
1806 22 B 1621
1807 22 1621 1555
1808 22 B 1622
1809 22 1622 1553
1810 22 B 1623
1811 22 1623 1550
1812 22 B 1624
1813 22 1609 1549
1814 22 B 1625
1815 22 B 1626
1816 22 1611 1548
1817 22 B 1627
1818 22 1625 1554
1819 22 1626 1555
1820 22 B 1628
1821 22 B 1629
1822 22 1627 1544
1823 22 B 1630
1824 22 1628 1574
1825 22 1629 1553
1826 22 B 1631
1827 22 B 1632
1828 22 1630 1542
1829 22 B 1633
1830 22 1631 1571
1831 22 1632 1550
1832 22 B 1634
1833 22 B 1635
1834 22 1633 1539
1835 22 B 1636
1836 22 1637 1570
1837 22 1608 1638
1838 22 B 1639
1839 22 1638 1640
1840 22 1549 1638
1841 22 1642 1641
1842 22 B 1643
1843 22 1642 1644
1844 22 1638 1645
1845 22 1538 1646
1846 22 1648 1647
1847 22 1649 1566
1848 22 1588 1650
1849 22 B 1651
1850 22 1646 1652
1851 22 1529 1650
1852 22 1654 1653
1853 22 1650 1655
1854 22 1522 1656
1855 22 1658 1657
1856 22 1659 1560
1857 22 1591 1660
1858 22 B 1661
1859 22 1656 1662
1860 22 1516 1660
1861 22 1664 1663
1862 22 1660 1665
1863 22 1392 1514
1864 23 1667 1666
1865 23 1669 1668
1866 23 1666 1670
1867 23 1668 1671
1868 23 1673 1672
1869 23 1672 1674
1870 23 1396 1517
1871 23 1517 1520
1872 23 1670 1675
1873 23 1671 1676
1874 23 1674 1677
1875 23 1520 1525
1876 23 1679 1678
1877 23 1678 1680
1878 23 1680 1681
1879 23 1675 1682
1880 23 1676 1683
1881 23 1677 1684
1882 23 1525 1532
1883 23 1681 1685
1884 23 1687 1686
1885 23 1686 1688
1886 23 1688 1689
1887 23 1689 1690
1888 23 1682 1691
1889 23 1683 1692
1890 23 1684 1693
1891 23 1532 1541
1892 23 1685 1694
1893 23 1690 1695
1894 23 1697 1696
1895 23 1696 1698
1896 23 1698 1699
1897 23 1699 1700
1898 23 1700 1701
1899 23 1691 1702
1900 23 1692 1703
1901 23 1693 1704
1902 23 1541 1552
1903 23 1694 1705
1904 23 1695 1706
1905 23 1701 1707
1906 23 1709 1708
1907 23 1708 1710
1908 23 1710 1711
1909 23 1711 1712
1910 23 1712 1713
1911 23 1713 1701
1912 23 1666 1714
1913 23 1674 1716
1914 23 1669 1715
1915 23 1681 1717
1916 23 1690 1718
1917 23 1701 1719
1918 23 1702 1720
1919 23 1703 1721
1920 23 1704 1722
1921 23 1552 1573
1922 23 1705 1723
1923 23 1706 1724
1924 23 1707 1706
1925 23 1726 1725
1926 23 1728 1727
1927 23 1725 1729
1928 23 1727 1730
1929 23 1732 1731
1930 23 1734 1733
1931 23 1731 1735
1932 23 1733 1736
1933 23 1738 1737
1934 23 1740 1739
1935 23 1741 1738
1936 23 1742 1740
1937 23 1744 1743
1938 23 1746 1745
1939 23 1747 1744
1940 23 1748 1746
1941 23 1750 1749
1942 23 1752 1751
1943 23 1749 1753
1944 23 1751 1754
1945 23 1756 1755
1946 23 1758 1757
1947 23 1759 1756
1948 23 1760 1758
1949 23 1737 1761
1950 23 1739 1762
1951 23 1743 1763
1952 23 1745 1764
1953 23 1755 1765
1954 23 1757 1766
1955 23 1768 1767
1956 23 1770 1769
1957 23 1767 1771
1958 23 1769 1772
1959 23 1774 1773
1960 23 1776 1775
1961 23 1777 1774
1962 23 1778 1776
1963 23 1773 1779
1964 23 1775 1780
1965 23 1782 1781
1966 23 1784 1783
1967 23 1785 1782
1968 23 1786 1784
1969 23 1788 1787
1970 23 1790 1789
1971 23 1791 1788
1972 23 1792 1790
1973 23 1794 1793
1974 23 1796 1795
1975 23 1797 1794
1976 23 1798 1796
1977 23 1800 1799
1978 23 1802 1801
1979 23 1803 1800
1980 23 1804 1802
1981 23 1781 1805
1982 23 1783 1806
1983 23 1787 1807
1984 23 1789 1808
1985 23 1793 1809
1986 23 1795 1810
1987 23 1799 1811
1988 23 1801 1812
1989 23 1813 1787
1990 23 1815 1814
1991 23 1816 1813
1992 23 1817 1815
1993 23 1819 1818
1994 23 1821 1820
1995 23 1822 1819
1996 23 1823 1821
1997 23 1825 1824
1998 23 1827 1826
1999 23 1828 1825
2000 23 1829 1827
2001 23 1831 1830
2002 23 1833 1832
2003 23 1834 1831
2004 23 1835 1833
2005 23 1837 1836
2006 23 1840 1839
2007 23 1841 1641
2008 23 1843 1641
2009 23 1845 1844
2010 23 1846 1644
2011 23 1848 1847
2012 23 1851 1850
2013 23 1852 1647
2014 23 1854 1853
2015 23 1855 1653
2016 23 1857 1856
2017 23 1860 1859
2018 23 1861 1657
2019 23 1863 1862
2020 23 B 1663
2021 24 1865 1864
2022 24 1867 1866
2023 24 1864 1868
2024 24 1866 1869
2025 24 1870 1865
2026 24 1871 1867
2027 24 1873 1872
2028 24 1872 1874
2029 24 1875 1873
2030 24 1868 1876
2031 24 1869 1877
2032 24 1874 1878
2033 24 1880 1879
2034 24 1879 1881
2035 24 1882 1880
2036 24 1881 1883
2037 24 1876 1884
2038 24 1877 1885
2039 24 1878 1886
2040 24 1883 1887
2041 24 1889 1888
2042 24 1888 1890
2043 24 1891 1889
2044 24 1890 1892
2045 24 1892 1893
2046 24 1884 1894
2047 24 1885 1895
2048 24 1886 1896
2049 24 1887 1897
2050 24 1893 1898
2051 24 1900 1899
2052 24 1899 1901
2053 24 1902 1900
2054 24 1901 1903
2055 24 1903 1904
2056 24 1904 1905
2057 24 1894 1906
2058 24 1895 1907
2059 24 1896 1908
2060 24 1897 1909
2061 24 1898 1910
2062 24 1905 1911
2063 24 1715 1912
2064 24 1714 1913
2065 24 1444 1914
2066 24 1716 1915
2067 24 1717 1916
2068 24 1718 1917
2069 24 1719 1917
2070 24 1919 1918
2071 24 1918 1920
2072 24 1921 1919
2073 24 1920 1922
2074 24 1922 1923
2075 24 1923 1924
2076 24 1924 1905
2077 24 1926 1925
2078 24 1928 1927
2079 24 1930 1929
2080 24 1932 1931
2081 24 1934 1933
2082 24 1936 1935
2083 24 1938 1937
2084 24 1940 1939
2085 24 1942 1941
2086 24 1944 1943
2087 24 1946 1945
2088 24 1948 1947
2089 24 1950 1949
2090 24 1952 1951
2091 24 1954 1953
2092 24 1956 1955
2093 24 1958 1957
2094 24 1960 1959
2095 24 1962 1961
2096 24 1964 1963
2097 24 1966 1965
2098 24 1968 1967
2099 24 1970 1969
2100 24 1972 1971
2101 24 1974 1973
2102 24 1976 1975
2103 24 1978 1977
2104 24 1980 1979
2105 24 1982 1981
2106 24 1984 1983
2107 24 1986 1985
2108 24 1988 1987
2109 24 1990 1989
2110 24 1992 1991
2111 24 1994 1993
2112 24 1996 1995
2113 24 1998 1997
2114 24 2000 1999
2115 24 2002 2001
2116 24 2004 2003
2117 24 1838 2005
2118 24 2007 2006
2119 24 1842 2005
2120 24 2008 2006
2121 24 2010 2009
2122 24 1849 2011
2123 24 2013 2012
2124 24 2015 2014
2125 24 1858 2016
2126 24 2018 2017
2127 24 2020 2019
2128 25 2022 2021
2129 25 2024 2023
2130 25 2026 2025
2131 25 2027 2022
2132 25 2028 2024
2133 25 2029 2026
2134 25 2031 2030
2135 25 2032 2031
2136 25 2033 2027
2137 25 2034 2028
2138 25 2035 2029
2139 25 2036 2032
2140 25 2038 2037
2141 25 2039 2038
2142 25 2040 2039
2143 25 2041 2033
2144 25 2042 2034
2145 25 2043 2035
2146 25 2044 2036
2147 25 2045 2040
2148 25 2047 2046
2149 25 2048 2047
2150 25 2049 2048
2151 25 2050 2049
2152 25 2051 2041
2153 25 2052 2042
2154 25 2053 2043
2155 25 2054 2044
2156 25 2055 2045
2157 25 2056 2050
2158 25 2058 2057
2159 25 2059 2058
2160 25 2060 2059
2161 25 2061 2060
2162 25 2062 2061
2163 25 B 2063
2164 25 2064 2024
2165 25 B 2065
2166 25 2063 2021
2167 25 B 2064
2168 25 2066 2032
2169 25 B 2066
2170 25 2067 2040
2171 25 B 2067
2172 25 2068 2050
2173 25 B 2068
2174 25 2069 2062
2175 25 2070 2051
2176 25 2071 2052
2177 25 2072 2053
2178 25 2073 2054
2179 25 2074 2055
2180 25 2075 2056
2181 25 2076 2062
2182 25 2078 2077
2183 25 2080 2079
2184 25 2081 2078
2185 25 2082 2077
2186 25 2083 2080
2187 25 2084 2079
2188 25 2086 2085
2189 25 2087 2086
2190 25 2088 2085
2191 25 2089 2081
2192 25 2090 2083
2193 25 2091 2087
2194 25 2093 2092
2195 25 2094 2093
2196 25 2095 2092
2197 25 2096 2094
2198 25 2097 2089
2199 25 2098 2081
2200 25 2099 2090
2201 25 2100 2083
2202 25 2081 2082
2203 25 2083 2084
2204 25 2101 2091
2205 25 2102 2087
2206 25 2087 2088
2207 25 2103 2096
2208 25 2104 2094
2209 25 2094 2095
2210 25 2105 2097
2211 25 2106 2099
2212 25 2107 2101
2213 25 2108 2103
2214 25 2109 2105
2215 25 2110 2097
2216 25 2111 2106
2217 25 2112 2099
2218 25 2097 2098
2219 25 2099 2100
2220 25 2113 2107
2221 25 2114 2101
2222 25 2101 2102
2223 25 2115 2108
2224 25 2116 2103
2225 25 2103 2104
2226 25 B 2069
2227 25 2117 2109
2228 25 2118 2062
2229 25 B 2119
2230 25 B 2056
2231 25 2120 2050
2232 25 B 2120
2233 25 B 2121
2234 25 B 2050
2235 25 2119 2099
2236 25 2121 2040
2237 25 B 2122
2238 25 B 2045
2239 25 B 2123
2240 25 B 2040
2241 25 B 2036
2242 25 2123 2032
2243 25 B 2124
2244 25 B 2032
2245 25 2122 2087
2246 25 2124 2024
2247 25 B 2125
2248 25 B 2028
2249 25 B 2126
2250 25 B 2024
2251 25 B 2022
2252 25 2126 2021
2253 25 B 2127
2254 25 B 2021
2255 25 2125 2092
2256 25 B 2025
2257 26 2129 2128
2258 26 2023 2021
2259 26 2128 2130
2260 26 2021 2025
2261 26 2132 2131
2262 26 2131 2133
2263 26 2134 2129
2264 26 2030 2023
2265 26 2135 2132
2266 26 2137 2136
2267 26 2136 2138
2268 26 2139 2137
2269 26 2140 2134
2270 26 2037 2030
2271 26 2141 2135
2272 26 2142 2139
2273 26 2144 2143
2274 26 2143 2145
2275 26 2146 2144
2276 26 2147 2146
2277 26 2148 2140
2278 26 2046 2037
2279 26 2149 2141
2280 26 2150 2142
2281 26 2151 2147
2282 26 2153 2152
2283 26 2152 2154
2284 26 2155 2153
2285 26 2156 2155
2286 26 2157 2156
2287 26 2158 2148
2288 26 2057 2046
2289 26 2159 2149
2290 26 2160 2150
2291 26 2161 2151
2292 26 2162 2157
2293 26 2164 2163
2294 26 2166 2165
2295 26 2168 2167
2296 26 2170 2169
2297 26 2172 2171
2298 26 2174 2173
2299 26 2176 2175
2300 26 2175 2177
2301 26 2178 2176
2302 26 2179 2178
2303 26 2180 2179
2304 26 2181 2180
2305 26 2182 2158
2306 26 2077 2057
2307 26 B 2183
2308 26 B 2079
2309 26 2184 2159
2310 26 2185 2158
2311 26 B 2186
2312 26 B 2187
2313 26 2183 2140
2314 26 2079 2037
2315 26 B 2188
2316 26 B 2085
2317 26 2186 2141
2318 26 2187 2140
2319 26 B 2189
2320 26 B 2190
2321 26 2191 2160
2322 26 B 2192
2323 26 2192 2142
2324 26 B 2193
2325 26 2188 2129
2326 26 2085 2023
2327 26 B 2194
2328 26 B 2092
2329 26 2189 2132
2330 26 2190 2129
2331 26 B 2195
2332 26 B 2196
2333 26 2193 2137
2334 26 B 2197
2335 26 2198 2161
2336 26 2199 2160
2337 26 B 2200
2338 26 B 2201
2339 26 2202 2159
2340 26 B 2203
2341 26 2200 2147
2342 26 2201 2142
2343 26 B 2204
2344 26 B 2205
2345 26 2203 2141
2346 26 B 2206
2347 26 2204 2144
2348 26 2205 2137
2349 26 B 2207
2350 26 B 2208
2351 26 2206 2132
2352 26 B 2209
2353 26 2194 2130
2354 26 2092 2025
2355 26 2195 2133
2356 26 2196 2130
2357 26 2197 2138
2358 26 2207 2145
2359 26 2208 2138
2360 26 2209 2133
2361 26 2210 2162
2362 26 B 2211
2363 26 2211 2156
2364 26 B 2212
2365 26 2212 2153
2366 26 B 2213
2367 26 2213 2154
2368 26 2214 2181
2369 26 2215 2162
2370 26 B 2216
2371 26 B 2217
2372 26 2218 2161
2373 26 B 2219
2374 26 2216 2179
2375 26 2217 2156
2376 26 B 2220
2377 26 B 2221
2378 26 2219 2147
2379 26 B 2222
2380 26 2220 2176
2381 26 2221 2153
2382 26 B 2223
2383 26 B 2224
2384 26 2222 2144
2385 26 B 2225
2386 26 2223 2177
2387 26 2224 2154
2388 26 2225 2145
2389 26 2227 2226
2390 26 2214 2228
2391 26 B 2229
2392 26 2228 2230
2393 26 2162 2231
2394 26 2234 2233
2395 26 2235 2171
2396 26 2200 2236
2397 26 B 2237
2398 26 2231 2238
2399 26 2151 2236
2400 26 2240 2239
2401 26 2236 2241
2402 26 2142 2242
2403 26 2244 2243
2404 26 2245 2167
2405 26 2189 2246
2406 26 B 2247
2407 26 2242 2248
2408 26 2135 2246
2409 26 2250 2249
2410 26 2246 2251
2411 26 2129 2252
2412 26 2254 2253
2413 26 2255 2165
2414 26 2092 2127
2415 26 2252 2256
2416 26 2021 2127
2417 27 2258 2257
2418 27 2260 2259
2419 27 2257 2261
2420 27 2259 2262
2421 27 2264 2263
2422 27 2263 2265
2423 27 2025 2130
2424 27 2130 2133
2425 27 2261 2266
2426 27 2262 2267
2427 27 2265 2268
2428 27 2133 2138
2429 27 2270 2269
2430 27 2269 2271
2431 27 2271 2272
2432 27 2266 2273
2433 27 2267 2274
2434 27 2268 2275
2435 27 2138 2145
2436 27 2272 2276
2437 27 2278 2277
2438 27 2277 2279
2439 27 2279 2280
2440 27 2280 2281
2441 27 2273 2282
2442 27 2274 2283
2443 27 2275 2284
2444 27 2145 2154
2445 27 2276 2285
2446 27 2281 2286
2447 27 2288 2287
2448 27 2287 2289
2449 27 2289 2290
2450 27 2290 2291
2451 27 2291 2292
2452 27 2257 2293
2453 27 2265 2295
2454 27 2260 2294
2455 27 2272 2296
2456 27 2281 2297
2457 27 2292 2298
2458 27 2282 2299
2459 27 2283 2300
2460 27 2284 2301
2461 27 2154 2177
2462 27 2285 2302
2463 27 2286 2303
2464 27 2292 2304
2465 27 2306 2305
2466 27 2308 2307
2467 27 2310 2309
2468 27 2312 2311
2469 27 2306 2310
2470 27 2308 2312
2471 27 2314 2313
2472 27 2316 2315
2473 27 2318 2317
2474 27 2320 2319
2475 27 2314 2318
2476 27 2316 2320
2477 27 2309 2321
2478 27 2311 2322
2479 27 2317 2323
2480 27 2319 2324
2481 27 2326 2325
2482 27 2328 2327
2483 27 2330 2329
2484 27 2332 2331
2485 27 2326 2330
2486 27 2328 2332
2487 27 2329 2333
2488 27 2331 2334
2489 27 2336 2335
2490 27 2338 2337
2491 27 2339 2336
2492 27 2340 2338
2493 27 2342 2341
2494 27 2344 2343
2495 27 2345 2342
2496 27 2346 2344
2497 27 2348 2347
2498 27 2350 2349
2499 27 2351 2348
2500 27 2352 2350
2501 27 2354 2353
2502 27 2356 2355
2503 27 2354 2356
2504 27 2355 2357
2505 27 2359 2358
2506 27 2360 2359
2507 27 2335 2361
2508 27 2337 2362
2509 27 2341 2363
2510 27 2343 2364
2511 27 2347 2365
2512 27 2349 2366
2513 27 2358 2367
2514 27 2369 2368
2515 27 2371 2370
2516 27 2372 2369
2517 27 2373 2371
2518 27 2375 2374
2519 27 2377 2376
2520 27 2378 2375
2521 27 2379 2377
2522 27 2381 2380
2523 27 2383 2382
2524 27 2384 2381
2525 27 2385 2383
2526 27 2387 2386
2527 27 2388 2387
2528 27 2390 2389
2529 27 2393 2392
2530 27 2394 2232
2531 27 2396 2395
2532 27 2399 2398
2533 27 2400 2233
2534 27 2402 2401
2535 27 2403 2239
2536 27 2405 2404
2537 27 2408 2407
2538 27 2409 2243
2539 27 2411 2410
2540 27 2412 2249
2541 27 2414 2413
2542 27 2416 2415
2543 27 B 2253
2544 28 2418 2417
2545 28 2420 2419
2546 28 2417 2421
2547 28 2419 2422
2548 28 2423 2418
2549 28 2424 2420
2550 28 2426 2425
2551 28 2425 2427
2552 28 2428 2426
2553 28 2421 2429
2554 28 2422 2430
2555 28 2427 2431
2556 28 2433 2432
2557 28 2432 2434
2558 28 2435 2433
2559 28 2434 2436
2560 28 2429 2437
2561 28 2430 2438
2562 28 2431 2439
2563 28 2436 2440
2564 28 2442 2441
2565 28 2441 2443
2566 28 2444 2442
2567 28 2443 2445
2568 28 2445 2446
2569 28 2437 2447
2570 28 2438 2448
2571 28 2439 2449
2572 28 2440 2450
2573 28 2446 2451
2574 28 2294 2452
2575 28 2293 2453
2576 28 2065 2454
2577 28 2295 2455
2578 28 2296 2456
2579 28 2297 2457
2580 28 2459 2458
2581 28 2458 2460
2582 28 2461 2459
2583 28 2460 2462
2584 28 2462 2463
2585 28 2463 2464
2586 28 2466 2465
2587 28 2468 2467
2588 28 2470 2469
2589 28 2472 2471
2590 28 2474 2473
2591 28 2476 2475
2592 28 2478 2477
2593 28 2480 2479
2594 28 2482 2481
2595 28 2484 2483
2596 28 2486 2485
2597 28 2488 2487
2598 28 2490 2489
2599 28 2492 2491
2600 28 2494 2493
2601 28 2496 2495
2602 28 2498 2497
2603 28 2500 2499
2604 28 B 2501
2605 28 B 2502
2606 28 B 2503
2607 28 B 2504
2608 28 B 2505
2609 28 B 2506
2610 28 2508 2507
2611 28 2510 2509
2612 28 2512 2511
2613 28 B 2513
2614 28 2515 2514
2615 28 2517 2516
2616 28 2519 2518
2617 28 2521 2520
2618 28 2523 2522
2619 28 2525 2524
2620 28 B 2526
2621 28 B 2527
2622 28 2391 2528
2623 28 2530 2529
2624 28 2397 2531
2625 28 2533 2532
2626 28 2535 2534
2627 28 2406 2536
2628 28 2538 2537
2629 28 2540 2539
2630 28 B 2541
2631 28 2543 2542
2632 29 2545 2544
2633 29 2547 2546
2634 29 2549 2548
2635 29 2550 2545
2636 29 2551 2547
2637 29 2552 2549
2638 29 2554 2553
2639 29 2555 2554
2640 29 2556 2550
2641 29 2557 2551
2642 29 2558 2552
2643 29 2559 2555
2644 29 2561 2560
2645 29 2562 2561
2646 29 2563 2562
2647 29 2564 2556
2648 29 2565 2557
2649 29 2566 2558
2650 29 2567 2559
2651 29 2568 2563
2652 29 2570 2569
2653 29 2571 2570
2654 29 2572 2571
2655 29 2573 2572
2656 29 B 2574
2657 29 2575 2547
2658 29 B 2576
2659 29 2574 2544
2660 29 B 2575
2661 29 2577 2555
2662 29 B 2577
2663 29 2578 2563
2664 29 B 2578
2665 29 2579 2573
2666 29 2580 2564
2667 29 2581 2565
2668 29 2582 2566
2669 29 2583 2567
2670 29 2584 2568
2671 29 2585 2573
2672 29 2587 2586
2673 29 2590 2589
2674 29 2592 2587
2675 29 2593 2590
2676 29 2595 2594
2677 29 2597 2595
2678 29 2598 2592
2679 29 2599 2587
2680 29 2600 2593
2681 29 2601 2590
2682 29 2587 2588
2683 29 2590 2591
2684 29 2602 2597
2685 29 2603 2595
2686 29 2595 2596
2687 29 2605 2604
2688 29 2607 2605
2689 29 2608 2607
2690 29 2609 2605
2691 29 2605 2606
2692 29 2610 2598
2693 29 2611 2600
2694 29 2612 2602
2695 29 2613 2608
2696 29 2614 2610
2697 29 2615 2598
2698 29 2616 2611
2699 29 2617 2600
2700 29 2598 2599
2701 29 2600 2601
2702 29 2618 2612
2703 29 2619 2602
2704 29 2602 2603
2705 29 2620 2613
2706 29 2621 2608
2707 29 2608 2609
2708 29 B 2579
2709 29 2622 2614
2710 29 2623 2573
2711 29 B 2624
2712 29 B 2568
2713 29 2625 2563
2714 29 B 2625
2715 29 B 2626
2716 29 B 2563
2717 29 2624 2600
2718 29 2626 2555
2719 29 B 2627
2720 29 B 2559
2721 29 B 2628
2722 29 B 2555
2723 29 B 2551
2724 29 2628 2547
2725 29 B 2629
2726 29 B 2547
2727 29 2627 2595
2728 29 2629 2544
2729 29 B 2630
2730 29 B 2545
2731 29 B 2631
2732 29 B 2544
2733 29 B 2548
2734 30 2633 2632
2735 30 2546 2544
2736 30 2632 2634
2737 30 2544 2548
2738 30 2636 2635
2739 30 2635 2637
2740 30 2638 2633
2741 30 2553 2546
2742 30 2639 2636
2743 30 2641 2640
2744 30 2640 2642
2745 30 2643 2641
2746 30 2644 2638
2747 30 2560 2553
2748 30 2645 2639
2749 30 2646 2643
2750 30 2648 2647
2751 30 2647 2649
2752 30 2650 2648
2753 30 2651 2650
2754 30 2652 2644
2755 30 2569 2560
2756 30 2653 2645
2757 30 2654 2646
2758 30 2655 2651
2759 30 2657 2656
2760 30 2659 2658
2761 30 2661 2660
2762 30 2663 2662
2763 30 2665 2664
2764 30 2667 2666
2765 30 2666 2668
2766 30 2669 2667
2767 30 2670 2669
2768 30 2671 2670
2769 30 2672 2652
2770 30 2588 2569
2771 30 B 2673
2772 30 B 2591
2773 30 2674 2653
2774 30 B 2675
2775 30 2673 2638
2776 30 2591 2553
2777 30 B 2676
2778 30 B 2596
2779 30 2675 2639
2780 30 B 2677
2781 30 2678 2654
2782 30 2679 2653
2783 30 B 2680
2784 30 B 2681
2785 30 2682 2652
2786 30 B 2683
2787 30 2680 2643
2788 30 2681 2639
2789 30 B 2684
2790 30 B 2685
2791 30 2683 2638
2792 30 B 2686
2793 30 2676 2632
2794 30 2596 2544
2795 30 B 2687
2796 30 B 2606
2797 30 2677 2635
2798 30 B 2688
2799 30 2684 2640
2800 30 2685 2635
2801 30 B 2689
2802 30 B 2690
2803 30 2686 2632
2804 30 B 2691
2805 30 2692 2655
2806 30 B 2693
2807 30 2693 2650
2808 30 B 2694
2809 30 2694 2647
2810 30 B 2695
2811 30 2696 2671
2812 30 2697 2655
2813 30 B 2698
2814 30 B 2699
2815 30 2700 2654
2816 30 B 2701
2817 30 2698 2669
2818 30 2699 2650
2819 30 B 2702
2820 30 B 2703
2821 30 2701 2643
2822 30 B 2704
2823 30 2702 2666
2824 30 2703 2647
2825 30 B 2705
2826 30 B 2706
2827 30 2704 2640
2828 30 B 2707
2829 30 2709 2708
2830 30 2696 2710
2831 30 B 2711
2832 30 2710 2712
2833 30 2655 2713
2834 30 2716 2715
2835 30 2717 2662
2836 30 2680 2718
2837 30 B 2719
2838 30 2713 2720
2839 30 2646 2718
2840 30 2722 2721
2841 30 2718 2723
2842 30 2639 2724
2843 30 2726 2725
2844 30 2727 2656
2845 30 2676 2728
2846 30 B 2729
2847 30 2724 2730
2848 30 2633 2728
2849 30 2732 2731
2850 30 2728 2733
2851 30 2544 2631
2852 31 2735 2734
2853 31 2737 2736
2854 31 2734 2738
2855 31 2736 2739
2856 31 2741 2740
2857 31 2740 2742
2858 31 2548 2634
2859 31 2634 2637
2860 31 2738 2743
2861 31 2739 2744
2862 31 2742 2745
2863 31 2637 2642
2864 31 2747 2746
2865 31 2746 2748
2866 31 2748 2749
2867 31 2743 2750
2868 31 2744 2751
2869 31 2745 2752
2870 31 2642 2649
2871 31 2749 2753
2872 31 2755 2754
2873 31 2754 2756
2874 31 2756 2757
2875 31 2757 2758
2876 31 2734 2759
2877 31 2742 2761
2878 31 2737 2760
2879 31 2749 2762
2880 31 2758 2763
2881 31 2750 2764
2882 31 2751 2765
2883 31 2752 2766
2884 31 2649 2668
2885 31 2753 2767
2886 31 2758 2768
2887 31 2770 2769
2888 31 2772 2771
2889 31 2769 2773
2890 31 2771 2774
2891 31 2776 2775
2892 31 2778 2777
2893 31 2775 2779
2894 31 2777 2780
2895 31 2782 2781
2896 31 2784 2783
2897 31 2785 2782
2898 31 2786 2784
2899 31 2788 2787
2900 31 2790 2789
2901 31 2791 2788
2902 31 2792 2790
2903 31 2794 2793
2904 31 2796 2795
2905 31 2793 2797
2906 31 2795 2798
2907 31 2800 2799
2908 31 2802 2801
2909 31 2803 2800
2910 31 2804 2802
2911 31 2781 2805
2912 31 2783 2806
2913 31 2787 2807
2914 31 2789 2808
2915 31 2799 2809
2916 31 2801 2810
2917 31 2812 2811
2918 31 2814 2813
2919 31 2815 2812
2920 31 2816 2814
2921 31 2818 2817
2922 31 2820 2819
2923 31 2821 2818
2924 31 2822 2820
2925 31 2824 2823
2926 31 2826 2825
2927 31 2827 2824
2928 31 2828 2826
2929 31 2830 2829
2930 31 2833 2832
2931 31 2834 2714
2932 31 2836 2835
2933 31 2839 2838
2934 31 2840 2715
2935 31 2842 2841
2936 31 2843 2721
2937 31 2845 2844
2938 31 2848 2847
2939 31 2849 2725
2940 31 2851 2850
2941 31 B 2731
2942 32 2853 2852
2943 32 2855 2854
2944 32 2852 2856
2945 32 2854 2857
2946 32 2858 2853
2947 32 2859 2855
2948 32 2861 2860
2949 32 2860 2862
2950 32 2863 2861
2951 32 2856 2864
2952 32 2857 2865
2953 32 2862 2866
2954 32 2868 2867
2955 32 2867 2869
2956 32 2870 2868
2957 32 2869 2871
2958 32 2864 2872
2959 32 2865 2873
2960 32 2866 2874
2961 32 2871 2875
2962 32 2760 2876
2963 32 2759 2877
2964 32 2576 2878
2965 32 2761 2879
2966 32 2762 2880
2967 32 2882 2881
2968 32 2881 2883
2969 32 2884 2882
2970 32 2883 2885
2971 32 2885 2886
2972 32 2888 2887
2973 32 2890 2889
2974 32 2892 2891
2975 32 2894 2893
2976 32 2896 2895
2977 32 2898 2897
2978 32 2900 2899
2979 32 2902 2901
2980 32 2904 2903
2981 32 2906 2905
2982 32 2908 2907
2983 32 2910 2909
2984 32 2912 2911
2985 32 2914 2913
2986 32 2916 2915
2987 32 2918 2917
2988 32 2920 2919
2989 32 2922 2921
2990 32 2924 2923
2991 32 2926 2925
2992 32 2928 2927
2993 32 2831 2929
2994 32 2931 2930
2995 32 2837 2932
2996 32 2934 2933
2997 32 2936 2935
2998 32 2846 2937
2999 32 2939 2938
3000 32 2941 2940
3001 33 2943 2942
3002 33 2945 2944
3003 33 2947 2946
3004 33 2948 2943
3005 33 2949 2945
3006 33 2950 2947
3007 33 2952 2951
3008 33 2953 2952
3009 33 2954 2948
3010 33 2955 2949
3011 33 2956 2950
3012 33 2957 2953
3013 33 2959 2958
3014 33 2960 2959
3015 33 2961 2960
3016 33 B 2962
3017 33 2963 2945
3018 33 B 2964
3019 33 2962 2942
3020 33 B 2963
3021 33 2965 2953
3022 33 B 2965
3023 33 2966 2961
3024 33 2967 2954
3025 33 2968 2955
3026 33 2969 2956
3027 33 2970 2957
3028 33 2971 2961
3029 33 2973 2972
3030 33 2975 2974
3031 33 2976 2973
3032 33 2977 2972
3033 33 2978 2975
3034 33 2979 2974
3035 33 2981 2980
3036 33 2982 2981
3037 33 2983 2980
3038 33 2984 2976
3039 33 2985 2978
3040 33 2986 2982
3041 33 2987 2984
3042 33 2988 2976
3043 33 2989 2985
3044 33 2990 2978
3045 33 2976 2977
3046 33 2978 2979
3047 33 2991 2986
3048 33 2992 2982
3049 33 2982 2983
3050 33 B 2966
3051 33 2993 2987
3052 33 2994 2961
3053 33 B 2995
3054 33 B 2957
3055 33 2996 2953
3056 33 B 2996
3057 33 B 2997
3058 33 B 2953
3059 33 2995 2978
3060 33 2997 2945
3061 33 B 2998
3062 33 B 2949
3063 33 B 2999
3064 33 B 2945
3065 33 B 2943
3066 33 2999 2942
3067 33 B 3000
3068 33 B 2942
3069 33 2998 2980
3070 33 B 2946
3071 34 3002 3001
3072 34 2944 2942
3073 34 3001 3003
3074 34 2942 2946
3075 34 3005 3004
3076 34 3004 3006
3077 34 3007 3002
3078 34 2951 2944
3079 34 3008 3005
3080 34 3010 3009
3081 34 3009 3011
3082 34 3012 3010
3083 34 3013 3007
3084 34 2958 2951
3085 34 3014 3008
3086 34 3015 3012
3087 34 3017 3016
3088 34 3019 3018
3089 34 3021 3020
3090 34 3023 3022
3091 34 3025 3024
3092 34 3024 3026
3093 34 3027 3025
3094 34 3028 3027
3095 34 3029 3013
3096 34 2972 2958
3097 34 B 3030
3098 34 B 2974
3099 34 3031 3014
3100 34 3032 3013
3101 34 B 3033
3102 34 B 3034
3103 34 3030 3002
3104 34 2974 2944
3105 34 B 3035
3106 34 B 2980
3107 34 3033 3005
3108 34 3034 3002
3109 34 B 3036
3110 34 B 3037
3111 34 3038 3015
3112 34 B 3039
3113 34 3039 3010
3114 34 B 3040
3115 34 3035 3003
3116 34 2980 2946
3117 34 3036 3006
3118 34 3037 3003
3119 34 3040 3011
3120 34 3041 3028
3121 34 3042 3015
3122 34 B 3043
3123 34 B 3044
3124 34 3045 3014
3125 34 B 3046
3126 34 3043 3025
3127 34 3044 3010
3128 34 B 3047
3129 34 B 3048
3130 34 3046 3005
3131 34 B 3049
3132 34 3047 3026
3133 34 3048 3011
3134 34 3049 3006
3135 34 3051 3050
3136 34 3041 3052
3137 34 B 3053
3138 34 3052 3054
3139 34 3015 3055
3140 34 3058 3057
3141 34 3059 3020
3142 34 3033 3060
3143 34 B 3061
3144 34 3055 3062
3145 34 3008 3060
3146 34 3064 3063
3147 34 3060 3065
3148 34 3002 3066
3149 34 3068 3067
3150 34 3069 3018
3151 34 2980 3000
3152 34 3066 3070
3153 34 2942 3000
3154 35 3072 3071
3155 35 3074 3073
3156 35 3071 3075
3157 35 3073 3076
3158 35 3078 3077
3159 35 3077 3079
3160 35 2946 3003
3161 35 3003 3006
3162 35 3075 3080
3163 35 3076 3081
3164 35 3079 3082
3165 35 3006 3011
3166 35 3084 3083
3167 35 3083 3085
3168 35 3085 3086
3169 35 3071 3087
3170 35 3079 3089
3171 35 3074 3088
3172 35 3086 3090
3173 35 3080 3091
3174 35 3081 3092
3175 35 3082 3093
3176 35 3011 3026
3177 35 3086 3094
3178 35 3096 3095
3179 35 3098 3097
3180 35 3100 3099
3181 35 3102 3101
3182 35 3096 3100
3183 35 3098 3102
3184 35 3104 3103
3185 35 3106 3105
3186 35 3108 3107
3187 35 3110 3109
3188 35 3104 3108
3189 35 3106 3110
3190 35 3099 3111
3191 35 3101 3112
3192 35 3107 3113
3193 35 3109 3114
3194 35 3116 3115
3195 35 3118 3117
3196 35 3116 3118
3197 35 3117 3119
3198 35 3121 3120
3199 35 3123 3122
3200 35 3124 3121
3201 35 3125 3123
3202 35 3127 3126
3203 35 3129 3128
3204 35 3130 3127
3205 35 3131 3129
3206 35 3133 3132
3207 35 3134 3133
3208 35 3136 3135
3209 35 3139 3138
3210 35 3140 3056
3211 35 3142 3141
3212 35 3145 3144
3213 35 3146 3057
3214 35 3148 3147
3215 35 3149 3063
3216 35 3151 3150
3217 35 3153 3152
3218 35 B 3067
3219 36 3155 3154
3220 36 3157 3156
3221 36 3154 3158
3222 36 3156 3159
3223 36 3160 3155
3224 36 3161 3157
3225 36 3163 3162
3226 36 3162 3164
3227 36 3165 3163
3228 36 3158 3166
3229 36 3159 3167
3230 36 3164 3168
3231 36 3088 3169
3232 36 3087 3170
3233 36 2964 3171
3234 36 3089 3172
3235 36 3174 3173
3236 36 3173 3175
3237 36 3176 3174
3238 36 3175 3177
3239 36 3179 3178
3240 36 3181 3180
3241 36 3183 3182
3242 36 3185 3184
3243 36 3187 3186
3244 36 3189 3188
3245 36 3191 3190
3246 36 3193 3192
3247 36 B 3194
3248 36 B 3195
3249 36 B 3196
3250 36 B 3197
3251 36 3199 3198
3252 36 3201 3200
3253 36 3203 3202
3254 36 3205 3204
3255 36 B 3206
3256 36 B 3207
3257 36 3137 3208
3258 36 3210 3209
3259 36 3143 3211
3260 36 3213 3212
3261 36 3215 3214
3262 36 B 3216
3263 36 3218 3217
3264 37 3220 3219
3265 37 3222 3221
3266 37 3224 3223
3267 37 3225 3220
3268 37 3226 3222
3269 37 3227 3224
3270 37 3229 3228
3271 37 3230 3229
3272 37 B 3231
3273 37 3232 3222
3274 37 B 3233
3275 37 3231 3219
3276 37 B 3232
3277 37 3234 3230
3278 37 3235 3225
3279 37 3236 3226
3280 37 3237 3227
3281 37 3238 3230
3282 37 3240 3239
3283 37 3243 3242
3284 37 3245 3240
3285 37 3246 3243
3286 37 3248 3247
3287 37 3250 3248
3288 37 3251 3245
3289 37 3252 3240
3290 37 3253 3246
3291 37 3254 3243
3292 37 3240 3241
3293 37 3243 3244
3294 37 3255 3250
3295 37 3256 3248
3296 37 3248 3249
3297 37 B 3234
3298 37 3257 3251
3299 37 3258 3230
3300 37 B 3259
3301 37 B 3226
3302 37 3260 3222
3303 37 B 3260
3304 37 B 3261
3305 37 B 3222
3306 37 3259 3243
3307 37 3261 3219
3308 37 B 3262
3309 37 B 3220
3310 37 B 3263
3311 37 B 3219
3312 37 B 3223
3313 38 3265 3264
3314 38 3221 3219
3315 38 3264 3266
3316 38 3219 3223
3317 38 3268 3267
3318 38 3267 3269
3319 38 3270 3265
3320 38 3228 3221
3321 38 3271 3268
3322 38 3273 3272
3323 38 3275 3274
3324 38 3277 3276
3325 38 3279 3278
3326 38 3278 3280
3327 38 3281 3279
3328 38 3282 3270
3329 38 3241 3228
3330 38 B 3283
3331 38 B 3244
3332 38 3284 3271
3333 38 B 3285
3334 38 3283 3264
3335 38 3244 3219
3336 38 B 3286
3337 38 B 3249
3338 38 3285 3267
3339 38 B 3287
3340 38 3288 3281
3341 38 3289 3271
3342 38 B 3290
3343 38 B 3291
3344 38 3292 3270
3345 38 B 3293
3346 38 3290 3278
3347 38 3291 3267
3348 38 B 3294
3349 38 B 3295
3350 38 3293 3264
3351 38 B 3296
3352 38 3298 3297
3353 38 3288 3299
3354 38 B 3300
3355 38 3299 3301
3356 38 3271 3302
3357 38 3305 3304
3358 38 3306 3272
3359 38 3283 3307
3360 38 B 3308
3361 38 3302 3309
3362 38 3265 3307
3363 38 3311 3310
3364 38 3307 3312
3365 38 3219 3263
3366 39 3314 3313
3367 39 3316 3315
3368 39 3313 3317
3369 39 3315 3318
3370 39 3320 3319
3371 39 3319 3321
3372 39 3223 3266
3373 39 3266 3269
3374 39 3313 3322
3375 39 3321 3324
3376 39 3316 3323
3377 39 3317 3325
3378 39 3318 3326
3379 39 3321 3327
3380 39 3269 3280
3381 39 3329 3328
3382 39 3331 3330
3383 39 3328 3332
3384 39 3330 3333
3385 39 3335 3334
3386 39 3337 3336
3387 39 3334 3338
3388 39 3336 3339
3389 39 3341 3340
3390 39 3343 3342
3391 39 3344 3341
3392 39 3345 3343
3393 39 3347 3346
3394 39 3349 3348
3395 39 3350 3347
3396 39 3351 3349
3397 39 3353 3352
3398 39 3356 3355
3399 39 3357 3303
3400 39 3359 3358
3401 39 3362 3361
3402 39 3363 3304
3403 39 3365 3364
3404 39 B 3310
3405 40 3367 3366
3406 40 3369 3368
3407 40 3366 3370
3408 40 3368 3371
3409 40 3372 3367
3410 40 3373 3369
3411 40 3323 3374
3412 40 3322 3375
3413 40 3233 3376
3414 40 3378 3377
3415 40 3377 3379
3416 40 3380 3378
3417 40 3382 3381
3418 40 3384 3383
3419 40 3386 3385
3420 40 3388 3387
3421 40 3390 3389
3422 40 3392 3391
3423 40 3394 3393
3424 40 3396 3395
3425 40 3354 3397
3426 40 3399 3398
3427 40 3360 3400
3428 40 3402 3401
3429 40 3404 3403
3430 41 3406 3405
3431 41 3408 3407
3432 41 3410 3409
3433 41 B 3411
3434 41 3412 3408
3435 41 B 3413
3436 41 3411 3405
3437 41 3414 3406
3438 41 3415 3408
3439 41 3416 3410
3440 41 3418 3417
3441 41 3420 3419
3442 41 3421 3418
3443 41 3422 3417
3444 41 3423 3420
3445 41 3424 3419
3446 41 B 3412
3447 41 3425 3421
3448 41 3426 3408
3449 41 B 3427
3450 41 B 3406
3451 41 3428 3405
3452 41 B 3428
3453 41 B 3429
3454 41 B 3405
3455 41 3427 3419
3456 41 B 3409
3457 42 3431 3430
3458 42 3407 3405
3459 42 3430 3432
3460 42 3405 3409
3461 42 3434 3433
3462 42 3436 3435
3463 42 3438 3437
3464 42 3437 3439
3465 42 3440 3431
3466 42 3417 3407
3467 42 B 3441
3468 42 B 3419
3469 42 3442 3438
3470 42 3443 3431
3471 42 B 3444
3472 42 B 3445
3473 42 3441 3432
3474 42 3419 3409
3475 42 3444 3439
3476 42 3445 3432
3477 42 3447 3446
3478 42 3442 3448
3479 42 B 3449
3480 42 3448 3450
3481 42 3431 3451
3482 42 3454 3453
3483 42 3455 3435
3484 42 3419 3429
3485 42 3451 3456
3486 42 3405 3429
3487 43 3458 3457
3488 43 3460 3459
3489 43 3457 3461
3490 43 3409 3432
3491 43 3460 3462
3492 43 3457 3463
3493 43 3459 3464
3494 43 3466 3465
3495 43 3468 3467
3496 43 3470 3469
3497 43 3472 3471
3498 43 3466 3470
3499 43 3468 3472
3500 43 3474 3473
3501 43 3476 3475
3502 43 3474 3476
3503 43 3478 3477
3504 43 3481 3480
3505 43 3482 3452
3506 43 3484 3483
3507 43 3486 3485
3508 43 B 3453
3509 44 3488 3487
3510 44 3462 3489
3511 44 3490 3488
3512 44 3413 3491
3513 44 3493 3492
3514 44 3495 3494
3515 44 3497 3496
3516 44 3499 3498
3517 44 B 3500
3518 44 B 3501
3519 44 B 3502
3520 44 3479 3503
3521 44 3505 3504
3522 44 B 3506
3523 44 3508 3507
3524 45 B 3512
3525 45 3510 3509
3526 45 3513 3509
3527 45 3515 3514
3528 45 3518 3517
3529 45 B 3510
3530 45 3520 3515
3531 45 3521 3509
3532 45 B 3522
3533 45 B 3511
3534 45 B 3523
3535 46 3525 3524
3536 46 3509 3511
3537 46 3527 3526
3538 46 3516 3509
3539 46 B 3528
3540 46 B 3519
3541 46 3530 3529
3542 46 3527 3531
3543 46 B 3532
3544 46 3531 3533
3545 46 3509 3523
3546 47 3536 3535
3547 47 3538 3537
3548 47 3540 3539
3549 47 3542 3541
3550 47 3545 3544
3551 47 B 3534
3552 48 3512 3546
3553 48 3548 3547
3554 48 3543 3549
3555 48 3551 3550
3556 49 B 3552
3557 49 3554 3553
3558 50 3557 3556
3559 50 3553 3555
3560 51 3559 3558
3561 52 B 3560
3562 55 B 3561
3563 56 B 3562