1 1 B T
2 2 T 1
3 2 B T
4 2 B 1
5 3 2 1
6 3 3 2
7 3 B 3
8 3 B 2
9 3 4 1
10 3 3 4
11 3 B 4
12 3 B 1
13 4 1 5
14 4 B 1
15 4 5 6
16 4 1 2
17 4 6 7
18 4 5 8
19 4 B 9
20 4 B 10
21 4 9 6
22 4 B 5
23 4 B 7
24 4 B 11
25 4 B 4
26 4 10 7
27 4 11 7
28 4 4 6
29 4 B 2
30 4 9 8
31 4 1 9
32 4 12 11
33 4 1 4
34 5 14 13
35 5 16 15
36 5 13 15
37 5 15 17
38 5 B 14
39 5 2 6
40 5 6 7
41 5 17 7
42 5 13 18
43 5 16 18
44 5 B 19
45 5 19 20
46 5 22 21
47 5 24 23
48 5 14 22
49 5 25 24
50 5 21 26
51 5 27 7
52 5 28 27
53 5 29 21
54 5 19 30
55 5 31 30
56 5 32 11
57 5 25 30
58 5 33 30
59 5 B 11
60 6 35 34
61 6 37 36
62 6 34 38
63 6 36 34
64 6 39 35
65 6 40 37
66 6 41 37
67 6 7 41
68 6 B 7
69 6 18 42
70 6 2 43
71 6 44 38
72 6 45 34
73 6 47 46
74 6 49 48
75 6 23 50
76 6 B 51
77 6 B 52
78 6 B 53
79 6 B 50
80 6 24 54
81 6 56 55
82 6 B 57
83 6 59 58
84 7 61 60
85 7 63 62
86 7 65 64
87 7 66 61
88 7 61 63
89 7 67 65
90 7 62 38
91 7 67 66
92 7 68 67
93 7 B 68
94 7 B 69
95 7 69 63
96 7 B 70
97 7 69 60
98 7 71 38
99 7 72 71
100 7 73 72
101 7 74 71
102 7 75 73
103 7 76 75
104 7 77 73
105 7 73 74
106 7 68 76
107 7 B 76
108 7 76 77
109 7 79 78
110 7 76 79
111 7 77 78
112 7 80 72
113 7 81 63
114 7 B 80
115 7 B 61
116 7 B 81
117 7 B 63
118 7 81 60
119 7 B 82
120 7 B 83
121 7 B 60
122 7 B 64
123 8 85 84
124 8 62 60
125 8 84 86
126 8 60 64
127 8 88 87
128 8 87 89
129 8 90 85
130 8 38 62
131 8 85 88
132 8 87 91
133 8 91 92
134 8 38 90
135 8 B 38
136 8 92 93
137 8 95 94
138 8 97 96
139 8 B 98
140 8 B 99
141 8 98 85
142 8 B 90
143 8 B 100
144 8 B 101
145 8 B 71
146 8 99 88
147 8 B 102
148 8 100 87
149 8 101 88
150 8 B 103
151 8 B 104
152 8 71 85
153 8 B 105
154 8 102 91
155 8 B 106
156 8 103 92
157 8 104 91
158 8 B 93
159 8 B 107
160 8 105 87
161 8 B 108
162 8 99 84
163 8 71 60
164 8 B 109
165 8 B 78
166 8 101 84
167 8 B 110
168 8 B 111
169 8 106 93
170 8 107 93
171 8 108 92
172 8 112 94
173 8 101 113
174 8 B 114
175 8 113 115
176 8 85 113
177 8 117 116
178 8 101 118
179 8 B 119
180 8 85 118
181 8 121 120
182 8 118 122
183 8 60 83
184 9 124 123
185 9 126 125
186 9 123 127
187 9 125 128
188 9 130 129
189 9 129 131
190 9 64 86
191 9 86 89
192 9 127 132
193 9 128 133
194 9 131 127
195 9 89 92
196 9 135 134
197 9 134 129
198 9 132 133
199 9 133 136
200 9 92 93
201 9 B 135
202 9 136 93
203 9 123 137
204 9 131 137
205 9 126 138
206 9 B 139
207 9 139 140
208 9 142 141
209 9 144 143
210 9 135 142
211 9 145 144
212 9 141 146
213 9 143 147
214 9 145 140
215 9 149 148
216 9 151 150
217 9 152 149
218 9 153 151
219 9 148 154
220 9 150 155
221 9 157 156
222 9 159 158
223 9 160 157
224 9 161 159
225 9 163 162
226 9 165 164
227 9 166 148
228 9 168 167
229 9 163 166
230 9 165 168
231 9 167 155
232 9 156 169
233 9 170 93
234 9 171 170
235 9 173 172
236 9 176 175
237 9 177 116
238 9 178 172
239 9 180 175
240 9 181 116
241 9 183 182
242 9 B 120
243 10 185 184
244 10 187 186
245 10 184 188
246 10 186 189
247 10 190 185
248 10 191 187
249 10 193 192
250 10 192 194
251 10 195 193
252 10 188 196
253 10 189 197
254 10 194 189
255 10 199 198
256 10 198 192
257 10 200 199
258 10 196 201
259 10 197 196
260 10 202 199
261 10 93 202
262 10 B 93
263 10 138 203
264 10 137 204
265 10 70 205
266 10 206 201
267 10 207 196
268 10 209 208
269 10 211 210
270 10 213 212
271 10 214 196
272 10 216 215
273 10 218 217
274 10 220 219
275 10 222 221
276 10 224 223
277 10 226 225
278 10 228 227
279 10 230 229
280 10 231 219
281 10 158 232
282 10 B 233
283 10 B 234
284 10 174 235
285 10 237 236
286 10 179 238
287 10 240 239
288 10 242 241
289 11 244 243
290 11 246 245
291 11 248 247
292 11 249 244
293 11 250 246
294 11 251 248
295 11 253 252
296 11 254 253
297 11 255 249
298 11 256 250
299 11 257 251
300 11 250 254
301 11 259 258
302 11 253 259
303 11 260 255
304 11 255 256
305 11 261 257
306 11 258 201
307 11 261 260
308 11 262 261
309 11 B 262
310 11 B 263
311 11 264 246
312 11 B 265
313 11 263 243
314 11 B 264
315 11 264 254
316 11 266 201
317 11 267 266
318 11 268 267
319 11 269 266
320 11 270 268
321 11 268 271
322 11 272 270
323 11 273 268
324 11 268 269
325 11 274 272
326 11 275 274
327 11 276 272
328 11 272 273
329 11 278 277
330 11 280 278
331 11 275 280
332 11 276 278
333 11 278 279
334 11 281 275
335 11 282 281
336 11 283 275
337 11 275 276
338 11 262 282
339 11 B 282
340 11 282 283
341 11 284 270
342 11 285 254
343 11 B 284
344 11 B 250
345 11 B 285
346 11 B 254
347 11 285 246
348 11 B 286
349 11 B 287
350 11 B 246
351 11 B 244
352 11 287 243
353 11 B 288
354 11 B 243
355 11 286 277
356 11 B 247
357 12 290 289
358 12 245 243
359 12 289 291
360 12 243 247
361 12 293 292
362 12 292 294
363 12 295 290
364 12 252 245
365 12 296 293
366 12 298 297
367 12 297 299
368 12 300 298
369 12 301 295
370 12 258 252
371 12 302 296
372 12 296 300
373 12 304 303
374 12 303 305
375 12 298 304
376 12 306 301
377 12 201 258
378 12 301 302
379 12 303 307
380 12 307 308
381 12 201 306
382 12 B 201
383 12 308 309
384 12 311 310
385 12 313 312
386 12 315 314
387 12 B 316
388 12 B 317
389 12 316 301
390 12 B 306
391 12 B 318
392 12 B 319
393 12 B 266
394 12 317 302
395 12 B 320
396 12 B 258
397 12 B 321
398 12 B 269
399 12 318 296
400 12 319 302
401 12 B 322
402 12 B 323
403 12 266 301
404 12 B 324
405 12 320 300
406 12 B 325
407 12 322 298
408 12 323 300
409 12 B 326
410 12 B 327
411 12 324 296
412 12 B 328
413 12 321 290
414 12 269 245
415 12 B 329
416 12 B 279
417 12 320 293
418 12 B 330
419 12 323 293
420 12 B 331
421 12 B 332
422 12 324 290
423 12 B 333
424 12 325 304
425 12 B 334
426 12 326 303
427 12 327 304
428 12 B 335
429 12 B 336
430 12 328 298
431 12 B 337
432 12 334 307
433 12 B 338
434 12 329 291
435 12 279 247
436 12 330 294
437 12 331 299
438 12 332 294
439 12 333 291
440 12 334 305
441 12 335 308
442 12 336 305
443 12 337 299
444 12 338 309
445 12 336 307
446 12 B 309
447 12 B 339
448 12 337 303
449 12 B 340
450 12 339 309
451 12 340 308
452 12 341 314
453 12 323 342
454 12 B 343
455 12 342 344
456 12 296 342
457 12 346 345
458 12 323 347
459 12 B 348
460 12 296 347
461 12 350 349
462 12 347 351
463 12 290 352
464 12 354 353
465 12 355 312
466 12 279 288
467 12 352 356
468 12 243 288
469 13 358 357
470 13 360 359
471 13 357 361
472 13 359 362
473 13 364 363
474 13 363 365
475 13 247 291
476 13 291 294
477 13 361 366
478 13 362 367
479 13 365 368
480 13 294 299
481 13 370 369
482 13 369 371
483 13 371 372
484 13 366 373
485 13 367 374
486 13 368 375
487 13 299 305
488 13 372 368
489 13 377 376
490 13 376 378
491 13 378 371
492 13 373 379
493 13 374 380
494 13 375 373
495 13 305 308
496 13 382 381
497 13 381 376
498 13 379 380
499 13 380 383
500 13 308 309
501 13 B 382
502 13 383 309
503 13 357 384
504 13 365 386
505 13 360 385
506 13 372 386
507 13 B 387
508 13 387 388
509 13 390 389
510 13 392 391
511 13 382 390
512 13 393 392
513 13 389 394
514 13 391 395
515 13 396 389
516 13 398 397
517 13 397 395
518 13 400 399
519 13 402 401
520 13 403 400
521 13 404 402
522 13 399 405
523 13 401 406
524 13 408 407
525 13 410 409
526 13 411 408
527 13 412 410
528 13 414 413
529 13 416 415
530 13 413 417
531 13 415 418
532 13 419 407
533 13 421 420
534 13 422 419
535 13 423 421
536 13 407 424
537 13 420 425
538 13 427 426
539 13 429 428
540 13 430 427
541 13 431 429
542 13 409 425
543 13 426 432
544 13 428 433
545 13 435 434
546 13 434 436
547 13 438 437
548 13 439 438
549 13 437 440
550 13 442 441
551 13 443 442
552 13 441 444
553 13 445 441
554 13 447 446
555 13 448 445
556 13 449 447
557 13 450 309
558 13 451 450
559 13 453 452
560 13 456 455
561 13 457 345
562 13 458 452
563 13 460 455
564 13 461 345
565 13 463 462
566 13 464 349
567 13 466 465
568 13 468 467
569 13 B 353
570 14 470 469
571 14 472 471
572 14 469 473
573 14 471 474
574 14 475 470
575 14 476 472
576 14 478 477
577 14 477 479
578 14 480 478
579 14 473 481
580 14 474 482
581 14 479 483
582 14 485 484
583 14 484 486
584 14 487 485
585 14 486 488
586 14 481 489
587 14 482 490
588 14 483 491
589 14 488 483
590 14 493 492
591 14 492 494
592 14 495 493
593 14 494 486
594 14 489 496
595 14 490 497
596 14 491 490
597 14 499 498
598 14 498 492
599 14 500 499
600 14 496 501
601 14 497 496
602 14 502 499
603 14 309 502
604 14 B 309
605 14 385 503
606 14 384 504
607 14 265 505
608 14 386 506
609 14 507 501
610 14 508 496
611 14 510 509
612 14 512 511
613 14 514 513
614 14 516 515
615 14 517 513
616 14 519 518
617 14 521 520
618 14 523 522
619 14 525 524
620 14 527 526
621 14 529 528
622 14 531 530
623 14 533 532
624 14 535 534
625 14 537 536
626 14 539 538
627 14 541 540
628 14 542 536
629 14 544 543
630 14 B 545
631 14 B 546
632 14 B 547
633 14 B 548
634 14 B 549
635 14 B 550
636 14 B 551
637 14 B 552
638 14 554 553
639 14 556 555
640 14 B 557
641 14 B 558
642 14 446 552
643 14 454 559
644 14 561 560
645 14 459 562
646 14 564 563
647 14 566 565
648 14 B 567
649 14 569 568
650 15 571 570
651 15 573 572
652 15 575 574
653 15 576 571
654 15 577 573
655 15 578 575
656 15 580 579
657 15 581 580
658 15 582 576
659 15 583 577
660 15 584 578
661 15 585 581
662 15 587 586
663 15 588 587
664 15 589 588
665 15 590 582
666 15 591 583
667 15 592 584
668 15 593 585
669 15 585 589
670 15 595 594
671 15 596 595
672 15 588 596
673 15 597 590
674 15 598 591
675 15 599 592
676 15 591 593
677 15 601 600
678 15 595 601
679 15 602 597
680 15 597 598
681 15 603 599
682 15 600 501
683 15 603 602
684 15 604 603
685 15 B 604
686 15 B 605
687 15 606 573
688 15 B 607
689 15 605 570
690 15 B 606
691 15 608 581
692 15 B 608
693 15 608 589
694 15 609 501
695 15 610 609
696 15 611 610
697 15 612 609
698 15 613 611
699 15 615 614
700 15 616 615
701 15 617 614
702 15 618 616
703 15 616 613
704 15 617 611
705 15 611 612
706 15 619 618
707 15 620 616
708 15 616 617
709 15 622 621
710 15 623 622
711 15 624 621
712 15 625 623
713 15 626 625
714 15 627 623
715 15 623 624
716 15 628 619
717 15 629 626
718 15 631 630
719 15 632 631
720 15 633 630
721 15 634 632
722 15 635 634
723 15 636 632
724 15 632 633
725 15 637 635
726 15 626 628
727 15 627 619
728 15 619 620
729 15 638 629
730 15 639 626
731 15 626 627
732 15 640 637
733 15 641 635
734 15 635 636
735 15 642 638
736 15 604 640
737 15 640 642
738 15 641 638
739 15 638 639
740 15 B 640
741 15 640 641
742 15 643 618
743 15 644 589
744 15 B 643
745 15 B 585
746 15 B 644
747 15 B 589
748 15 644 581
749 15 B 645
750 15 B 646
751 15 B 581
752 15 B 577
753 15 646 573
754 15 B 647
755 15 B 573
756 15 645 622
757 15 647 570
758 15 B 648
759 15 B 571
760 15 B 649
761 15 B 570
762 15 B 574
763 16 651 650
764 16 572 570
765 16 650 652
766 16 570 574
767 16 654 653
768 16 653 655
769 16 656 651
770 16 579 572
771 16 657 654
772 16 659 658
773 16 658 660
774 16 661 659
775 16 662 656
776 16 586 579
777 16 663 657
778 16 664 661
779 16 666 665
780 16 665 667
781 16 668 666
782 16 669 668
783 16 670 662
784 16 594 586
785 16 671 663
786 16 672 664
787 16 664 669
788 16 674 673
789 16 673 675
790 16 676 674
791 16 668 676
792 16 677 670
793 16 600 594
794 16 678 671
795 16 671 672
796 16 680 679
797 16 679 681
798 16 674 680
799 16 682 677
800 16 501 600
801 16 677 678
802 16 679 683
803 16 683 684
804 16 501 682
805 16 B 501
806 16 684 685
807 16 687 686
808 16 689 688
809 16 691 690
810 16 693 692
811 16 B 694
812 16 B 695
813 16 B 609
814 16 694 677
815 16 B 682
816 16 B 696
817 16 B 697
818 16 695 678
819 16 B 698
820 16 695 670
821 16 609 594
822 16 B 699
823 16 B 614
824 16 696 671
825 16 697 670
826 16 B 700
827 16 B 701
828 16 698 672
829 16 B 702
830 16 697 678
831 16 B 703
832 16 B 704
833 16 609 677
834 16 B 705
835 16 703 664
836 16 704 672
837 16 B 706
838 16 B 707
839 16 705 671
840 16 B 708
841 16 699 656
842 16 614 579
843 16 B 709
844 16 B 621
845 16 700 657
846 16 701 656
847 16 B 710
848 16 B 711
849 16 702 661
850 16 B 712
851 16 706 668
852 16 707 661
853 16 B 713
854 16 B 714
855 16 708 657
856 16 B 715
857 16 702 669
858 16 B 716
859 16 716 676
860 16 B 717
861 16 709 650
862 16 621 570
863 16 B 718
864 16 B 630
865 16 710 653
866 16 711 650
867 16 B 719
868 16 B 720
869 16 712 658
870 16 B 721
871 16 713 665
872 16 714 658
873 16 B 722
874 16 B 723
875 16 715 653
876 16 B 724
877 16 717 673
878 16 B 725
879 16 707 669
880 16 B 726
881 16 B 727
882 16 708 664
883 16 B 728
884 16 726 674
885 16 727 676
886 16 B 729
887 16 B 730
888 16 728 668
889 16 B 731
890 16 729 679
891 16 730 673
892 16 B 732
893 16 B 733
894 16 731 665
895 16 B 734
896 16 717 680
897 16 B 735
898 16 735 683
899 16 B 736
900 16 730 680
901 16 B 737
902 16 B 738
903 16 731 674
904 16 B 739
905 16 737 684
906 16 738 683
907 16 B 685
908 16 B 740
909 16 739 679
910 16 B 741
911 16 736 685
912 16 742 692
913 16 707 743
914 16 B 744
915 16 743 745
916 16 664 743
917 16 747 746
918 16 707 748
919 16 B 749
920 16 664 748
921 16 751 750
922 16 748 752
923 16 657 753
924 16 755 754
925 16 756 686
926 16 711 757
927 16 B 758
928 16 753 759
929 16 651 757
930 16 761 760
931 16 757 762
932 16 570 649
933 16 740 685
934 16 741 684
935 17 764 763
936 17 766 765
937 17 763 767
938 17 765 768
939 17 770 769
940 17 769 771
941 17 574 652
942 17 652 655
943 17 767 772
944 17 768 773
945 17 771 774
946 17 655 660
947 17 776 775
948 17 775 777
949 17 777 778
950 17 772 779
951 17 773 780
952 17 774 781
953 17 660 667
954 17 778 782
955 17 784 783
956 17 783 785
957 17 785 786
958 17 786 787
959 17 779 788
960 17 780 789
961 17 781 790
962 17 667 675
963 17 782 791
964 17 787 782
965 17 793 792
966 17 792 794
967 17 794 795
968 17 795 786
969 17 788 796
970 17 789 797
971 17 790 798
972 17 675 681
973 17 791 790
974 17 800 799
975 17 799 801
976 17 801 794
977 17 796 802
978 17 797 803
979 17 798 796
980 17 681 684
981 17 805 804
982 17 804 799
983 17 802 803
984 17 803 806
985 17 684 685
986 17 B 805
987 17 763 807
988 17 771 809
989 17 766 808
990 17 778 810
991 17 787 810
992 17 806 685
993 17 B 811
994 17 813 812
995 17 815 814
996 17 817 816
997 17 805 815
998 17 813 817
999 17 811 812
1000 17 814 818
1001 17 816 819
1002 17 821 820
1003 17 823 822
1004 17 825 824
1005 17 827 826
1006 17 821 825
1007 17 823 827
1008 17 824 828
1009 17 826 829
1010 17 830 824
1011 17 832 831
1012 17 833 830
1013 17 834 832
1014 17 836 835
1015 17 838 837
1016 17 839 836
1017 17 840 838
1018 17 842 841
1019 17 844 843
1020 17 846 845
1021 17 848 847
1022 17 842 846
1023 17 844 848
1024 17 845 849
1025 17 847 850
1026 17 852 851
1027 17 854 853
1028 17 855 852
1029 17 856 854
1030 17 831 829
1031 17 835 857
1032 17 837 858
1033 17 851 859
1034 17 853 860
1035 17 862 861
1036 17 864 863
1037 17 866 865
1038 17 868 867
1039 17 862 866
1040 17 864 868
1041 17 865 869
1042 17 867 870
1043 17 872 871
1044 17 874 873
1045 17 875 872
1046 17 876 874
1047 17 871 877
1048 17 873 878
1049 17 879 851
1050 17 881 880
1051 17 882 879
1052 17 883 881
1053 17 885 884
1054 17 887 886
1055 17 888 885
1056 17 889 887
1057 17 891 890
1058 17 893 892
1059 17 894 891
1060 17 895 893
1061 17 880 860
1062 17 884 896
1063 17 886 897
1064 17 890 898
1065 17 892 899
1066 17 900 890
1067 17 902 901
1068 17 903 900
1069 17 904 902
1070 17 906 905
1071 17 908 907
1072 17 909 906
1073 17 910 908
1074 17 901 899
1075 17 905 911
1076 17 913 912
1077 17 916 915
1078 17 917 746
1079 17 918 912
1080 17 920 915
1081 17 921 746
1082 17 923 922
1083 17 924 750
1084 17 926 925
1085 17 929 928
1086 17 930 754
1087 17 932 931
1088 17 B 760
1089 17 934 933
1090 18 936 935
1091 18 938 937
1092 18 935 939
1093 18 937 940
1094 18 941 936
1095 18 942 938
1096 18 944 943
1097 18 943 945
1098 18 946 944
1099 18 939 947
1100 18 940 948
1101 18 945 949
1102 18 951 950
1103 18 950 952
1104 18 953 951
1105 18 952 954
1106 18 947 955
1107 18 948 956
1108 18 949 957
1109 18 954 958
1110 18 960 959
1111 18 959 961
1112 18 962 960
1113 18 961 963
1114 18 963 964
1115 18 955 965
1116 18 956 966
1117 18 957 967
1118 18 958 968
1119 18 964 958
1120 18 970 969
1121 18 969 971
1122 18 972 970
1123 18 971 973
1124 18 973 963
1125 18 965 974
1126 18 966 975
1127 18 967 976
1128 18 968 967
1129 18 978 977
1130 18 977 979
1131 18 980 978
1132 18 979 971
1133 18 974 981
1134 18 975 982
1135 18 976 975
1136 18 984 983
1137 18 983 977
1138 18 985 984
1139 18 981 986
1140 18 982 981
1141 18 808 987
1142 18 807 988
1143 18 607 989
1144 18 809 990
1145 18 810 991
1146 18 992 984
1147 18 685 992
1148 18 993 986
1149 18 994 981
1150 18 996 995
1151 18 998 997
1152 18 999 981
1153 18 1001 1000
1154 18 1003 1002
1155 18 1005 1004
1156 18 1007 1006
1157 18 1009 1008
1158 18 1011 1010
1159 18 1013 1012
1160 18 1015 1014
1161 18 1017 1016
1162 18 1019 1018
1163 18 1021 1020
1164 18 1023 1022
1165 18 1025 1024
1166 18 1027 1026
1167 18 1029 1028
1168 18 1030 1008
1169 18 1032 1031
1170 18 1034 1033
1171 18 1036 1035
1172 18 1038 1037
1173 18 1040 1039
1174 18 1042 1041
1175 18 1044 1043
1176 18 1046 1045
1177 18 1048 1047
1178 18 1050 1049
1179 18 1052 1051
1180 18 1054 1053
1181 18 1056 1055
1182 18 1058 1057
1183 18 1060 1059
1184 18 1061 1033
1185 18 1063 1062
1186 18 1065 1064
1187 18 1067 1066
1188 18 1069 1068
1189 18 1071 1070
1190 18 1073 1072
1191 18 1074 1064
1192 18 907 1075
1193 18 914 1076
1194 18 1078 1077
1195 18 919 1079
1196 18 1081 1080
1197 18 1083 1082
1198 18 927 1084
1199 18 1086 1085
1200 18 1088 1087
1201 18 B 1089
1202 19 1091 1090
1203 19 1093 1092
1204 19 1095 1094
1205 19 1096 1091
1206 19 1097 1093
1207 19 1098 1095
1208 19 1100 1099
1209 19 1101 1100
1210 19 1102 1096
1211 19 1103 1097
1212 19 1104 1098
1213 19 1105 1101
1214 19 1107 1106
1215 19 1108 1107
1216 19 1109 1108
1217 19 1110 1102
1218 19 1111 1103
1219 19 1112 1104
1220 19 1113 1105
1221 19 1114 1109
1222 19 1116 1115
1223 19 1117 1116
1224 19 1118 1117
1225 19 1119 1118
1226 19 1120 1110
1227 19 1121 1111
1228 19 1122 1112
1229 19 1123 1113
1230 19 1124 1114
1231 19 1114 1119
1232 19 1126 1125
1233 19 1127 1126
1234 19 1128 1127
1235 19 1118 1128
1236 19 1129 1120
1237 19 1130 1121
1238 19 1131 1122
1239 19 1132 1123
1240 19 1123 1124
1241 19 1134 1133
1242 19 1135 1134
1243 19 1127 1135
1244 19 1136 1129
1245 19 1137 1130
1246 19 1138 1131
1247 19 1130 1132
1248 19 1140 1139
1249 19 1134 1140
1250 19 B 1141
1251 19 1142 1093
1252 19 B 1143
1253 19 1141 1090
1254 19 B 1142
1255 19 1144 1101
1256 19 B 1144
1257 19 1145 1109
1258 19 B 1145
1259 19 1145 1119
1260 19 1146 1136
1261 19 1136 1137
1262 19 1147 1138
1263 19 1148 986
1264 19 1150 1149
1265 19 1152 1148
1266 19 1153 1150
1267 19 1155 1154
1268 19 1157 1155
1269 19 1150 1152
1270 19 1151 1148
1271 19 1158 1153
1272 19 1159 1150
1273 19 1150 1151
1274 19 1160 1157
1275 19 1161 1155
1276 19 1155 1156
1277 19 1163 1162
1278 19 1165 1163
1279 19 1166 1165
1280 19 1167 1163
1281 19 1163 1164
1282 19 1168 1158
1283 19 1169 1160
1284 19 1170 1166
1285 19 1172 1171
1286 19 1174 1172
1287 19 1175 1174
1288 19 1176 1172
1289 19 1172 1173
1290 19 1177 1175
1291 19 1160 1168
1292 19 1161 1158
1293 19 1158 1159
1294 19 1178 1169
1295 19 1179 1160
1296 19 1160 1161
1297 19 1180 1170
1298 19 1181 1166
1299 19 1166 1167
1300 19 1182 1177
1301 19 1183 1175
1302 19 1175 1176
1303 19 1184 1178
1304 19 1185 1180
1305 19 1186 1182
1306 19 1180 1184
1307 19 1181 1178
1308 19 1178 1179
1309 19 1187 1185
1310 19 1188 1180
1311 19 1180 1181
1312 19 1189 1186
1313 19 1190 1182
1314 19 1182 1183
1315 19 1191 1187
1316 19 1192 1189
1317 19 1193 1169
1318 19 1194 1119
1319 19 B 1193
1320 19 B 1114
1321 19 B 1194
1322 19 B 1119
1323 19 1194 1109
1324 19 B 1195
1325 19 B 1196
1326 19 B 1109
1327 19 B 1105
1328 19 1196 1101
1329 19 B 1197
1330 19 B 1101
1331 19 1190 1187
1332 19 1187 1188
1333 19 1195 1165
1334 19 1197 1093
1335 19 B 1198
1336 19 B 1097
1337 19 B 1199
1338 19 B 1093
1339 19 B 1091
1340 19 1199 1090
1341 19 B 1200
1342 19 B 1090
1343 19 1201 1189
1344 19 1189 1190
1345 19 1198 1171
1346 19 B 1094
1347 20 1203 1202
1348 20 1092 1090
1349 20 1202 1204
1350 20 1090 1094
1351 20 1206 1205
1352 20 1205 1207
1353 20 1208 1203
1354 20 1099 1092
1355 20 1209 1206
1356 20 1211 1210
1357 20 1210 1212
1358 20 1213 1211
1359 20 1214 1208
1360 20 1106 1099
1361 20 1215 1209
1362 20 1216 1213
1363 20 1218 1217
1364 20 1217 1219
1365 20 1220 1218
1366 20 1221 1220
1367 20 1222 1214
1368 20 1115 1106
1369 20 1223 1215
1370 20 1224 1216
1371 20 1225 1221
1372 20 1227 1226
1373 20 1226 1228
1374 20 1229 1227
1375 20 1230 1229
1376 20 1231 1230
1377 20 1232 1222
1378 20 1125 1115
1379 20 1233 1223
1380 20 1234 1224
1381 20 1235 1225
1382 20 1225 1231
1383 20 1237 1236
1384 20 1236 1238
1385 20 1239 1237
1386 20 1240 1239
1387 20 1230 1240
1388 20 1241 1232
1389 20 1133 1125
1390 20 1242 1233
1391 20 1243 1234
1392 20 1234 1235
1393 20 1245 1244
1394 20 1244 1246
1395 20 1247 1245
1396 20 1239 1247
1397 20 1248 1241
1398 20 1139 1133
1399 20 1249 1242
1400 20 1242 1243
1401 20 1251 1250
1402 20 1253 1252
1403 20 1255 1254
1404 20 1257 1256
1405 20 1259 1258
1406 20 1261 1260
1407 20 1260 1262
1408 20 1245 1261
1409 20 1263 1248
1410 20 B 1139
1411 20 B 1264
1412 20 B 1151
1413 20 1265 1249
1414 20 B 1266
1415 20 1264 1232
1416 20 1151 1125
1417 20 B 1267
1418 20 B 1156
1419 20 1266 1233
1420 20 B 1268
1421 20 1269 1242
1422 20 1270 1249
1423 20 B 1271
1424 20 B 1272
1425 20 1148 1248
1426 20 B 1273
1427 20 1271 1234
1428 20 1272 1233
1429 20 B 1274
1430 20 B 1275
1431 20 1273 1232
1432 20 B 1276
1433 20 1267 1214
1434 20 1156 1106
1435 20 B 1277
1436 20 B 1164
1437 20 1268 1215
1438 20 B 1278
1439 20 1274 1216
1440 20 1275 1215
1441 20 B 1279
1442 20 B 1280
1443 20 1276 1214
1444 20 B 1281
1445 20 1266 1243
1446 20 B 1282
1447 20 1282 1235
1448 20 B 1283
1449 20 1283 1221
1450 20 B 1284
1451 20 1277 1203
1452 20 1164 1092
1453 20 B 1285
1454 20 B 1173
1455 20 1278 1206
1456 20 B 1286
1457 20 1279 1211
1458 20 1280 1206
1459 20 B 1287
1460 20 B 1288
1461 20 1281 1203
1462 20 B 1289
1463 20 1284 1218
1464 20 B 1290
1465 20 1272 1243
1466 20 B 1291
1467 20 B 1292
1468 20 1273 1242
1469 20 B 1293
1470 20 1291 1225
1471 20 1292 1235
1472 20 B 1294
1473 20 B 1295
1474 20 1293 1234
1475 20 B 1296
1476 20 1294 1230
1477 20 1295 1221
1478 20 B 1297
1479 20 B 1298
1480 20 1296 1216
1481 20 B 1299
1482 20 1297 1227
1483 20 1298 1218
1484 20 B 1300
1485 20 B 1301
1486 20 1299 1211
1487 20 B 1302
1488 20 1285 1204
1489 20 1173 1094
1490 20 1286 1207
1491 20 1287 1212
1492 20 1288 1207
1493 20 1289 1204
1494 20 1290 1219
1495 20 1300 1228
1496 20 1301 1219
1497 20 1302 1212
1498 20 1283 1231
1499 20 B 1303
1500 20 1303 1240
1501 20 B 1304
1502 20 1304 1237
1503 20 B 1305
1504 20 1305 1238
1505 20 1295 1231
1506 20 B 1306
1507 20 B 1307
1508 20 1296 1225
1509 20 B 1308
1510 20 1306 1239
1511 20 1307 1240
1512 20 B 1309
1513 20 B 1310
1514 20 1308 1230
1515 20 B 1311
1516 20 1309 1245
1517 20 1310 1237
1518 20 B 1312
1519 20 B 1313
1520 20 1311 1227
1521 20 B 1314
1522 20 1312 1246
1523 20 1313 1238
1524 20 1314 1228
1525 20 1304 1247
1526 20 B 1315
1527 20 1315 1261
1528 20 B 1316
1529 20 1316 1262
1530 20 1317 1258
1531 20 1295 1318
1532 20 B 1319
1533 20 1318 1320
1534 20 1225 1318
1535 20 1322 1321
1536 20 1295 1323
1537 20 B 1324
1538 20 1225 1323
1539 20 1326 1325
1540 20 1323 1327
1541 20 1216 1328
1542 20 1330 1329
1543 20 1310 1247
1544 20 1311 1239
1545 20 B 1331
1546 20 B 1332
1547 20 1333 1254
1548 20 1280 1334
1549 20 B 1335
1550 20 1328 1336
1551 20 1209 1334
1552 20 1338 1337
1553 20 1334 1339
1554 20 1203 1340
1555 20 1342 1341
1556 20 1331 1261
1557 20 1332 1245
1558 20 B 1343
1559 20 B 1344
1560 20 1345 1252
1561 20 1173 1200
1562 20 1340 1346
1563 20 1090 1200
1564 20 1343 1262
1565 20 1344 1246
1566 21 1348 1347
1567 21 1350 1349
1568 21 1347 1351
1569 21 1349 1352
1570 21 1354 1353
1571 21 1353 1355
1572 21 1094 1204
1573 21 1204 1207
1574 21 1351 1356
1575 21 1352 1357
1576 21 1355 1358
1577 21 1207 1212
1578 21 1360 1359
1579 21 1359 1361
1580 21 1361 1362
1581 21 1356 1363
1582 21 1357 1364
1583 21 1358 1365
1584 21 1212 1219
1585 21 1362 1366
1586 21 1368 1367
1587 21 1367 1369
1588 21 1369 1370
1589 21 1370 1371
1590 21 1363 1372
1591 21 1364 1373
1592 21 1365 1374
1593 21 1219 1228
1594 21 1366 1375
1595 21 1371 1376
1596 21 1378 1377
1597 21 1377 1379
1598 21 1379 1380
1599 21 1380 1381
1600 21 1381 1382
1601 21 1372 1383
1602 21 1373 1384
1603 21 1374 1385
1604 21 1228 1238
1605 21 1375 1386
1606 21 1376 1387
1607 21 1382 1376
1608 21 1389 1388
1609 21 1388 1390
1610 21 1390 1391
1611 21 1391 1392
1612 21 1392 1381
1613 21 1383 1393
1614 21 1384 1394
1615 21 1385 1395
1616 21 1238 1246
1617 21 1386 1396
1618 21 1387 1386
1619 21 1398 1397
1620 21 1397 1399
1621 21 1399 1400
1622 21 1400 1391
1623 21 1347 1401
1624 21 1355 1403
1625 21 1350 1402
1626 21 1362 1404
1627 21 1371 1405
1628 21 1382 1405
1629 21 1393 1406
1630 21 1394 1407
1631 21 1395 1408
1632 21 1246 1262
1633 21 1396 1395
1634 21 1410 1409
1635 21 1412 1411
1636 21 1409 1413
1637 21 1411 1414
1638 21 1416 1415
1639 21 1418 1417
1640 21 1415 1419
1641 21 1417 1420
1642 21 1422 1421
1643 21 1424 1423
1644 21 1425 1422
1645 21 1426 1424
1646 21 1428 1427
1647 21 1430 1429
1648 21 1431 1428
1649 21 1432 1430
1650 21 1434 1433
1651 21 1436 1435
1652 21 1433 1437
1653 21 1435 1438
1654 21 1440 1439
1655 21 1442 1441
1656 21 1443 1440
1657 21 1444 1442
1658 21 1421 1445
1659 21 1423 1446
1660 21 1427 1447
1661 21 1429 1448
1662 21 1439 1449
1663 21 1441 1450
1664 21 1452 1451
1665 21 1454 1453
1666 21 1451 1455
1667 21 1453 1456
1668 21 1458 1457
1669 21 1460 1459
1670 21 1461 1458
1671 21 1462 1460
1672 21 1457 1463
1673 21 1459 1464
1674 21 1465 1427
1675 21 1467 1466
1676 21 1468 1465
1677 21 1469 1467
1678 21 1471 1470
1679 21 1473 1472
1680 21 1474 1471
1681 21 1475 1473
1682 21 1477 1476
1683 21 1479 1478
1684 21 1480 1477
1685 21 1481 1479
1686 21 1483 1482
1687 21 1485 1484
1688 21 1486 1483
1689 21 1487 1485
1690 21 1489 1488
1691 21 1488 1490
1692 21 1492 1491
1693 21 1493 1492
1694 21 1491 1494
1695 21 1496 1495
1696 21 1497 1496
1697 21 1466 1448
1698 21 1470 1498
1699 21 1472 1499
1700 21 1476 1500
1701 21 1478 1501
1702 21 1482 1502
1703 21 1484 1503
1704 21 1495 1504
1705 21 1505 1476
1706 21 1507 1506
1707 21 1508 1505
1708 21 1509 1507
1709 21 1511 1510
1710 21 1513 1512
1711 21 1514 1511
1712 21 1515 1513
1713 21 1517 1516
1714 21 1519 1518
1715 21 1520 1517
1716 21 1521 1519
1717 21 1523 1522
1718 21 1524 1523
1719 21 1506 1501
1720 21 1510 1525
1721 21 1512 1526
1722 21 1516 1527
1723 21 1518 1528
1724 21 1522 1529
1725 21 1531 1530
1726 21 1534 1533
1727 21 1535 1321
1728 21 1536 1530
1729 21 1538 1533
1730 21 1539 1321
1731 21 1541 1540
1732 21 1542 1325
1733 21 1544 1543
1734 21 1546 1545
1735 21 1548 1547
1736 21 1551 1550
1737 21 1552 1329
1738 21 1554 1553
1739 21 1555 1337
1740 21 1557 1556
1741 21 1559 1558
1742 21 1561 1560
1743 21 1563 1562
1744 21 B 1341
1745 21 1565 1564
1746 22 1567 1566
1747 22 1569 1568
1748 22 1566 1570
1749 22 1568 1571
1750 22 1572 1567
1751 22 1573 1569
1752 22 1575 1574
1753 22 1574 1576
1754 22 1577 1575
1755 22 1570 1578
1756 22 1571 1579
1757 22 1576 1580
1758 22 1582 1581
1759 22 1581 1583
1760 22 1584 1582
1761 22 1583 1585
1762 22 1578 1586
1763 22 1579 1587
1764 22 1580 1588
1765 22 1585 1589
1766 22 1591 1590
1767 22 1590 1592
1768 22 1593 1591
1769 22 1592 1594
1770 22 1594 1595
1771 22 1586 1596
1772 22 1587 1597
1773 22 1588 1598
1774 22 1589 1599
1775 22 1595 1600
1776 22 1602 1601
1777 22 1601 1603
1778 22 1604 1602
1779 22 1603 1605
1780 22 1605 1606
1781 22 1606 1607
1782 22 1596 1608
1783 22 1597 1609
1784 22 1598 1610
1785 22 1599 1611
1786 22 1600 1612
1787 22 1607 1600
1788 22 1614 1613
1789 22 1613 1615
1790 22 1616 1614
1791 22 1615 1617
1792 22 1617 1618
1793 22 1618 1606
1794 22 1608 1619
1795 22 1609 1620
1796 22 1610 1621
1797 22 1611 1622
1798 22 1612 1611
1799 22 1402 1623
1800 22 1401 1624
1801 22 1143 1625
1802 22 1403 1626
1803 22 1404 1627
1804 22 1405 1628
1805 22 1630 1629
1806 22 1629 1631
1807 22 1632 1630
1808 22 1631 1633
1809 22 1633 1617
1810 22 1635 1634
1811 22 1637 1636
1812 22 1639 1638
1813 22 1641 1640
1814 22 1643 1642
1815 22 1645 1644
1816 22 1647 1646
1817 22 1649 1648
1818 22 1651 1650
1819 22 1653 1652
1820 22 1655 1654
1821 22 1657 1656
1822 22 1659 1658
1823 22 1661 1660
1824 22 1663 1662
1825 22 1665 1664
1826 22 1667 1666
1827 22 1669 1668
1828 22 1671 1670
1829 22 1673 1672
1830 22 1675 1674
1831 22 1677 1676
1832 22 1679 1678
1833 22 1681 1680
1834 22 1683 1682
1835 22 1685 1684
1836 22 1687 1686
1837 22 1689 1688
1838 22 B 1690
1839 22 B 1691
1840 22 B 1692
1841 22 B 1693
1842 22 B 1694
1843 22 B 1695
1844 22 B 1696
1845 22 1697 1660
1846 22 1699 1698
1847 22 1701 1700
1848 22 1703 1702
1849 22 B 1704
1850 22 1706 1705
1851 22 1708 1707
1852 22 1710 1709
1853 22 1712 1711
1854 22 1714 1713
1855 22 1716 1715
1856 22 B 1717
1857 22 B 1718
1858 22 1719 1700
1859 22 1721 1720
1860 22 1723 1722
1861 22 B 1724
1862 22 1532 1725
1863 22 1727 1726
1864 22 1537 1728
1865 22 1730 1729
1866 22 1732 1731
1867 22 1734 1733
1868 22 1549 1735
1869 22 1737 1736
1870 22 1739 1738
1871 22 1741 1740
1872 22 B 1742
1873 22 1744 1743
1874 22 B 1745
1875 23 1747 1746
1876 23 1749 1748
1877 23 1751 1750
1878 23 1752 1747
1879 23 1753 1749
1880 23 1754 1751
1881 23 1756 1755
1882 23 1757 1756
1883 23 1758 1752
1884 23 1759 1753
1885 23 1760 1754
1886 23 1761 1757
1887 23 1763 1762
1888 23 1764 1763
1889 23 1765 1764
1890 23 1766 1758
1891 23 1767 1759
1892 23 1768 1760
1893 23 1769 1761
1894 23 1770 1765
1895 23 1772 1771
1896 23 1773 1772
1897 23 1774 1773
1898 23 1775 1774
1899 23 1776 1766
1900 23 1777 1767
1901 23 1778 1768
1902 23 1779 1769
1903 23 1780 1770
1904 23 1781 1775
1905 23 1783 1782
1906 23 1784 1783
1907 23 1785 1784
1908 23 1786 1785
1909 23 1787 1786
1910 23 1788 1776
1911 23 1789 1777
1912 23 1790 1778
1913 23 1791 1779
1914 23 1792 1780
1915 23 1793 1781
1916 23 1781 1787
1917 23 1795 1794
1918 23 1796 1795
1919 23 1797 1796
1920 23 1798 1797
1921 23 1786 1798
1922 23 B 1799
1923 23 1800 1749
1924 23 B 1801
1925 23 1799 1746
1926 23 B 1800
1927 23 1802 1757
1928 23 B 1802
1929 23 1803 1765
1930 23 B 1803
1931 23 1804 1775
1932 23 B 1804
1933 23 1804 1787
1934 23 1805 1788
1935 23 1806 1789
1936 23 1807 1790
1937 23 1808 1791
1938 23 1809 1792
1939 23 1792 1793
1940 23 1811 1810
1941 23 1813 1812
1942 23 1814 1811
1943 23 1815 1810
1944 23 1816 1813
1945 23 1817 1812
1946 23 1819 1818
1947 23 1820 1819
1948 23 1821 1818
1949 23 1822 1814
1950 23 1823 1816
1951 23 1824 1820
1952 23 1826 1825
1953 23 1827 1826
1954 23 1828 1825
1955 23 1829 1827
1956 23 1830 1822
1957 23 1831 1814
1958 23 1832 1823
1959 23 1833 1816
1960 23 1814 1815
1961 23 1816 1817
1962 23 1834 1824
1963 23 1835 1820
1964 23 1820 1821
1965 23 1836 1829
1966 23 1837 1827
1967 23 1827 1828
1968 23 1839 1838
1969 23 1840 1839
1970 23 1841 1838
1971 23 1842 1840
1972 23 1843 1842
1973 23 1844 1840
1974 23 1840 1841
1975 23 1845 1830
1976 23 1846 1832
1977 23 1847 1834
1978 23 1848 1836
1979 23 1849 1843
1980 23 1832 1845
1981 23 1833 1830
1982 23 1850 1846
1983 23 1851 1832
1984 23 1830 1831
1985 23 1832 1833
1986 23 1852 1847
1987 23 1853 1834
1988 23 1834 1835
1989 23 1854 1848
1990 23 1855 1836
1991 23 1836 1837
1992 23 1856 1849
1993 23 1857 1843
1994 23 1843 1844
1995 23 1858 1850
1996 23 1859 1852
1997 23 1860 1854
1998 23 1861 1856
1999 23 1862 1846
2000 23 1863 1787
2001 23 B 1862
2002 23 B 1781
2003 23 B 1863
2004 23 B 1787
2005 23 1853 1850
2006 23 1850 1851
2007 23 1863 1775
2008 23 B 1864
2009 23 B 1865
2010 23 B 1775
2011 23 B 1770
2012 23 1865 1765
2013 23 B 1866
2014 23 B 1765
2015 23 1867 1852
2016 23 1852 1853
2017 23 1864 1824
2018 23 1866 1757
2019 23 B 1868
2020 23 B 1761
2021 23 B 1869
2022 23 B 1757
2023 23 B 1753
2024 23 1869 1749
2025 23 B 1870
2026 23 B 1749
2027 23 1871 1854
2028 23 1854 1855
2029 23 1868 1826
2030 23 1870 1746
2031 23 B 1872
2032 23 B 1747
2033 23 B 1873
2034 23 B 1746
2035 23 B 1750
2036 23 1874 1856
2037 23 1856 1857
2038 24 1876 1875
2039 24 1748 1746
2040 24 1875 1877
2041 24 1746 1750
2042 24 1879 1878
2043 24 1878 1880
2044 24 1881 1876
2045 24 1755 1748
2046 24 1882 1879
2047 24 1884 1883
2048 24 1883 1885
2049 24 1886 1884
2050 24 1887 1881
2051 24 1762 1755
2052 24 1888 1882
2053 24 1889 1886
2054 24 1891 1890
2055 24 1890 1892
2056 24 1893 1891
2057 24 1894 1893
2058 24 1895 1887
2059 24 1771 1762
2060 24 1896 1888
2061 24 1897 1889
2062 24 1898 1894
2063 24 1900 1899
2064 24 1899 1901
2065 24 1902 1900
2066 24 1903 1902
2067 24 1904 1903
2068 24 1905 1895
2069 24 1782 1771
2070 24 1906 1896
2071 24 1907 1897
2072 24 1908 1898
2073 24 1909 1904
2074 24 1911 1910
2075 24 1910 1912
2076 24 1913 1911
2077 24 1914 1913
2078 24 1915 1914
2079 24 1916 1915
2080 24 1917 1905
2081 24 1794 1782
2082 24 1918 1906
2083 24 1919 1907
2084 24 1920 1908
2085 24 1921 1909
2086 24 1909 1916
2087 24 1923 1922
2088 24 1925 1924
2089 24 1927 1926
2090 24 1929 1928
2091 24 1931 1930
2092 24 1933 1932
2093 24 1935 1934
2094 24 1934 1936
2095 24 1937 1935
2096 24 1938 1937
2097 24 1939 1938
2098 24 1915 1939
2099 24 1940 1917
2100 24 1810 1794
2101 24 B 1941
2102 24 B 1812
2103 24 1942 1918
2104 24 1943 1917
2105 24 B 1944
2106 24 B 1945
2107 24 1941 1895
2108 24 1812 1771
2109 24 B 1946
2110 24 B 1818
2111 24 1944 1896
2112 24 1945 1895
2113 24 B 1947
2114 24 B 1948
2115 24 1949 1919
2116 24 B 1950
2117 24 1950 1897
2118 24 B 1951
2119 24 1946 1881
2120 24 1818 1755
2121 24 B 1952
2122 24 B 1825
2123 24 1947 1882
2124 24 1948 1881
2125 24 B 1953
2126 24 B 1954
2127 24 1951 1886
2128 24 B 1955
2129 24 1956 1920
2130 24 1957 1919
2131 24 B 1958
2132 24 B 1959
2133 24 1960 1918
2134 24 B 1961
2135 24 1958 1898
2136 24 1959 1897
2137 24 B 1962
2138 24 B 1963
2139 24 1961 1896
2140 24 B 1964
2141 24 1962 1893
2142 24 1963 1886
2143 24 B 1965
2144 24 B 1966
2145 24 1964 1882
2146 24 B 1967
2147 24 1952 1875
2148 24 1825 1746
2149 24 B 1968
2150 24 B 1838
2151 24 1953 1878
2152 24 1954 1875
2153 24 B 1969
2154 24 B 1970
2155 24 1955 1883
2156 24 B 1971
2157 24 1965 1890
2158 24 1966 1883
2159 24 B 1972
2160 24 B 1973
2161 24 1967 1878
2162 24 B 1974
2163 24 1975 1921
2164 24 B 1976
2165 24 1976 1904
2166 24 B 1977
2167 24 1977 1902
2168 24 B 1978
2169 24 1978 1899
2170 24 B 1979
2171 24 1980 1909
2172 24 1981 1921
2173 24 B 1982
2174 24 B 1983
2175 24 1984 1920
2176 24 B 1985
2177 24 1982 1915
2178 24 1983 1904
2179 24 B 1986
2180 24 B 1987
2181 24 1985 1898
2182 24 B 1988
2183 24 1986 1913
2184 24 1987 1902
2185 24 B 1989
2186 24 B 1990
2187 24 1988 1893
2188 24 B 1991
2189 24 1989 1910
2190 24 1990 1899
2191 24 B 1992
2192 24 B 1993
2193 24 1991 1890
2194 24 B 1994
2195 24 1976 1916
2196 24 B 1995
2197 24 1995 1939
2198 24 B 1996
2199 24 1996 1937
2200 24 B 1997
2201 24 1997 1934
2202 24 B 1998
2203 24 1999 1932
2204 24 1983 2000
2205 24 B 2001
2206 24 2000 2002
2207 24 1909 2000
2208 24 2004 2003
2209 24 1983 1916
2210 24 1985 1909
2211 24 B 2005
2212 24 B 2006
2213 24 1983 2007
2214 24 B 2008
2215 24 1909 2007
2216 24 2010 2009
2217 24 2007 2011
2218 24 1898 2012
2219 24 2014 2013
2220 24 2005 1939
2221 24 2006 1915
2222 24 B 2015
2223 24 B 2016
2224 24 2017 1928
2225 24 1963 2018
2226 24 B 2019
2227 24 2012 2020
2228 24 1889 2018
2229 24 2022 2021
2230 24 2018 2023
2231 24 1882 2024
2232 24 2026 2025
2233 24 2015 1937
2234 24 2016 1913
2235 24 B 2027
2236 24 B 2028
2237 24 2029 1922
2238 24 1954 2030
2239 24 B 2031
2240 24 2024 2032
2241 24 1876 2030
2242 24 2034 2033
2243 24 2030 2035
2244 24 1746 1873
2245 24 2027 1934
2246 24 2028 1910
2247 24 B 2036
2248 24 B 2037
2249 25 2039 2038
2250 25 2041 2040
2251 25 2038 2042
2252 25 2040 2043
2253 25 2045 2044
2254 25 2044 2046
2255 25 1750 1877
2256 25 1877 1880
2257 25 2042 2047
2258 25 2043 2048
2259 25 2046 2049
2260 25 1880 1885
2261 25 2051 2050
2262 25 2050 2052
2263 25 2052 2053
2264 25 2047 2054
2265 25 2048 2055
2266 25 2049 2056
2267 25 1885 1892
2268 25 2053 2057
2269 25 2059 2058
2270 25 2058 2060
2271 25 2060 2061
2272 25 2061 2062
2273 25 2054 2063
2274 25 2055 2064
2275 25 2056 2065
2276 25 1892 1901
2277 25 2057 2066
2278 25 2062 2067
2279 25 2069 2068
2280 25 2068 2070
2281 25 2070 2071
2282 25 2071 2072
2283 25 2072 2073
2284 25 2063 2074
2285 25 2064 2075
2286 25 2065 2076
2287 25 1901 1912
2288 25 2066 2077
2289 25 2067 2078
2290 25 2073 2079
2291 25 2081 2080
2292 25 2080 2082
2293 25 2082 2083
2294 25 2083 2084
2295 25 2084 2085
2296 25 2085 2086
2297 25 2038 2087
2298 25 2046 2089
2299 25 2041 2088
2300 25 2053 2090
2301 25 2062 2091
2302 25 2073 2092
2303 25 2086 2092
2304 25 2074 2093
2305 25 2075 2094
2306 25 2076 2095
2307 25 1912 1936
2308 25 2077 2096
2309 25 2078 2097
2310 25 2079 2098
2311 25 2086 2079
2312 25 2100 2099
2313 25 2102 2101
2314 25 2104 2103
2315 25 2106 2105
2316 25 2100 2104
2317 25 2102 2106
2318 25 2108 2107
2319 25 2110 2109
2320 25 2112 2111
2321 25 2114 2113
2322 25 2108 2112
2323 25 2110 2114
2324 25 2103 2115
2325 25 2105 2116
2326 25 2111 2117
2327 25 2113 2118
2328 25 2120 2119
2329 25 2122 2121
2330 25 2124 2123
2331 25 2126 2125
2332 25 2120 2124
2333 25 2122 2126
2334 25 2123 2127
2335 25 2125 2128
2336 25 2130 2129
2337 25 2132 2131
2338 25 2133 2130
2339 25 2134 2132
2340 25 2136 2135
2341 25 2138 2137
2342 25 2139 2136
2343 25 2140 2138
2344 25 2142 2141
2345 25 2144 2143
2346 25 2145 2142
2347 25 2146 2144
2348 25 2148 2147
2349 25 2150 2149
2350 25 2152 2151
2351 25 2154 2153
2352 25 2148 2152
2353 25 2150 2154
2354 25 2151 2155
2355 25 2153 2156
2356 25 2158 2157
2357 25 2160 2159
2358 25 2161 2158
2359 25 2162 2160
2360 25 2129 2163
2361 25 2131 2164
2362 25 2135 2165
2363 25 2137 2166
2364 25 2141 2167
2365 25 2143 2168
2366 25 2157 2169
2367 25 2159 2170
2368 25 2172 2171
2369 25 2174 2173
2370 25 2175 2172
2371 25 2176 2174
2372 25 2178 2177
2373 25 2180 2179
2374 25 2181 2178
2375 25 2182 2180
2376 25 2184 2183
2377 25 2186 2185
2378 25 2187 2184
2379 25 2188 2186
2380 25 2190 2189
2381 25 2192 2191
2382 25 2193 2190
2383 25 2194 2192
2384 25 2171 2195
2385 25 2173 2196
2386 25 2177 2197
2387 25 2179 2198
2388 25 2183 2199
2389 25 2185 2200
2390 25 2189 2201
2391 25 2191 2202
2392 25 2204 2203
2393 25 2207 2206
2394 25 2208 2003
2395 25 2210 2209
2396 25 2212 2211
2397 25 2213 2203
2398 25 2215 2206
2399 25 2216 2003
2400 25 2218 2217
2401 25 2219 2009
2402 25 2221 2220
2403 25 2223 2222
2404 25 2225 2224
2405 25 2228 2227
2406 25 2229 2013
2407 25 2231 2230
2408 25 2232 2021
2409 25 2234 2233
2410 25 2236 2235
2411 25 2238 2237
2412 25 2241 2240
2413 25 2242 2025
2414 25 2244 2243
2415 25 B 2033
2416 25 2246 2245
2417 25 2248 2247
2418 26 2250 2249
2419 26 2252 2251
2420 26 2249 2253
2421 26 2251 2254
2422 26 2255 2250
2423 26 2256 2252
2424 26 2258 2257
2425 26 2257 2259
2426 26 2260 2258
2427 26 2253 2261
2428 26 2254 2262
2429 26 2259 2263
2430 26 2265 2264
2431 26 2264 2266
2432 26 2267 2265
2433 26 2266 2268
2434 26 2261 2269
2435 26 2262 2270
2436 26 2263 2271
2437 26 2268 2272
2438 26 2274 2273
2439 26 2273 2275
2440 26 2276 2274
2441 26 2275 2277
2442 26 2277 2278
2443 26 2269 2279
2444 26 2270 2280
2445 26 2271 2281
2446 26 2272 2282
2447 26 2278 2283
2448 26 2285 2284
2449 26 2284 2286
2450 26 2287 2285
2451 26 2286 2288
2452 26 2288 2289
2453 26 2289 2290
2454 26 2279 2291
2455 26 2280 2292
2456 26 2281 2293
2457 26 2282 2294
2458 26 2283 2295
2459 26 2290 2296
2460 26 2088 2297
2461 26 2087 2298
2462 26 1801 2299
2463 26 2089 2300
2464 26 2090 2301
2465 26 2091 2302
2466 26 2092 2303
2467 26 2305 2304
2468 26 2304 2306
2469 26 2307 2305
2470 26 2306 2308
2471 26 2308 2309
2472 26 2309 2310
2473 26 2310 2311
2474 26 2313 2312
2475 26 2315 2314
2476 26 2317 2316
2477 26 2319 2318
2478 26 2321 2320
2479 26 2323 2322
2480 26 2325 2324
2481 26 2327 2326
2482 26 2329 2328
2483 26 2331 2330
2484 26 2333 2332
2485 26 2335 2334
2486 26 2337 2336
2487 26 2339 2338
2488 26 2341 2340
2489 26 2343 2342
2490 26 2345 2344
2491 26 2347 2346
2492 26 2349 2348
2493 26 2351 2350
2494 26 2353 2352
2495 26 2355 2354
2496 26 2357 2356
2497 26 2359 2358
2498 26 2361 2360
2499 26 2363 2362
2500 26 2365 2364
2501 26 2367 2366
2502 26 2369 2368
2503 26 2371 2370
2504 26 2373 2372
2505 26 2375 2374
2506 26 2377 2376
2507 26 2379 2378
2508 26 2381 2380
2509 26 2383 2382
2510 26 2385 2384
2511 26 2387 2386
2512 26 2389 2388
2513 26 2391 2390
2514 26 2205 2392
2515 26 2394 2393
2516 26 2396 2395
2517 26 2214 2397
2518 26 2399 2398
2519 26 2401 2400
2520 26 2403 2402
2521 26 2226 2404
2522 26 2406 2405
2523 26 2408 2407
2524 26 2410 2409
2525 26 2239 2411
2526 26 2413 2412
2527 26 2415 2414
2528 26 2417 2416
2529 27 2419 2418
2530 27 2421 2420
2531 27 2423 2422
2532 27 2424 2419
2533 27 2425 2421
2534 27 2426 2423
2535 27 2428 2427
2536 27 2429 2428
2537 27 2430 2424
2538 27 2431 2425
2539 27 2432 2426
2540 27 2433 2429
2541 27 2435 2434
2542 27 2436 2435
2543 27 2437 2436
2544 27 2438 2430
2545 27 2439 2431
2546 27 2440 2432
2547 27 2441 2433
2548 27 2442 2437
2549 27 2444 2443
2550 27 2445 2444
2551 27 2446 2445
2552 27 2447 2446
2553 27 2448 2438
2554 27 2449 2439
2555 27 2450 2440
2556 27 2451 2441
2557 27 2452 2442
2558 27 2453 2447
2559 27 2455 2454
2560 27 2456 2455
2561 27 2457 2456
2562 27 2458 2457
2563 27 2459 2458
2564 27 B 2460
2565 27 2461 2421
2566 27 B 2462
2567 27 2460 2418
2568 27 B 2461
2569 27 2463 2429
2570 27 B 2463
2571 27 2464 2437
2572 27 B 2464
2573 27 2465 2447
2574 27 B 2465
2575 27 2466 2459
2576 27 2467 2448
2577 27 2468 2449
2578 27 2469 2450
2579 27 2470 2451
2580 27 2471 2452
2581 27 2472 2453
2582 27 2473 2459
2583 27 2475 2474
2584 27 2478 2477
2585 27 2480 2475
2586 27 2481 2478
2587 27 2483 2482
2588 27 2485 2483
2589 27 2486 2480
2590 27 2487 2475
2591 27 2488 2481
2592 27 2489 2478
2593 27 2475 2476
2594 27 2478 2479
2595 27 2490 2485
2596 27 2491 2483
2597 27 2483 2484
2598 27 2493 2492
2599 27 2495 2493
2600 27 2496 2495
2601 27 2497 2493
2602 27 2493 2494
2603 27 2498 2486
2604 27 2499 2488
2605 27 2500 2490
2606 27 2501 2496
2607 27 2502 2498
2608 27 2503 2486
2609 27 2504 2499
2610 27 2505 2488
2611 27 2486 2487
2612 27 2488 2489
2613 27 2506 2500
2614 27 2507 2490
2615 27 2490 2491
2616 27 2508 2501
2617 27 2509 2496
2618 27 2496 2497
2619 27 2510 2502
2620 27 2511 2504
2621 27 2512 2506
2622 27 2513 2508
2623 27 B 2466
2624 27 2514 2510
2625 27 2515 2459
2626 27 2516 2502
2627 27 B 2517
2628 27 B 2453
2629 27 2518 2447
2630 27 B 2518
2631 27 B 2519
2632 27 B 2447
2633 27 2502 2503
2634 27 2520 2504
2635 27 2504 2505
2636 27 2517 2499
2637 27 2519 2437
2638 27 B 2521
2639 27 B 2442
2640 27 B 2522
2641 27 B 2437
2642 27 B 2433
2643 27 2522 2429
2644 27 B 2523
2645 27 B 2429
2646 27 2524 2506
2647 27 2506 2507
2648 27 2521 2485
2649 27 2523 2421
2650 27 B 2525
2651 27 B 2425
2652 27 B 2526
2653 27 B 2421
2654 27 B 2419
2655 27 2526 2418
2656 27 B 2527
2657 27 B 2418
2658 27 2528 2508
2659 27 2508 2509
2660 27 2525 2492
2661 27 B 2422
2662 28 2530 2529
2663 28 2420 2418
2664 28 2529 2531
2665 28 2418 2422
2666 28 2533 2532
2667 28 2532 2534
2668 28 2535 2530
2669 28 2427 2420
2670 28 2536 2533
2671 28 2538 2537
2672 28 2537 2539
2673 28 2540 2538
2674 28 2541 2535
2675 28 2434 2427
2676 28 2542 2536
2677 28 2543 2540
2678 28 2545 2544
2679 28 2544 2546
2680 28 2547 2545
2681 28 2548 2547
2682 28 2549 2541
2683 28 2443 2434
2684 28 2550 2542
2685 28 2551 2543
2686 28 2552 2548
2687 28 2554 2553
2688 28 2553 2555
2689 28 2556 2554
2690 28 2557 2556
2691 28 2558 2557
2692 28 2559 2549
2693 28 2454 2443
2694 28 2560 2550
2695 28 2561 2551
2696 28 2562 2552
2697 28 2563 2558
2698 28 2565 2564
2699 28 2567 2566
2700 28 2569 2568
2701 28 2571 2570
2702 28 2573 2572
2703 28 2575 2574
2704 28 2577 2576
2705 28 2576 2578
2706 28 2579 2577
2707 28 2580 2579
2708 28 2581 2580
2709 28 2582 2581
2710 28 2583 2559
2711 28 2476 2454
2712 28 B 2584
2713 28 B 2479
2714 28 2585 2560
2715 28 B 2586
2716 28 2584 2541
2717 28 2479 2434
2718 28 B 2587
2719 28 B 2484
2720 28 2586 2542
2721 28 B 2588
2722 28 2589 2561
2723 28 2590 2560
2724 28 B 2591
2725 28 B 2592
2726 28 2593 2559
2727 28 B 2594
2728 28 2591 2543
2729 28 2592 2542
2730 28 B 2595
2731 28 B 2596
2732 28 2594 2541
2733 28 B 2597
2734 28 2587 2530
2735 28 2484 2420
2736 28 B 2598
2737 28 B 2494
2738 28 2588 2533
2739 28 B 2599
2740 28 2595 2538
2741 28 2596 2533
2742 28 B 2600
2743 28 B 2601
2744 28 2597 2530
2745 28 B 2602
2746 28 2603 2562
2747 28 B 2604
2748 28 2604 2548
2749 28 B 2605
2750 28 2605 2545
2751 28 B 2606
2752 28 2598 2531
2753 28 2494 2422
2754 28 2599 2534
2755 28 2600 2539
2756 28 2601 2534
2757 28 2602 2531
2758 28 2606 2546
2759 28 2607 2563
2760 28 2608 2562
2761 28 B 2609
2762 28 B 2610
2763 28 2611 2561
2764 28 B 2612
2765 28 2609 2557
2766 28 2610 2548
2767 28 B 2613
2768 28 B 2614
2769 28 2612 2543
2770 28 B 2615
2771 28 2613 2554
2772 28 2614 2545
2773 28 B 2616
2774 28 B 2617
2775 28 2615 2538
2776 28 B 2618
2777 28 2616 2555
2778 28 2617 2546
2779 28 2618 2539
2780 28 2619 2582
2781 28 B 2620
2782 28 2620 2580
2783 28 B 2621
2784 28 2621 2577
2785 28 B 2622
2786 28 2622 2578
2787 28 2624 2623
2788 28 2626 2625
2789 28 B 2627
2790 28 2625 2628
2791 28 2563 2629
2792 28 2632 2631
2793 28 2626 2582
2794 28 2633 2563
2795 28 B 2634
2796 28 B 2635
2797 28 2636 2572
2798 28 2610 2637
2799 28 B 2638
2800 28 2629 2639
2801 28 2552 2637
2802 28 2641 2640
2803 28 2637 2642
2804 28 2543 2643
2805 28 2645 2644
2806 28 2634 2580
2807 28 2635 2557
2808 28 B 2646
2809 28 B 2647
2810 28 2648 2568
2811 28 2596 2649
2812 28 B 2650
2813 28 2643 2651
2814 28 2536 2649
2815 28 2653 2652
2816 28 2649 2654
2817 28 2530 2655
2818 28 2657 2656
2819 28 2646 2577
2820 28 2647 2554
2821 28 B 2658
2822 28 B 2659
2823 28 2660 2566
2824 28 2494 2527
2825 28 2655 2661
2826 28 2418 2527
2827 28 2658 2578
2828 28 2659 2555
2829 29 2663 2662
2830 29 2665 2664
2831 29 2662 2666
2832 29 2664 2667
2833 29 2669 2668
2834 29 2668 2670
2835 29 2422 2531
2836 29 2531 2534
2837 29 2666 2671
2838 29 2667 2672
2839 29 2670 2673
2840 29 2534 2539
2841 29 2675 2674
2842 29 2674 2676
2843 29 2676 2677
2844 29 2671 2678
2845 29 2672 2679
2846 29 2673 2680
2847 29 2539 2546
2848 29 2677 2681
2849 29 2683 2682
2850 29 2682 2684
2851 29 2684 2685
2852 29 2685 2686
2853 29 2678 2687
2854 29 2679 2688
2855 29 2680 2689
2856 29 2546 2555
2857 29 2681 2690
2858 29 2686 2691
2859 29 2693 2692
2860 29 2692 2694
2861 29 2694 2695
2862 29 2695 2696
2863 29 2696 2697
2864 29 2662 2698
2865 29 2670 2700
2866 29 2665 2699
2867 29 2677 2701
2868 29 2686 2702
2869 29 2697 2703
2870 29 2687 2704
2871 29 2688 2705
2872 29 2689 2706
2873 29 2555 2578
2874 29 2690 2707
2875 29 2691 2708
2876 29 2697 2709
2877 29 2711 2710
2878 29 2713 2712
2879 29 2710 2714
2880 29 2712 2715
2881 29 2717 2716
2882 29 2719 2718
2883 29 2716 2720
2884 29 2718 2721
2885 29 2723 2722
2886 29 2725 2724
2887 29 2726 2723
2888 29 2727 2725
2889 29 2729 2728
2890 29 2731 2730
2891 29 2732 2729
2892 29 2733 2731
2893 29 2735 2734
2894 29 2737 2736
2895 29 2734 2738
2896 29 2736 2739
2897 29 2741 2740
2898 29 2743 2742
2899 29 2744 2741
2900 29 2745 2743
2901 29 2722 2746
2902 29 2724 2747
2903 29 2728 2748
2904 29 2730 2749
2905 29 2740 2750
2906 29 2742 2751
2907 29 2753 2752
2908 29 2752 2754
2909 29 2756 2755
2910 29 2757 2756
2911 29 2755 2758
2912 29 2760 2759
2913 29 2762 2761
2914 29 2763 2760
2915 29 2764 2762
2916 29 2766 2765
2917 29 2768 2767
2918 29 2769 2766
2919 29 2770 2768
2920 29 2772 2771
2921 29 2774 2773
2922 29 2775 2772
2923 29 2776 2774
2924 29 2778 2777
2925 29 2779 2778
2926 29 2759 2780
2927 29 2761 2781
2928 29 2765 2782
2929 29 2767 2783
2930 29 2771 2784
2931 29 2773 2785
2932 29 2777 2786
2933 29 2788 2787
2934 29 2791 2790
2935 29 2792 2630
2936 29 2794 2793
2937 29 2796 2795
2938 29 2798 2797
2939 29 2801 2800
2940 29 2802 2631
2941 29 2804 2803
2942 29 2805 2640
2943 29 2807 2806
2944 29 2809 2808
2945 29 2811 2810
2946 29 2814 2813
2947 29 2815 2644
2948 29 2817 2816
2949 29 2818 2652
2950 29 2820 2819
2951 29 2822 2821
2952 29 2824 2823
2953 29 2826 2825
2954 29 B 2656
2955 29 2828 2827
2956 30 2830 2829
2957 30 2832 2831
2958 30 2829 2833
2959 30 2831 2834
2960 30 2835 2830
2961 30 2836 2832
2962 30 2838 2837
2963 30 2837 2839
2964 30 2840 2838
2965 30 2833 2841
2966 30 2834 2842
2967 30 2839 2843
2968 30 2845 2844
2969 30 2844 2846
2970 30 2847 2845
2971 30 2846 2848
2972 30 2841 2849
2973 30 2842 2850
2974 30 2843 2851
2975 30 2848 2852
2976 30 2854 2853
2977 30 2853 2855
2978 30 2856 2854
2979 30 2855 2857
2980 30 2857 2858
2981 30 2849 2859
2982 30 2850 2860
2983 30 2851 2861
2984 30 2852 2862
2985 30 2858 2863
2986 30 2699 2864
2987 30 2698 2865
2988 30 2462 2866
2989 30 2700 2867
2990 30 2701 2868
2991 30 2702 2869
2992 30 2871 2870
2993 30 2870 2872
2994 30 2873 2871
2995 30 2872 2874
2996 30 2874 2875
2997 30 2875 2876
2998 30 2878 2877
2999 30 2880 2879
3000 30 2882 2881
3001 30 2884 2883
3002 30 2886 2885
3003 30 2888 2887
3004 30 2890 2889
3005 30 2892 2891
3006 30 2894 2893
3007 30 2896 2895
3008 30 2898 2897
3009 30 2900 2899
3010 30 2902 2901
3011 30 2904 2903
3012 30 2906 2905
3013 30 B 2907
3014 30 B 2908
3015 30 B 2909
3016 30 B 2910
3017 30 B 2911
3018 30 2913 2912
3019 30 2915 2914
3020 30 2917 2916
3021 30 2919 2918
3022 30 2921 2920
3023 30 2923 2922
3024 30 B 2924
3025 30 B 2925
3026 30 2927 2926
3027 30 2929 2928
3028 30 2931 2930
3029 30 B 2932
3030 30 2789 2933
3031 30 2935 2934
3032 30 2937 2936
3033 30 2799 2938
3034 30 2940 2939
3035 30 2942 2941
3036 30 2944 2943
3037 30 2812 2945
3038 30 2947 2946
3039 30 2949 2948
3040 30 2951 2950
3041 30 B 2952
3042 30 2954 2953
3043 30 B 2955
3044 31 2957 2956
3045 31 2959 2958
3046 31 2961 2960
3047 31 2962 2957
3048 31 2963 2959
3049 31 2964 2961
3050 31 2966 2965
3051 31 2967 2966
3052 31 2968 2962
3053 31 2969 2963
3054 31 2970 2964
3055 31 2971 2967
3056 31 2973 2972
3057 31 2974 2973
3058 31 2975 2974
3059 31 2976 2968
3060 31 2977 2969
3061 31 2978 2970
3062 31 2979 2971
3063 31 2980 2975
3064 31 2982 2981
3065 31 2983 2982
3066 31 2984 2983
3067 31 2985 2984
3068 31 B 2986
3069 31 2987 2959
3070 31 B 2988
3071 31 2986 2956
3072 31 B 2987
3073 31 2989 2967
3074 31 B 2989
3075 31 2990 2975
3076 31 B 2990
3077 31 2991 2985
3078 31 2992 2976
3079 31 2993 2977
3080 31 2994 2978
3081 31 2995 2979
3082 31 2996 2980
3083 31 2997 2985
3084 31 2999 2998
3085 31 3001 3000
3086 31 3002 2999
3087 31 3003 2998
3088 31 3004 3001
3089 31 3005 3000
3090 31 3007 3006
3091 31 3008 3007
3092 31 3009 3006
3093 31 3010 3002
3094 31 3011 3004
3095 31 3012 3008
3096 31 3014 3013
3097 31 3015 3014
3098 31 3016 3013
3099 31 3017 3015
3100 31 3018 3010
3101 31 3019 3002
3102 31 3020 3011
3103 31 3021 3004
3104 31 3002 3003
3105 31 3004 3005
3106 31 3022 3012
3107 31 3023 3008
3108 31 3008 3009
3109 31 3024 3017
3110 31 3025 3015
3111 31 3015 3016
3112 31 3026 3018
3113 31 3027 3020
3114 31 3028 3022
3115 31 3029 3024
3116 31 B 2991
3117 31 3030 3026
3118 31 3031 2985
3119 31 3032 3018
3120 31 B 3033
3121 31 B 2980
3122 31 3034 2975
3123 31 B 3034
3124 31 B 3035
3125 31 B 2975
3126 31 3018 3019
3127 31 3036 3020
3128 31 3020 3021
3129 31 3033 3011
3130 31 3035 2967
3131 31 B 3037
3132 31 B 2971
3133 31 B 3038
3134 31 B 2967
3135 31 B 2963
3136 31 3038 2959
3137 31 B 3039
3138 31 B 2959
3139 31 3040 3022
3140 31 3022 3023
3141 31 3037 3007
3142 31 3039 2956
3143 31 B 3041
3144 31 B 2957
3145 31 B 3042
3146 31 B 2956
3147 31 B 2960
3148 31 3043 3024
3149 31 3024 3025
3150 32 3045 3044
3151 32 2958 2956
3152 32 3044 3046
3153 32 2956 2960
3154 32 3048 3047
3155 32 3047 3049
3156 32 3050 3045
3157 32 2965 2958
3158 32 3051 3048
3159 32 3053 3052
3160 32 3052 3054
3161 32 3055 3053
3162 32 3056 3050
3163 32 2972 2965
3164 32 3057 3051
3165 32 3058 3055
3166 32 3060 3059
3167 32 3059 3061
3168 32 3062 3060
3169 32 3063 3062
3170 32 3064 3056
3171 32 2981 2972
3172 32 3065 3057
3173 32 3066 3058
3174 32 3067 3063
3175 32 3069 3068
3176 32 3071 3070
3177 32 3073 3072
3178 32 3075 3074
3179 32 3077 3076
3180 32 3079 3078
3181 32 3078 3080
3182 32 3081 3079
3183 32 3082 3081
3184 32 3083 3082
3185 32 3084 3064
3186 32 2998 2981
3187 32 B 3085
3188 32 B 3000
3189 32 3086 3065
3190 32 3087 3064
3191 32 B 3088
3192 32 B 3089
3193 32 3085 3050
3194 32 3000 2965
3195 32 B 3090
3196 32 B 3006
3197 32 3088 3051
3198 32 3089 3050
3199 32 B 3091
3200 32 B 3092
3201 32 3093 3066
3202 32 B 3094
3203 32 3094 3055
3204 32 B 3095
3205 32 3090 3044
3206 32 3006 2956
3207 32 B 3096
3208 32 B 3013
3209 32 3091 3047
3210 32 3092 3044
3211 32 B 3097
3212 32 B 3098
3213 32 3095 3052
3214 32 B 3099
3215 32 3100 3067
3216 32 3101 3066
3217 32 B 3102
3218 32 B 3103
3219 32 3104 3065
3220 32 B 3105
3221 32 3102 3062
3222 32 3103 3055
3223 32 B 3106
3224 32 B 3107
3225 32 3105 3051
3226 32 B 3108
3227 32 3106 3059
3228 32 3107 3052
3229 32 B 3109
3230 32 B 3110
3231 32 3108 3047
3232 32 B 3111
3233 32 3112 3083
3234 32 B 3113
3235 32 3113 3081
3236 32 B 3114
3237 32 3114 3078
3238 32 B 3115
3239 32 3117 3116
3240 32 3119 3118
3241 32 B 3120
3242 32 3118 3121
3243 32 3067 3122
3244 32 3125 3124
3245 32 3119 3083
3246 32 3126 3067
3247 32 B 3127
3248 32 B 3128
3249 32 3129 3074
3250 32 3103 3130
3251 32 B 3131
3252 32 3122 3132
3253 32 3058 3130
3254 32 3134 3133
3255 32 3130 3135
3256 32 3051 3136
3257 32 3138 3137
3258 32 3127 3081
3259 32 3128 3062
3260 32 B 3139
3261 32 B 3140
3262 32 3141 3068
3263 32 3092 3142
3264 32 B 3143
3265 32 3136 3144
3266 32 3045 3142
3267 32 3146 3145
3268 32 3142 3147
3269 32 2956 3042
3270 32 3139 3078
3271 32 3140 3059
3272 32 B 3148
3273 32 B 3149
3274 33 3151 3150
3275 33 3153 3152
3276 33 3150 3154
3277 33 3152 3155
3278 33 3157 3156
3279 33 3156 3158
3280 33 2960 3046
3281 33 3046 3049
3282 33 3154 3159
3283 33 3155 3160
3284 33 3158 3161
3285 33 3049 3054
3286 33 3163 3162
3287 33 3162 3164
3288 33 3164 3165
3289 33 3159 3166
3290 33 3160 3167
3291 33 3161 3168
3292 33 3054 3061
3293 33 3165 3169
3294 33 3171 3170
3295 33 3170 3172
3296 33 3172 3173
3297 33 3173 3174
3298 33 3150 3175
3299 33 3158 3177
3300 33 3153 3176
3301 33 3165 3178
3302 33 3174 3179
3303 33 3166 3180
3304 33 3167 3181
3305 33 3168 3182
3306 33 3061 3080
3307 33 3169 3183
3308 33 3174 3184
3309 33 3186 3185
3310 33 3188 3187
3311 33 3190 3189
3312 33 3192 3191
3313 33 3186 3190
3314 33 3188 3192
3315 33 3194 3193
3316 33 3196 3195
3317 33 3198 3197
3318 33 3200 3199
3319 33 3194 3198
3320 33 3196 3200
3321 33 3189 3201
3322 33 3191 3202
3323 33 3197 3203
3324 33 3199 3204
3325 33 3206 3205
3326 33 3208 3207
3327 33 3210 3209
3328 33 3212 3211
3329 33 3206 3210
3330 33 3208 3212
3331 33 3209 3213
3332 33 3211 3214
3333 33 3216 3215
3334 33 3218 3217
3335 33 3219 3216
3336 33 3220 3218
3337 33 3222 3221
3338 33 3224 3223
3339 33 3225 3222
3340 33 3226 3224
3341 33 3228 3227
3342 33 3230 3229
3343 33 3231 3228
3344 33 3232 3230
3345 33 3215 3233
3346 33 3217 3234
3347 33 3221 3235
3348 33 3223 3236
3349 33 3227 3237
3350 33 3229 3238
3351 33 3240 3239
3352 33 3243 3242
3353 33 3244 3123
3354 33 3246 3245
3355 33 3248 3247
3356 33 3250 3249
3357 33 3253 3252
3358 33 3254 3124
3359 33 3256 3255
3360 33 3257 3133
3361 33 3259 3258
3362 33 3261 3260
3363 33 3263 3262
3364 33 3266 3265
3365 33 3267 3137
3366 33 3269 3268
3367 33 B 3145
3368 33 3271 3270
3369 33 3273 3272
3370 34 3275 3274
3371 34 3277 3276
3372 34 3274 3278
3373 34 3276 3279
3374 34 3280 3275
3375 34 3281 3277
3376 34 3283 3282
3377 34 3282 3284
3378 34 3285 3283
3379 34 3278 3286
3380 34 3279 3287
3381 34 3284 3288
3382 34 3290 3289
3383 34 3289 3291
3384 34 3292 3290
3385 34 3291 3293
3386 34 3286 3294
3387 34 3287 3295
3388 34 3288 3296
3389 34 3293 3297
3390 34 3176 3298
3391 34 3175 3299
3392 34 2988 3300
3393 34 3177 3301
3394 34 3178 3302
3395 34 3304 3303
3396 34 3303 3305
3397 34 3306 3304
3398 34 3305 3307
3399 34 3307 3308
3400 34 3310 3309
3401 34 3312 3311
3402 34 3314 3313
3403 34 3316 3315
3404 34 3318 3317
3405 34 3320 3319
3406 34 3322 3321
3407 34 3324 3323
3408 34 3326 3325
3409 34 3328 3327
3410 34 3330 3329
3411 34 3332 3331
3412 34 3334 3333
3413 34 3336 3335
3414 34 3338 3337
3415 34 3340 3339
3416 34 3342 3341
3417 34 3344 3343
3418 34 3346 3345
3419 34 3348 3347
3420 34 3350 3349
3421 34 3241 3351
3422 34 3353 3352
3423 34 3355 3354
3424 34 3251 3356
3425 34 3358 3357
3426 34 3360 3359
3427 34 3362 3361
3428 34 3264 3363
3429 34 3365 3364
3430 34 3367 3366
3431 34 3369 3368
3432 35 3371 3370
3433 35 3373 3372
3434 35 3375 3374
3435 35 3376 3371
3436 35 3377 3373
3437 35 3378 3375
3438 35 3380 3379
3439 35 3381 3380
3440 35 3382 3376
3441 35 3383 3377
3442 35 3384 3378
3443 35 3385 3381
3444 35 3387 3386
3445 35 3388 3387
3446 35 3389 3388
3447 35 B 3390
3448 35 3391 3373
3449 35 B 3392
3450 35 3390 3370
3451 35 B 3391
3452 35 3393 3381
3453 35 B 3393
3454 35 3394 3389
3455 35 3395 3382
3456 35 3396 3383
3457 35 3397 3384
3458 35 3398 3385
3459 35 3399 3389
3460 35 3401 3400
3461 35 3404 3403
3462 35 3406 3401
3463 35 3407 3404
3464 35 3409 3408
3465 35 3411 3409
3466 35 3412 3406
3467 35 3413 3401
3468 35 3414 3407
3469 35 3415 3404
3470 35 3401 3402
3471 35 3404 3405
3472 35 3416 3411
3473 35 3417 3409
3474 35 3409 3410
3475 35 3418 3412
3476 35 3419 3414
3477 35 3420 3416
3478 35 B 3394
3479 35 3421 3418
3480 35 3422 3389
3481 35 3423 3412
3482 35 B 3424
3483 35 B 3385
3484 35 3425 3381
3485 35 B 3425
3486 35 B 3426
3487 35 B 3381
3488 35 3412 3413
3489 35 3427 3414
3490 35 3414 3415
3491 35 3424 3407
3492 35 3426 3373
3493 35 B 3428
3494 35 B 3377
3495 35 B 3429
3496 35 B 3373
3497 35 B 3371
3498 35 3429 3370
3499 35 B 3430
3500 35 B 3370
3501 35 3431 3416
3502 35 3416 3417
3503 35 3428 3408
3504 35 B 3374
3505 36 3433 3432
3506 36 3372 3370
3507 36 3432 3434
3508 36 3370 3374
3509 36 3436 3435
3510 36 3435 3437
3511 36 3438 3433
3512 36 3379 3372
3513 36 3439 3436
3514 36 3441 3440
3515 36 3440 3442
3516 36 3443 3441
3517 36 3444 3438
3518 36 3386 3379
3519 36 3445 3439
3520 36 3446 3443
3521 36 3448 3447
3522 36 3450 3449
3523 36 3452 3451
3524 36 3454 3453
3525 36 3456 3455
3526 36 3455 3457
3527 36 3458 3456
3528 36 3459 3458
3529 36 3460 3444
3530 36 3402 3386
3531 36 B 3461
3532 36 B 3405
3533 36 3462 3445
3534 36 B 3463
3535 36 3461 3433
3536 36 3405 3372
3537 36 B 3464
3538 36 B 3410
3539 36 3463 3436
3540 36 B 3465
3541 36 3466 3446
3542 36 3467 3445
3543 36 B 3468
3544 36 B 3469
3545 36 3470 3444
3546 36 B 3471
3547 36 3468 3441
3548 36 3469 3436
3549 36 B 3472
3550 36 B 3473
3551 36 3471 3433
3552 36 B 3474
3553 36 3464 3434
3554 36 3410 3374
3555 36 3465 3437
3556 36 3472 3442
3557 36 3473 3437
3558 36 3474 3434
3559 36 3475 3459
3560 36 B 3476
3561 36 3476 3456
3562 36 B 3477
3563 36 3477 3457
3564 36 3479 3478
3565 36 3481 3480
3566 36 B 3482
3567 36 3480 3483
3568 36 3446 3484
3569 36 3487 3486
3570 36 3481 3459
3571 36 3488 3446
3572 36 B 3489
3573 36 B 3490
3574 36 3491 3451
3575 36 3469 3492
3576 36 B 3493
3577 36 3484 3494
3578 36 3439 3492
3579 36 3496 3495
3580 36 3492 3497
3581 36 3433 3498
3582 36 3500 3499
3583 36 3489 3456
3584 36 3490 3441
3585 36 B 3501
3586 36 B 3502
3587 36 3503 3449
3588 36 3410 3430
3589 36 3498 3504
3590 36 3370 3430
3591 36 3501 3457
3592 36 3502 3442
3593 37 3506 3505
3594 37 3508 3507
3595 37 3505 3509
3596 37 3507 3510
3597 37 3512 3511
3598 37 3511 3513
3599 37 3374 3434
3600 37 3434 3437
3601 37 3509 3514
3602 37 3510 3515
3603 37 3513 3516
3604 37 3437 3442
3605 37 3518 3517
3606 37 3517 3519
3607 37 3519 3520
3608 37 3505 3521
3609 37 3513 3523
3610 37 3508 3522
3611 37 3520 3524
3612 37 3514 3525
3613 37 3515 3526
3614 37 3516 3527
3615 37 3442 3457
3616 37 3520 3528
3617 37 3530 3529
3618 37 3532 3531
3619 37 3529 3533
3620 37 3531 3534
3621 37 3536 3535
3622 37 3538 3537
3623 37 3535 3539
3624 37 3537 3540
3625 37 3542 3541
3626 37 3544 3543
3627 37 3545 3542
3628 37 3546 3544
3629 37 3548 3547
3630 37 3550 3549
3631 37 3551 3548
3632 37 3552 3550
3633 37 3554 3553
3634 37 3553 3555
3635 37 3557 3556
3636 37 3558 3557
3637 37 3541 3559
3638 37 3543 3560
3639 37 3547 3561
3640 37 3549 3562
3641 37 3556 3563
3642 37 3565 3564
3643 37 3568 3567
3644 37 3569 3485
3645 37 3571 3570
3646 37 3573 3572
3647 37 3575 3574
3648 37 3578 3577
3649 37 3579 3486
3650 37 3581 3580
3651 37 3582 3495
3652 37 3584 3583
3653 37 3586 3585
3654 37 3588 3587
3655 37 3590 3589
3656 37 B 3499
3657 37 3592 3591
3658 38 3594 3593
3659 38 3596 3595
3660 38 3593 3597
3661 38 3595 3598
3662 38 3599 3594
3663 38 3600 3596
3664 38 3602 3601
3665 38 3601 3603
3666 38 3604 3602
3667 38 3597 3605
3668 38 3598 3606
3669 38 3603 3607
3670 38 3522 3608
3671 38 3521 3609
3672 38 3392 3610
3673 38 3523 3611
3674 38 3613 3612
3675 38 3612 3614
3676 38 3615 3613
3677 38 3614 3616
3678 38 3618 3617
3679 38 3620 3619
3680 38 3622 3621
3681 38 3624 3623
3682 38 3626 3625
3683 38 3628 3627
3684 38 3630 3629
3685 38 3632 3631
3686 38 B 3633
3687 38 B 3634
3688 38 B 3635
3689 38 B 3636
3690 38 3638 3637
3691 38 3640 3639
3692 38 B 3641
3693 38 3566 3642
3694 38 3644 3643
3695 38 3646 3645
3696 38 3576 3647
3697 38 3649 3648
3698 38 3651 3650
3699 38 3653 3652
3700 38 B 3654
3701 38 3656 3655
3702 38 B 3657
3703 39 3659 3658
3704 39 3661 3660
3705 39 3663 3662
3706 39 3664 3659
3707 39 3665 3661
3708 39 3666 3663
3709 39 3668 3667
3710 39 3669 3668
3711 39 B 3670
3712 39 3671 3661
3713 39 B 3672
3714 39 3670 3658
3715 39 B 3671
3716 39 3673 3669
3717 39 3674 3664
3718 39 3675 3665
3719 39 3676 3666
3720 39 3677 3669
3721 39 3679 3678
3722 39 3681 3680
3723 39 3682 3679
3724 39 3683 3678
3725 39 3684 3681
3726 39 3685 3680
3727 39 3687 3686
3728 39 3688 3687
3729 39 3689 3686
3730 39 3690 3682
3731 39 3691 3684
3732 39 3692 3688
3733 39 B 3673
3734 39 3693 3690
3735 39 3694 3669
3736 39 3695 3682
3737 39 B 3696
3738 39 B 3665
3739 39 3697 3661
3740 39 B 3697
3741 39 B 3698
3742 39 B 3661
3743 39 3682 3683
3744 39 3699 3684
3745 39 3684 3685
3746 39 3696 3681
3747 39 3698 3658
3748 39 B 3700
3749 39 B 3659
3750 39 B 3701
3751 39 B 3658
3752 39 B 3662
3753 39 3702 3688
3754 39 3688 3689
3755 40 3704 3703
3756 40 3660 3658
3757 40 3703 3705
3758 40 3658 3662
3759 40 3707 3706
3760 40 3706 3708
3761 40 3709 3704
3762 40 3667 3660
3763 40 3710 3707
3764 40 3712 3711
3765 40 3714 3713
3766 40 3716 3715
3767 40 3718 3717
3768 40 3717 3719
3769 40 3720 3718
3770 40 3721 3709
3771 40 3678 3667
3772 40 B 3722
3773 40 B 3680
3774 40 3723 3710
3775 40 3724 3709
3776 40 B 3725
3777 40 B 3726
3778 40 3722 3703
3779 40 3680 3658
3780 40 B 3727
3781 40 B 3686
3782 40 3725 3706
3783 40 3726 3703
3784 40 B 3728
3785 40 B 3729
3786 40 3730 3720
3787 40 B 3731
3788 40 3731 3717
3789 40 B 3732
3790 40 3734 3733
3791 40 3736 3735
3792 40 B 3737
3793 40 3735 3738
3794 40 3710 3739
3795 40 3742 3741
3796 40 3736 3720
3797 40 3743 3710
3798 40 B 3744
3799 40 B 3745
3800 40 3746 3711
3801 40 3726 3747
3802 40 B 3748
3803 40 3739 3749
3804 40 3704 3747
3805 40 3751 3750
3806 40 3747 3752
3807 40 3658 3701
3808 40 3744 3717
3809 40 3745 3706
3810 40 B 3753
3811 40 B 3754
3812 41 3756 3755
3813 41 3758 3757
3814 41 3755 3759
3815 41 3757 3760
3816 41 3762 3761
3817 41 3761 3763
3818 41 3662 3705
3819 41 3705 3708
3820 41 3755 3764
3821 41 3763 3766
3822 41 3758 3765
3823 41 3759 3767
3824 41 3760 3768
3825 41 3763 3769
3826 41 3708 3719
3827 41 3771 3770
3828 41 3773 3772
3829 41 3775 3774
3830 41 3777 3776
3831 41 3771 3775
3832 41 3773 3777
3833 41 3779 3778
3834 41 3781 3780
3835 41 3783 3782
3836 41 3785 3784
3837 41 3779 3783
3838 41 3781 3785
3839 41 3774 3786
3840 41 3776 3787
3841 41 3782 3788
3842 41 3784 3789
3843 41 3791 3790
3844 41 3794 3793
3845 41 3795 3740
3846 41 3797 3796
3847 41 3799 3798
3848 41 3801 3800
3849 41 3804 3803
3850 41 3805 3741
3851 41 3807 3806
3852 41 B 3750
3853 41 3809 3808
3854 41 3811 3810
3855 42 3813 3812
3856 42 3815 3814
3857 42 3812 3816
3858 42 3814 3817
3859 42 3818 3813
3860 42 3819 3815
3861 42 3765 3820
3862 42 3764 3821
3863 42 3672 3822
3864 42 3824 3823
3865 42 3823 3825
3866 42 3826 3824
3867 42 3828 3827
3868 42 3830 3829
3869 42 3832 3831
3870 42 3834 3833
3871 42 3836 3835
3872 42 3838 3837
3873 42 3840 3839
3874 42 3842 3841
3875 42 3792 3843
3876 42 3845 3844
3877 42 3847 3846
3878 42 3802 3848
3879 42 3850 3849
3880 42 3852 3851
3881 42 3854 3853
3882 43 3856 3855
3883 43 3858 3857
3884 43 3860 3859
3885 43 B 3861
3886 43 3862 3858
3887 43 B 3863
3888 43 3861 3855
3889 43 3864 3856
3890 43 3865 3858
3891 43 3866 3860
3892 43 3868 3867
3893 43 3871 3870
3894 43 3873 3868
3895 43 3874 3871
3896 43 B 3862
3897 43 3875 3873
3898 43 3876 3858
3899 43 3877 3868
3900 43 B 3878
3901 43 B 3856
3902 43 3879 3855
3903 43 B 3879
3904 43 B 3880
3905 43 B 3855
3906 43 3868 3869
3907 43 3881 3871
3908 43 3871 3872
3909 43 3878 3870
3910 43 B 3859
3911 44 3883 3882
3912 44 3857 3855
3913 44 3882 3884
3914 44 3855 3859
3915 44 3886 3885
3916 44 3888 3887
3917 44 3890 3889
3918 44 3889 3891
3919 44 3892 3883
3920 44 3869 3857
3921 44 B 3893
3922 44 B 3872
3923 44 3894 3890
3924 44 B 3895
3925 44 3893 3884
3926 44 3872 3859
3927 44 3895 3891
3928 44 3897 3896
3929 44 3899 3898
3930 44 B 3900
3931 44 3898 3901
3932 44 3883 3902
3933 44 3905 3904
3934 44 3899 3890
3935 44 3906 3883
3936 44 B 3907
3937 44 B 3908
3938 44 3909 3887
3939 44 3872 3880
3940 44 3902 3910
3941 44 3855 3880
3942 44 3907 3891
3943 44 3908 3884
3944 45 3912 3911
3945 45 3914 3913
3946 45 3911 3915
3947 45 3859 3884
3948 45 3914 3916
3949 45 3911 3917
3950 45 3913 3918
3951 45 3920 3919
3952 45 3922 3921
3953 45 3919 3923
3954 45 3921 3924
3955 45 3926 3925
3956 45 3925 3927
3957 45 3929 3928
3958 45 3932 3931
3959 45 3933 3903
3960 45 3935 3934
3961 45 3937 3936
3962 45 3939 3938
3963 45 3941 3940
3964 45 B 3904
3965 45 3943 3942
3966 46 3945 3944
3967 46 3916 3946
3968 46 3947 3945
3969 46 3863 3948
3970 46 3950 3949
3971 46 3952 3951
3972 46 3954 3953
3973 46 B 3955
3974 46 B 3956
3975 46 3930 3957
3976 46 3959 3958
3977 46 3961 3960
3978 46 B 3962
3979 46 3964 3963
3980 46 B 3965
3981 47 B 3969
3982 47 3967 3966
3983 47 3970 3966
3984 47 3972 3971
3985 47 3974 3973
3986 47 B 3967
3987 47 3975 3972
3988 47 3976 3966
3989 47 3977 3971
3990 47 B 3978
3991 47 B 3968
3992 47 B 3979
3993 47 3980 3973
3994 48 3982 3981
3995 48 3966 3968
3996 48 3984 3983
3997 48 3971 3966
3998 48 B 3985
3999 48 B 3973
4000 48 3987 3986
4001 48 3989 3988
4002 48 B 3990
4003 48 3988 3991
4004 48 3966 3979
4005 48 3989 3983
4006 48 B 3993
4007 49 3995 3994
4008 49 3997 3996
4009 49 3999 3998
4010 49 4001 4000
4011 49 4004 4003
4012 49 B 3992
4013 49 3997 4005
4014 49 3999 4006
4015 50 3969 4007
4016 50 4009 4008
4017 50 4002 4010
4018 50 4012 4011
4019 50 4014 4013
4020 51 B 4015
4021 51 4017 4016
4022 52 4021 4020
4023 52 4019 4018
4024 53 4023 4022
4025 54 B 4024
4026 57 B 4025
4027 58 B 4026