1 1 B T
2 2 T 1
3 2 B T
4 2 B 1
5 3 2 1
6 3 3 2
7 3 B 2
8 3 B 3
9 3 4 1
10 3 3 4
11 3 B 4
12 3 B 1
13 4 1 5
14 4 B 1
15 4 5 6
16 4 1 2
17 4 5 7
18 4 6 8
19 4 B 9
20 4 B 10
21 4 9 6
22 4 B 2
23 4 10 8
24 4 9 7
25 4 B 11
26 4 1 9
27 4 12 11
28 4 B 5
29 4 B 4
30 4 1 4
31 4 11 8
32 4 4 6
33 5 14 13
34 5 16 15
35 5 13 17
36 5 2 6
37 5 16 17
38 5 13 15
39 5 15 18
40 5 B 14
41 5 B 19
42 5 19 20
43 5 22 21
44 5 21 23
45 5 19 24
46 5 26 24
47 5 27 11
48 5 14 28
49 5 29 25
50 5 29 24
51 5 30 24
52 5 B 11
53 5 32 31
54 6 34 33
55 6 17 35
56 6 36 34
57 6 2 37
58 6 39 38
59 6 41 40
60 6 42 33
61 6 B 43
62 6 B 44
63 6 25 45
64 6 47 46
65 6 49 48
66 6 B 50
67 6 52 51
68 6 B 53
69 7 B 57
70 7 55 54
71 7 58 54
72 7 60 59
73 7 62 61
74 7 B 55
75 7 63 60
76 7 64 54
77 7 65 59
78 7 B 66
79 7 B 56
80 7 B 67
81 7 68 61
82 8 70 69
83 8 54 56
84 8 72 71
85 8 59 54
86 8 B 73
87 8 B 61
88 8 75 74
89 8 77 76
90 8 B 78
91 8 76 79
92 8 54 67
93 8 77 71
94 8 B 81
95 9 83 82
96 9 85 84
97 9 87 86
98 9 89 88
99 9 92 91
100 9 B 80
101 9 85 93
102 9 87 94
103 10 57 95
104 10 97 96
105 10 90 98
106 10 100 99
107 10 102 101
108 11 B 103
109 11 105 104
110 12 109 108
111 12 107 106
112 13 111 110
113 14 B 112
114 17 B 113
115 18 B 114