1 1 B T
2 2 T 1
3 2 B T
4 2 B 1
5 3 2 1
6 3 3 2
7 3 B 3
8 3 B 2
9 3 4 1
10 3 3 4
11 3 B 4
12 3 B 1
13 4 1 5
14 4 B 1
15 4 5 6
16 4 1 2
17 4 6 7
18 4 5 8
19 4 B 9
20 4 B 10
21 4 B 4
22 4 9 6
23 4 B 5
24 4 B 7
25 4 B 11
26 4 10 7
27 4 11 7
28 4 4 6
29 4 9 8
30 4 1 9
31 4 12 11
32 4 1 4
33 5 14 13
34 5 16 15
35 5 13 15
36 5 15 17
37 5 B 14
38 5 2 6
39 5 6 7
40 5 17 7
41 5 13 18
42 5 16 18
43 5 B 19
44 5 19 20
45 5 21 20
46 5 23 22
47 5 25 24
48 5 14 23
49 5 21 25
50 5 22 26
51 5 27 7
52 5 28 27
53 5 19 29
54 5 30 29
55 5 31 11
56 5 32 29
57 5 B 11
58 6 34 33
59 6 36 35
60 6 33 37
61 6 35 33
62 6 38 34
63 6 39 36
64 6 40 36
65 6 7 40
66 6 B 7
67 6 18 41
68 6 2 42
69 6 43 37
70 6 44 33
71 6 45 33
72 6 47 46
73 6 49 48
74 6 24 50
75 6 B 51
76 6 B 52
77 6 25 53
78 6 55 54
79 6 57 56
80 7 59 58
81 7 61 60
82 7 63 62
83 7 64 59
84 7 59 61
85 7 65 63
86 7 60 37
87 7 65 64
88 7 66 65
89 7 B 67
90 7 67 61
91 7 B 68
92 7 67 58
93 7 B 66
94 7 69 37
95 7 70 69
96 7 72 71
97 7 74 72
98 7 72 70
99 7 73 69
100 7 75 74
101 7 76 72
102 7 72 73
103 7 66 75
104 7 77 70
105 7 78 61
106 7 B 77
107 7 B 59
108 7 B 78
109 7 B 61
110 7 78 58
111 7 B 79
112 7 B 58
113 7 B 75
114 7 75 76
115 7 77 71
116 7 B 62
117 8 81 80
118 8 60 58
119 8 80 82
120 8 58 62
121 8 84 83
122 8 83 85
123 8 86 81
124 8 37 60
125 8 81 84
126 8 83 87
127 8 87 88
128 8 37 86
129 8 B 37
130 8 90 89
131 8 92 91
132 8 88 93
133 8 B 94
134 8 B 95
135 8 94 81
136 8 B 60
137 8 B 96
138 8 B 73
139 8 95 84
140 8 B 97
141 8 B 86
142 8 B 98
143 8 B 99
144 8 B 69
145 8 98 83
146 8 99 84
147 8 B 100
148 8 B 101
149 8 69 81
150 8 B 102
151 8 96 82
152 8 73 62
153 8 97 85
154 8 100 88
155 8 101 85
156 8 102 82
157 8 97 87
158 8 B 103
159 8 103 93
160 8 104 89
161 8 99 105
162 8 B 106
163 8 105 107
164 8 81 105
165 8 109 108
166 8 81 110
167 8 112 111
168 8 101 87
169 8 102 83
170 8 B 113
171 8 B 114
172 8 115 91
173 8 73 79
174 8 110 116
175 8 58 79
176 8 113 93
177 8 114 88
178 9 118 117
179 9 120 119
180 9 117 121
181 9 119 122
182 9 124 123
183 9 123 125
184 9 62 82
185 9 82 85
186 9 121 126
187 9 122 127
188 9 125 121
189 9 85 88
190 9 129 128
191 9 128 123
192 9 117 130
193 9 125 130
194 9 120 131
195 9 126 127
196 9 127 132
197 9 88 93
198 9 B 129
199 9 B 133
200 9 133 134
201 9 136 135
202 9 138 137
203 9 135 139
204 9 137 140
205 9 141 135
206 9 143 142
207 9 129 141
208 9 144 143
209 9 146 145
210 9 148 147
211 9 149 146
212 9 150 148
213 9 152 151
214 9 151 153
215 9 155 154
216 9 156 155
217 9 142 140
218 9 145 157
219 9 147 158
220 9 154 159
221 9 161 160
222 9 164 163
223 9 165 108
224 9 166 163
225 9 167 108
226 9 169 168
227 9 171 170
228 9 173 172
229 9 175 174
230 9 B 111
231 9 177 176
232 10 179 178
233 10 181 180
234 10 178 182
235 10 180 183
236 10 184 179
237 10 185 181
238 10 187 186
239 10 186 188
240 10 189 187
241 10 182 190
242 10 183 191
243 10 188 183
244 10 131 192
245 10 130 193
246 10 68 194
247 10 196 195
248 10 195 186
249 10 197 196
250 10 199 198
251 10 200 190
252 10 202 201
253 10 204 203
254 10 206 205
255 10 208 207
256 10 210 209
257 10 212 211
258 10 B 213
259 10 B 214
260 10 B 215
261 10 B 216
262 10 217 203
263 10 219 218
264 10 B 220
265 10 162 221
266 10 223 222
267 10 225 224
268 10 227 226
269 10 B 228
270 10 230 229
271 10 B 231
272 11 233 232
273 11 235 234
274 11 237 236
275 11 238 233
276 11 239 235
277 11 240 237
278 11 242 241
279 11 243 242
280 11 B 244
281 11 245 235
282 11 B 246
283 11 244 232
284 11 B 245
285 11 245 243
286 11 247 238
287 11 248 239
288 11 249 240
289 11 239 243
290 11 251 250
291 11 253 252
292 11 254 251
293 11 255 250
294 11 256 253
295 11 257 252
296 11 259 258
297 11 260 259
298 11 261 258
299 11 262 254
300 11 263 256
301 11 264 260
302 11 265 262
303 11 266 243
304 11 257 254
305 11 B 265
306 11 B 239
307 11 266 235
308 11 B 266
309 11 B 267
310 11 B 235
311 11 254 255
312 11 268 256
313 11 256 257
314 11 265 253
315 11 267 232
316 11 B 269
317 11 B 233
318 11 B 270
319 11 B 232
320 11 B 236
321 11 271 260
322 11 260 261
323 12 273 272
324 12 234 232
325 12 272 274
326 12 232 236
327 12 276 275
328 12 275 277
329 12 278 273
330 12 241 234
331 12 279 276
332 12 281 280
333 12 283 282
334 12 285 284
335 12 287 286
336 12 286 288
337 12 289 287
338 12 290 278
339 12 250 241
340 12 B 291
341 12 B 252
342 12 292 279
343 12 293 278
344 12 B 294
345 12 B 295
346 12 291 272
347 12 252 232
348 12 B 296
349 12 B 258
350 12 294 275
351 12 295 272
352 12 B 297
353 12 B 298
354 12 299 289
355 12 B 300
356 12 300 286
357 12 B 301
358 12 302 284
359 12 304 303
360 12 B 305
361 12 303 306
362 12 279 307
363 12 310 309
364 12 304 289
365 12 311 279
366 12 B 312
367 12 B 313
368 12 314 280
369 12 295 315
370 12 B 316
371 12 307 317
372 12 273 315
373 12 319 318
374 12 315 320
375 12 232 270
376 12 312 286
377 12 313 275
378 12 B 321
379 12 B 322
380 13 324 323
381 13 326 325
382 13 323 327
383 13 325 328
384 13 330 329
385 13 329 331
386 13 236 274
387 13 274 277
388 13 323 332
389 13 331 334
390 13 326 333
391 13 327 335
392 13 328 336
393 13 331 337
394 13 277 288
395 13 339 338
396 13 341 340
397 13 343 342
398 13 345 344
399 13 339 343
400 13 341 345
401 13 347 346
402 13 349 348
403 13 351 350
404 13 353 352
405 13 347 351
406 13 349 353
407 13 342 354
408 13 344 355
409 13 350 356
410 13 352 357
411 13 359 358
412 13 362 361
413 13 363 308
414 13 365 364
415 13 367 366
416 13 369 368
417 13 372 371
418 13 373 309
419 13 375 374
420 13 B 318
421 13 377 376
422 13 379 378
423 14 381 380
424 14 383 382
425 14 380 384
426 14 382 385
427 14 386 381
428 14 387 383
429 14 333 388
430 14 332 389
431 14 246 390
432 14 392 391
433 14 391 393
434 14 394 392
435 14 396 395
436 14 398 397
437 14 400 399
438 14 402 401
439 14 404 403
440 14 406 405
441 14 408 407
442 14 410 409
443 14 360 411
444 14 413 412
445 14 415 414
446 14 370 416
447 14 418 417
448 14 420 419
449 14 422 421
450 15 424 423
451 15 426 425
452 15 428 427
453 15 B 429
454 15 430 426
455 15 B 431
456 15 429 423
457 15 432 424
458 15 433 426
459 15 434 428
460 15 436 435
461 15 439 438
462 15 441 436
463 15 442 439
464 15 B 430
465 15 443 441
466 15 444 426
467 15 445 436
468 15 B 446
469 15 B 424
470 15 447 423
471 15 B 447
472 15 B 448
473 15 B 423
474 15 436 437
475 15 449 439
476 15 439 440
477 15 446 438
478 15 B 427
479 16 451 450
480 16 425 423
481 16 450 452
482 16 423 427
483 16 454 453
484 16 456 455
485 16 458 457
486 16 457 459
487 16 460 451
488 16 437 425
489 16 B 461
490 16 B 440
491 16 462 458
492 16 B 463
493 16 461 452
494 16 440 427
495 16 463 459
496 16 465 464
497 16 467 466
498 16 B 468
499 16 466 469
500 16 451 470
501 16 473 472
502 16 467 458
503 16 474 451
504 16 B 475
505 16 B 476
506 16 477 455
507 16 440 448
508 16 470 478
509 16 423 448
510 16 475 459
511 16 476 452
512 17 480 479
513 17 482 481
514 17 479 483
515 17 427 452
516 17 482 484
517 17 479 485
518 17 481 486
519 17 488 487
520 17 490 489
521 17 487 491
522 17 489 492
523 17 494 493
524 17 493 495
525 17 497 496
526 17 500 499
527 17 501 471
528 17 503 502
529 17 505 504
530 17 507 506
531 17 509 508
532 17 B 472
533 17 511 510
534 18 513 512
535 18 484 514
536 18 515 513
537 18 431 516
538 18 518 517
539 18 520 519
540 18 522 521
541 18 B 523
542 18 B 524
543 18 498 525
544 18 527 526
545 18 529 528
546 18 B 530
547 18 532 531
548 18 B 533
549 19 B 537
550 19 535 534
551 19 538 534
552 19 540 539
553 19 542 541
554 19 B 535
555 19 543 540
556 19 544 534
557 19 545 539
558 19 B 546
559 19 B 536
560 19 B 547
561 19 548 541
562 20 550 549
563 20 534 536
564 20 552 551
565 20 539 534
566 20 B 553
567 20 B 541
568 20 555 554
569 20 557 556
570 20 B 558
571 20 556 559
572 20 534 547
573 20 557 551
574 20 B 561
575 21 563 562
576 21 565 564
577 21 567 566
578 21 569 568
579 21 572 571
580 21 B 560
581 21 565 573
582 21 567 574
583 22 537 575
584 22 577 576
585 22 570 578
586 22 580 579
587 22 582 581
588 23 B 583
589 23 585 584
590 24 589 588
591 24 587 586
592 25 591 590
593 26 B 592
594 29 B 593
595 30 B 594