1 1 B T
2 1 T B
3 1 B B
4 1 B T
5 1 B T
6 1 T B
7 1 B T
8 1 T B
9 1 B B
10 1 B T
11 1 B T
12 1 T B
13 1 B T
14 1 T B
15 1 B B
16 1 B B
17 1 B B
18 1 B T
19 1 B B
20 1 B B
21 1 B T
22 1 B B
23 1 T B
24 1 B B
25 1 B T
26 1 B B
27 1 B T
28 1 B B
29 1 B T
30 1 B B
31 1 B B
32 1 B B
33 1 B B
34 1 B B
35 1 B T
36 1 B B
37 1 B T
38 1 T B
39 1 B T
40 1 B B
41 1 B T
42 1 B B
43 1 B T
44 1 B B
45 1 B B
46 1 B B
47 1 B B
48 1 B B
49 2 2 1
50 2 4 3
51 2 6 5
52 2 8 7
53 2 10 9
54 2 12 11
55 2 14 13
56 2 16 15
57 2 18 17
58 2 20 19
59 2 22 21
60 2 24 23
61 2 26 25
62 2 28 27
63 2 30 29
64 2 32 31
65 2 34 33
66 2 36 35
67 2 38 37
68 2 40 39
69 2 42 41
70 2 44 43
71 2 46 45
72 2 48 47
73 3 B 49
74 3 51 50
75 3 52 B
76 3 53 B
77 3 54 B
78 3 55 50
79 3 57 56
80 3 58 B
81 3 60 59
82 3 61 B
83 3 B 51
84 3 62 57
85 3 63 53
86 3 65 64
87 3 B 66
88 3 B 67
89 3 68 50
90 3 69 B
91 3 53 B
92 3 B 70
93 3 B B
94 3 71 56
95 3 58 B
96 3 72 59
97 3 61 B
98 4 74 73
99 4 76 75
100 4 77 B
101 4 79 78
102 4 80 76
103 4 B 81
104 4 B 82
105 4 84 83
106 4 86 85
107 4 B 87
108 4 89 88
109 4 91 90
110 4 92 B
111 4 93 B
112 4 94 78
113 4 95 76
114 4 B 96
115 4 B 97
116 5 99 98
117 5 100 B
118 5 102 101
119 5 104 103
120 5 106 105
121 5 107 B
122 5 109 108
123 5 111 110
124 5 113 112
125 5 115 114
126 6 117 116
127 6 119 118
128 6 121 120
129 6 123 122
130 6 125 124
131 7 B 126
132 7 128 127
133 7 129 B
134 7 130 B
135 8 132 131
136 8 134 133
137 9 136 135
138 10 B 137
139 11 138 B
140 12 139 B
141 13 B 140
142 14 B 141