1 1 B T
2 1 T B
3 1 T B
4 1 B B
5 1 T B
6 1 T B
7 1 B B
8 1 B B
9 1 B T
10 1 B B
11 1 B T
12 1 T B
13 1 T B
14 1 B B
15 1 B T
16 1 B T
17 1 T B
18 1 T B
19 1 B B
20 1 B T
21 1 B B
22 1 B B
23 1 B B
24 1 B T
25 1 B B
26 2 2 1
27 2 4 3
28 2 5 B
29 2 7 6
30 2 8 4
31 2 B 9
32 2 B 10
33 2 12 11
34 2 14 13
35 2 B 15
36 2 17 16
37 2 19 18
38 2 20 B
39 2 21 B
40 2 22 6
41 2 23 4
42 2 B 24
43 2 B 25
44 3 27 26
45 3 28 B
46 3 30 29
47 3 32 31
48 3 34 33
49 3 35 B
50 3 37 36
51 3 39 38
52 3 41 40
53 3 43 42
54 4 45 44
55 4 47 46
56 4 49 48
57 4 51 50
58 4 53 52
59 5 B 54
60 5 56 55
61 5 57 B
62 5 58 B
63 6 60 59
64 6 62 61
65 7 64 63
66 8 B 65
67 9 66 B
68 10 67 B
69 11 B 68
70 12 B 69