1 1 B T
2 2 T 1
3 2 B T
4 2 B 1
5 3 2 1
6 3 3 2
7 3 B 3
8 3 B 2
9 3 4 1
10 3 3 4
11 3 B 4
12 3 B 1
13 4 1 5
14 4 B 1
15 4 5 6
16 4 1 2
17 4 6 7
18 4 5 8
19 4 B 9
20 4 B 10
21 4 9 6
22 4 B 5
23 4 B 7
24 4 B 11
25 4 B 4
26 4 10 7
27 4 B 2
28 4 11 7
29 4 4 6
30 4 9 8
31 4 1 9
32 4 12 11
33 4 1 4
34 5 14 13
35 5 16 15
36 5 13 15
37 5 15 17
38 5 B 14
39 5 2 6
40 5 6 7
41 5 17 7
42 5 13 18
43 5 16 18
44 5 B 19
45 5 19 20
46 5 22 21
47 5 24 23
48 5 14 22
49 5 25 24
50 5 21 26
51 5 27 21
52 5 28 7
53 5 29 28
54 5 19 30
55 5 31 30
56 5 32 11
57 5 25 30
58 5 33 30
59 5 B 11
60 6 35 34
61 6 37 36
62 6 34 38
63 6 36 34
64 6 39 35
65 6 40 37
66 6 41 37
67 6 7 41
68 6 B 7
69 6 18 42
70 6 2 43
71 6 44 38
72 6 45 34
73 6 47 46
74 6 49 48
75 6 23 50
76 6 B 51
77 6 B 50
78 6 B 52
79 6 B 53
80 6 24 54
81 6 56 55
82 6 B 57
83 6 59 58
84 7 61 60
85 7 63 62
86 7 65 64
87 7 66 61
88 7 61 63
89 7 67 65
90 7 62 38
91 7 67 66
92 7 68 67
93 7 B 68
94 7 B 69
95 7 69 63
96 7 B 70
97 7 69 60
98 7 71 38
99 7 72 71
100 7 73 72
101 7 74 71
102 7 75 73
103 7 77 76
104 7 78 77
105 7 79 76
106 7 68 78
107 7 78 75
108 7 79 73
109 7 73 74
110 7 B 78
111 7 78 79
112 7 80 72
113 7 81 63
114 7 B 80
115 7 B 61
116 7 B 81
117 7 B 63
118 7 81 60
119 7 B 82
120 7 B 83
121 7 B 60
122 7 B 64
123 8 85 84
124 8 62 60
125 8 84 86
126 8 60 64
127 8 88 87
128 8 87 89
129 8 90 85
130 8 38 62
131 8 85 88
132 8 87 91
133 8 91 92
134 8 38 90
135 8 B 38
136 8 92 93
137 8 95 94
138 8 97 96
139 8 B 98
140 8 B 99
141 8 B 71
142 8 98 85
143 8 B 90
144 8 B 100
145 8 B 101
146 8 99 88
147 8 B 102
148 8 99 84
149 8 71 60
150 8 B 103
151 8 B 76
152 8 100 87
153 8 101 84
154 8 B 104
155 8 B 105
156 8 102 91
157 8 B 106
158 8 101 88
159 8 B 107
160 8 B 108
161 8 71 85
162 8 B 109
163 8 107 92
164 8 108 91
165 8 B 93
166 8 B 110
167 8 109 87
168 8 B 111
169 8 106 93
170 8 112 94
171 8 101 113
172 8 B 114
173 8 113 115
174 8 85 113
175 8 117 116
176 8 101 118
177 8 B 119
178 8 85 118
179 8 121 120
180 8 118 122
181 8 60 83
182 8 110 93
183 8 111 92
184 9 124 123
185 9 126 125
186 9 123 127
187 9 125 128
188 9 130 129
189 9 129 131
190 9 64 86
191 9 86 89
192 9 127 132
193 9 128 133
194 9 131 127
195 9 89 92
196 9 135 134
197 9 134 129
198 9 132 133
199 9 133 136
200 9 92 93
201 9 B 135
202 9 123 137
203 9 131 137
204 9 126 138
205 9 136 93
206 9 B 139
207 9 141 140
208 9 143 142
209 9 145 144
210 9 135 143
211 9 141 145
212 9 139 140
213 9 142 146
214 9 144 147
215 9 149 148
216 9 151 150
217 9 153 152
218 9 155 154
219 9 149 153
220 9 151 155
221 9 152 156
222 9 154 157
223 9 158 152
224 9 160 159
225 9 161 158
226 9 162 160
227 9 164 163
228 9 166 165
229 9 167 164
230 9 168 166
231 9 159 157
232 9 163 169
233 9 171 170
234 9 174 173
235 9 175 116
236 9 176 170
237 9 178 173
238 9 179 116
239 9 181 180
240 9 B 120
241 9 183 182
242 10 185 184
243 10 187 186
244 10 184 188
245 10 186 189
246 10 190 185
247 10 191 187
248 10 193 192
249 10 192 194
250 10 195 193
251 10 188 196
252 10 189 197
253 10 194 189
254 10 199 198
255 10 198 192
256 10 200 199
257 10 196 201
258 10 197 196
259 10 138 202
260 10 137 203
261 10 70 204
262 10 205 199
263 10 93 205
264 10 206 201
265 10 207 196
266 10 209 208
267 10 211 210
268 10 212 196
269 10 214 213
270 10 216 215
271 10 218 217
272 10 220 219
273 10 222 221
274 10 224 223
275 10 226 225
276 10 228 227
277 10 230 229
278 10 231 221
279 10 165 232
280 10 172 233
281 10 235 234
282 10 177 236
283 10 238 237
284 10 240 239
285 10 B 241
286 11 243 242
287 11 245 244
288 11 247 246
289 11 248 243
290 11 249 245
291 11 250 247
292 11 252 251
293 11 253 252
294 11 254 248
295 11 255 249
296 11 256 250
297 11 249 253
298 11 258 257
299 11 252 258
300 11 B 259
301 11 260 245
302 11 B 261
303 11 259 242
304 11 B 260
305 11 260 253
306 11 262 254
307 11 254 255
308 11 263 256
309 11 264 201
310 11 266 265
311 11 268 264
312 11 269 266
313 11 271 270
314 11 273 271
315 11 266 268
316 11 267 264
317 11 274 269
318 11 275 266
319 11 266 267
320 11 276 273
321 11 277 271
322 11 271 272
323 11 278 274
324 11 279 276
325 11 280 269
326 11 281 253
327 11 B 280
328 11 B 249
329 11 B 281
330 11 B 253
331 11 277 274
332 11 274 275
333 11 281 245
334 11 B 282
335 11 B 283
336 11 B 245
337 11 B 243
338 11 283 242
339 11 B 284
340 11 B 242
341 11 285 276
342 11 276 277
343 11 282 270
344 11 B 246
345 12 287 286
346 12 244 242
347 12 286 288
348 12 242 246
349 12 290 289
350 12 289 291
351 12 292 287
352 12 251 244
353 12 293 290
354 12 295 294
355 12 294 296
356 12 297 295
357 12 298 292
358 12 257 251
359 12 299 293
360 12 293 297
361 12 301 300
362 12 303 302
363 12 305 304
364 12 307 306
365 12 306 308
366 12 295 307
367 12 309 298
368 12 B 257
369 12 B 310
370 12 B 267
371 12 311 299
372 12 B 312
373 12 310 287
374 12 267 244
375 12 B 313
376 12 B 272
377 12 312 290
378 12 B 314
379 12 315 293
380 12 316 299
381 12 B 317
382 12 B 318
383 12 264 298
384 12 B 319
385 12 317 295
386 12 318 290
387 12 B 320
388 12 B 321
389 12 319 287
390 12 B 322
391 12 313 288
392 12 272 246
393 12 314 291
394 12 320 296
395 12 321 291
396 12 322 288
397 12 312 297
398 12 B 323
399 12 323 307
400 12 B 324
401 12 324 308
402 12 325 304
403 12 318 326
404 12 B 327
405 12 326 328
406 12 293 326
407 12 330 329
408 12 318 297
409 12 319 293
410 12 B 331
411 12 B 332
412 12 318 333
413 12 B 334
414 12 293 333
415 12 336 335
416 12 333 337
417 12 287 338
418 12 340 339
419 12 331 307
420 12 332 295
421 12 B 341
422 12 B 342
423 12 343 302
424 12 272 284
425 12 338 344
426 12 242 284
427 12 341 308
428 12 342 296
429 13 346 345
430 13 348 347
431 13 345 349
432 13 347 350
433 13 352 351
434 13 351 353
435 13 246 288
436 13 288 291
437 13 349 354
438 13 350 355
439 13 353 356
440 13 291 296
441 13 358 357
442 13 357 359
443 13 359 360
444 13 345 361
445 13 353 363
446 13 348 362
447 13 360 363
448 13 354 364
449 13 355 365
450 13 356 366
451 13 296 308
452 13 360 356
453 13 368 367
454 13 370 369
455 13 367 371
456 13 369 372
457 13 374 373
458 13 376 375
459 13 373 377
460 13 375 378
461 13 380 379
462 13 382 381
463 13 383 380
464 13 384 382
465 13 386 385
466 13 388 387
467 13 389 386
468 13 390 388
469 13 392 391
470 13 391 393
471 13 395 394
472 13 396 395
473 13 379 397
474 13 381 398
475 13 385 399
476 13 387 400
477 13 394 401
478 13 403 402
479 13 406 405
480 13 407 329
481 13 409 408
482 13 411 410
483 13 412 402
484 13 414 405
485 13 415 329
486 13 417 416
487 13 418 335
488 13 420 419
489 13 422 421
490 13 424 423
491 13 426 425
492 13 B 339
493 13 428 427
494 14 430 429
495 14 432 431
496 14 429 433
497 14 431 434
498 14 435 430
499 14 436 432
500 14 438 437
501 14 437 439
502 14 440 438
503 14 433 441
504 14 434 442
505 14 439 443
506 14 362 444
507 14 361 445
508 14 261 446
509 14 363 447
510 14 449 448
511 14 448 450
512 14 451 449
513 14 450 452
514 14 454 453
515 14 456 455
516 14 458 457
517 14 460 459
518 14 462 461
519 14 464 463
520 14 466 465
521 14 468 467
522 14 B 469
523 14 B 470
524 14 B 471
525 14 B 472
526 14 474 473
527 14 476 475
528 14 B 477
529 14 404 478
530 14 480 479
531 14 482 481
532 14 413 483
533 14 485 484
534 14 487 486
535 14 489 488
536 14 B 490
537 14 492 491
538 14 B 493
539 15 495 494
540 15 497 496
541 15 499 498
542 15 500 495
543 15 501 497
544 15 502 499
545 15 504 503
546 15 505 504
547 15 B 506
548 15 507 497
549 15 B 508
550 15 506 494
551 15 B 507
552 15 509 505
553 15 510 500
554 15 511 501
555 15 512 502
556 15 513 505
557 15 515 514
558 15 517 516
559 15 518 515
560 15 519 514
561 15 520 517
562 15 521 516
563 15 523 522
564 15 524 523
565 15 525 522
566 15 526 518
567 15 527 520
568 15 528 524
569 15 B 509
570 15 529 526
571 15 530 505
572 15 531 518
573 15 B 532
574 15 B 501
575 15 533 497
576 15 B 533
577 15 B 534
578 15 B 497
579 15 518 519
580 15 535 520
581 15 520 521
582 15 532 517
583 15 534 494
584 15 B 536
585 15 B 495
586 15 B 537
587 15 B 494
588 15 B 498
589 15 538 524
590 15 524 525
591 16 540 539
592 16 496 494
593 16 539 541
594 16 494 498
595 16 543 542
596 16 542 544
597 16 545 540
598 16 503 496
599 16 546 543
600 16 548 547
601 16 550 549
602 16 552 551
603 16 554 553
604 16 553 555
605 16 556 554
606 16 557 545
607 16 514 503
608 16 B 558
609 16 B 516
610 16 559 546
611 16 560 545
612 16 B 561
613 16 B 562
614 16 558 539
615 16 516 494
616 16 B 563
617 16 B 522
618 16 561 542
619 16 562 539
620 16 B 564
621 16 B 565
622 16 566 556
623 16 B 567
624 16 567 553
625 16 B 568
626 16 570 569
627 16 572 571
628 16 B 573
629 16 571 574
630 16 546 575
631 16 578 577
632 16 572 556
633 16 579 546
634 16 B 580
635 16 B 581
636 16 582 547
637 16 562 583
638 16 B 584
639 16 575 585
640 16 540 583
641 16 587 586
642 16 583 588
643 16 494 537
644 16 580 553
645 16 581 542
646 16 B 589
647 16 B 590
648 17 592 591
649 17 594 593
650 17 591 595
651 17 593 596
652 17 598 597
653 17 597 599
654 17 498 541
655 17 541 544
656 17 591 600
657 17 599 602
658 17 594 601
659 17 595 603
660 17 596 604
661 17 599 605
662 17 544 555
663 17 607 606
664 17 609 608
665 17 611 610
666 17 613 612
667 17 607 611
668 17 609 613
669 17 615 614
670 17 617 616
671 17 619 618
672 17 621 620
673 17 615 619
674 17 617 621
675 17 610 622
676 17 612 623
677 17 618 624
678 17 620 625
679 17 627 626
680 17 630 629
681 17 631 576
682 17 633 632
683 17 635 634
684 17 637 636
685 17 640 639
686 17 641 577
687 17 643 642
688 17 B 586
689 17 645 644
690 17 647 646
691 18 649 648
692 18 651 650
693 18 648 652
694 18 650 653
695 18 654 649
696 18 655 651
697 18 601 656
698 18 600 657
699 18 508 658
700 18 660 659
701 18 659 661
702 18 662 660
703 18 664 663
704 18 666 665
705 18 668 667
706 18 670 669
707 18 672 671
708 18 674 673
709 18 676 675
710 18 678 677
711 18 628 679
712 18 681 680
713 18 683 682
714 18 638 684
715 18 686 685
716 18 688 687
717 18 690 689
718 19 692 691
719 19 694 693
720 19 696 695
721 19 B 697
722 19 698 694
723 19 B 699
724 19 697 691
725 19 700 692
726 19 701 694
727 19 702 696
728 19 704 703
729 19 707 706
730 19 709 704
731 19 710 707
732 19 B 698
733 19 711 709
734 19 712 694
735 19 713 704
736 19 B 714
737 19 B 692
738 19 715 691
739 19 B 715
740 19 B 716
741 19 B 691
742 19 704 705
743 19 717 707
744 19 707 708
745 19 714 706
746 19 B 695
747 20 719 718
748 20 693 691
749 20 718 720
750 20 691 695
751 20 722 721
752 20 724 723
753 20 726 725
754 20 725 727
755 20 728 719
756 20 705 693
757 20 B 729
758 20 B 708
759 20 730 726
760 20 B 731
761 20 729 720
762 20 708 695
763 20 731 727
764 20 733 732
765 20 735 734
766 20 B 736
767 20 734 737
768 20 719 738
769 20 741 740
770 20 735 726
771 20 742 719
772 20 B 743
773 20 B 744
774 20 745 723
775 20 708 716
776 20 738 746
777 20 691 716
778 20 743 727
779 20 744 720
780 21 748 747
781 21 750 749
782 21 747 751
783 21 695 720
784 21 750 752
785 21 747 753
786 21 749 754
787 21 756 755
788 21 758 757
789 21 755 759
790 21 757 760
791 21 762 761
792 21 761 763
793 21 765 764
794 21 768 767
795 21 769 739
796 21 771 770
797 21 773 772
798 21 775 774
799 21 777 776
800 21 B 740
801 21 779 778
802 22 781 780
803 22 752 782
804 22 783 781
805 22 699 784
806 22 786 785
807 22 788 787
808 22 790 789
809 22 B 791
810 22 B 792
811 22 766 793
812 22 795 794
813 22 797 796
814 22 B 798
815 22 800 799
816 22 B 801
817 23 B 805
818 23 803 802
819 23 806 802
820 23 808 807
821 23 810 809
822 23 B 803
823 23 811 808
824 23 812 802
825 23 813 807
826 23 B 814
827 23 B 804
828 23 B 815
829 23 816 809
830 24 818 817
831 24 802 804
832 24 820 819
833 24 807 802
834 24 B 821
835 24 B 809
836 24 823 822
837 24 825 824
838 24 B 826
839 24 824 827
840 24 802 815
841 24 825 819
842 24 B 829
843 25 831 830
844 25 833 832
845 25 835 834
846 25 837 836
847 25 840 839
848 25 B 828
849 25 833 841
850 25 835 842
851 26 805 843
852 26 845 844
853 26 838 846
854 26 848 847
855 26 850 849
856 27 B 851
857 27 853 852
858 28 857 856
859 28 855 854
860 29 859 858
861 30 B 860
862 33 B 861
863 34 B 862