1 1 B T
2 1 T B
3 1 B B
4 1 B T
5 1 B T
6 1 T B
7 1 B T
8 1 T B
9 1 B B
10 1 B T
11 1 B T
12 1 T B
13 1 B T
14 1 T B
15 1 B B
16 1 B B
17 1 B B
18 1 B T
19 1 B B
20 1 B B
21 1 B T
22 1 T B
23 1 T B
24 1 B B
25 1 B T
26 1 T B
27 1 B T
28 1 T B
29 1 B B
30 1 B T
31 1 B T
32 1 T B
33 1 T B
34 1 B B
35 1 B T
36 1 T B
37 1 B B
38 1 B B
39 1 T B
40 1 B B
41 1 B B
42 1 B B
43 1 B B
44 1 B B
45 1 B B
46 1 B B
47 1 B B
48 1 B T
49 1 B B
50 1 B B
51 1 B T
52 1 T B
53 1 B T
54 1 T B
55 1 B B
56 1 B T
57 1 B T
58 1 T B
59 1 B B
60 1 B B
61 1 T B
62 1 B B
63 1 T B
64 1 B B
65 1 B B
66 1 B B
67 1 B B
68 1 B B
69 1 B T
70 1 T B
71 1 B B
72 1 B B
73 1 B B
74 1 B B
75 1 B B
76 1 B B
77 1 B B
78 1 B B
79 1 B B
80 1 B B
81 1 B B
82 1 B T
83 1 B B
84 1 B B
85 1 B T
86 1 T B
87 1 B T
88 1 T B
89 1 B B
90 1 B T
91 1 B T
92 1 T B
93 1 B B
94 1 B B
95 1 B B
96 1 B B
97 1 B B
98 1 B B
99 1 T B
100 1 B B
101 1 B B
102 1 B B
103 1 B B
104 1 B B
105 1 T B
106 1 B B
107 1 B T
108 1 T B
109 1 B B
110 1 B B
111 1 B B
112 1 B B
113 1 B B
114 1 B B
115 1 B B
116 1 B B
117 1 B B
118 1 B B
119 1 B B
120 1 B B
121 1 B B
122 1 B B
123 1 B B
124 1 B B
125 1 B B
126 1 B B
127 1 B B
128 1 B T
129 1 B B
130 1 B B
131 1 B B
132 1 B B
133 1 B B
134 1 B B
135 1 B B
136 1 B B
137 1 B B
138 1 B T
139 1 B T
140 1 B B
141 1 B B
142 1 B B
143 1 T B
144 1 B B
145 1 B B
146 1 B T
147 1 B T
148 1 B B
149 1 B T
150 1 B B
151 1 B B
152 1 B B
153 1 B B
154 1 B B
155 1 B B
156 1 B B
157 1 B T
158 1 B B
159 1 B B
160 1 B B
161 1 B B
162 1 B B
163 1 B B
164 1 B B
165 1 B B
166 1 B B
167 1 B B
168 1 B B
169 1 B T
170 1 B B
171 1 B B
172 1 B B
173 1 B B
174 1 B B
175 1 B B
176 1 B T
177 1 B B
178 1 B B
179 1 B B
180 1 B B
181 1 T B
182 1 B B
183 1 B B
184 1 B T
185 1 B T
186 1 B B
187 1 B B
188 1 B B
189 1 B T
190 1 B B
191 1 B B
192 1 B B
193 1 T B
194 1 B B
195 1 B B
196 1 B B
197 1 B B
198 1 B B
199 1 B T
200 1 B B
201 1 B T
202 1 B B
203 1 B B
204 1 B B
205 1 B B
206 1 B B
207 1 B T
208 1 B B
209 1 B T
210 1 B B
211 1 B T
212 1 B B
213 1 B T
214 1 B B
215 1 B T
216 1 B B
217 1 B B
218 1 B B
219 1 B B
220 1 B B
221 1 B T
222 1 B B
223 1 B T
224 1 B B
225 1 B T
226 1 B B
227 1 B T
228 1 B B
229 1 B T
230 1 B B
231 1 B T
232 1 B B
233 1 B B
234 1 B B
235 1 B T
236 1 B B
237 1 B T
238 1 B B
239 2 2 1
240 2 4 3
241 2 6 5
242 2 8 7
243 2 10 9
244 2 12 11
245 2 14 13
246 2 16 15
247 2 18 17
248 2 20 19
249 2 22 21
250 2 24 23
251 2 4 3
252 2 14 13
253 2 8 7
254 2 10 9
255 2 26 25
256 2 28 27
257 2 30 29
258 2 32 31
259 2 22 21
260 2 24 23
261 2 34 33
262 2 36 35
263 2 38 37
264 2 34 33
265 2 40 39
266 2 28 27
267 2 42 41
268 2 44 43
269 2 46 45
270 2 16 15
271 2 18 17
272 2 20 19
273 2 48 47
274 2 50 49
275 2 36 35
276 2 30 29
277 2 38 37
278 2 40 39
279 2 52 51
280 2 54 53
281 2 56 55
282 2 58 57
283 2 60 59
284 2 62 61
285 2 64 63
286 2 66 65
287 2 60 59
288 2 68 67
289 2 64 63
290 2 70 69
291 2 62 61
292 2 54 53
293 2 66 65
294 2 68 67
295 2 72 71
296 2 74 73
297 2 76 75
298 2 42 41
299 2 44 43
300 2 46 45
301 2 78 77
302 2 80 79
303 2 48 47
304 2 50 49
305 2 82 81
306 2 84 83
307 2 70 69
308 2 56 55
309 2 86 85
310 2 88 87
311 2 90 89
312 2 92 91
313 2 94 93
314 2 96 95
315 2 98 97
316 2 100 99
317 2 102 101
318 2 94 93
319 2 104 103
320 2 98 97
321 2 106 105
322 2 96 95
323 2 100 99
324 2 102 101
325 2 104 103
326 2 108 107
327 2 106 105
328 2 88 87
329 2 110 109
330 2 112 111
331 2 114 113
332 2 116 115
333 2 118 117
334 2 120 119
335 2 122 121
336 2 124 123
337 2 126 125
338 2 128 127
339 2 130 129
340 2 132 131
341 2 134 133
342 2 136 135
343 2 116 115
344 2 118 117
345 2 120 119
346 2 138 137
347 2 140 139
348 2 142 141
349 2 128 127
350 2 130 129
351 2 132 131
352 2 144 143
353 2 146 145
354 2 148 147
355 2 136 135
356 2 150 149
357 2 152 151
358 2 154 153
359 2 156 155
360 2 158 157
361 2 160 159
362 2 162 161
363 2 164 163
364 2 166 165
365 2 158 157
366 2 160 159
367 2 162 161
368 2 168 167
369 2 170 169
370 2 172 171
371 2 166 165
372 2 174 173
373 2 138 137
374 2 140 139
375 2 142 141
376 2 144 143
377 2 146 145
378 2 148 147
379 2 150 149
380 2 168 167
381 2 170 169
382 2 172 171
383 2 174 173
384 2 176 175
385 2 178 177
386 2 180 179
387 2 182 181
388 2 184 183
389 2 186 185
390 2 188 187
391 2 190 189
392 2 182 181
393 2 184 183
394 2 186 185
395 2 192 191
396 2 194 193
397 2 196 195
398 2 190 189
399 2 198 197
400 2 192 191
401 2 194 193
402 2 196 195
403 2 198 197
404 2 200 199
405 2 202 201
406 2 204 203
407 2 206 205
408 2 208 207
409 2 210 209
410 2 212 211
411 2 214 213
412 2 216 215
413 2 218 217
414 2 220 219
415 2 222 221
416 2 216 215
417 2 224 223
418 2 214 213
419 2 226 225
420 2 228 227
421 2 226 225
422 2 228 227
423 2 230 229
424 2 232 231
425 2 220 219
426 2 234 233
427 2 236 235
428 2 232 231
429 2 230 229
430 2 238 237
431 2 234 233
432 3 B 239
433 3 241 240
434 3 242 B
435 3 243 B
436 3 244 B
437 3 245 240
438 3 247 246
439 3 248 B
440 3 250 249
441 3 252 251
442 3 253 B
443 3 254 B
444 3 B 241
445 3 255 247
446 3 256 243
447 3 257 248
448 3 B 244
449 3 258 254
450 3 260 259
451 3 261 245
452 3 262 247
453 3 263 250
454 3 264 252
455 3 265 253
456 3 266 254
457 3 268 267
458 3 269 B
459 3 271 270
460 3 272 B
461 3 273 268
462 3 274 269
463 3 275 271
464 3 276 272
465 3 277 260
466 3 278 242
467 3 B 255
468 3 279 273
469 3 280 257
470 3 281 274
471 3 B 258
472 3 282 276
473 3 283 261
474 3 284 262
475 3 285 256
476 3 286 263
477 3 287 264
478 3 288 265
479 3 289 266
480 3 290 273
481 3 291 275
482 3 292 276
483 3 293 277
484 3 294 278
485 3 296 295
486 3 297 B
487 3 299 298
488 3 300 B
489 3 301 296
490 3 302 297
491 3 303 299
492 3 304 300
493 3 305 301
494 3 306 302
495 3 307 303
496 3 308 304
497 3 B 279
498 3 309 305
499 3 310 281
500 3 311 306
501 3 B 282
502 3 312 308
503 3 313 283
504 3 314 284
505 3 315 285
506 3 316 280
507 3 317 286
508 3 318 287
509 3 319 288
510 3 320 289
511 3 321 290
512 3 322 291
513 3 323 292
514 3 324 293
515 3 325 294
516 3 326 305
517 3 327 307
518 3 328 308
519 3 330 329
520 3 331 B
521 3 333 332
522 3 334 B
523 3 335 330
524 3 337 336
525 3 338 333
526 3 340 339
527 3 341 329
528 3 331 B
529 3 342 332
530 3 334 B
531 3 344 343
532 3 345 B
533 3 347 346
534 3 348 B
535 3 349 344
536 3 351 350
537 3 352 347
538 3 354 353
539 3 355 343
540 3 345 B
541 3 356 346
542 3 348 B
543 3 357 335
544 3 359 358
545 3 360 338
546 3 362 361
547 3 363 330
548 3 337 331
549 3 364 333
550 3 340 334
551 3 365 349
552 3 367 366
553 3 368 352
554 3 370 369
555 3 371 344
556 3 351 345
557 3 372 347
558 3 354 348
559 3 374 373
560 3 375 B
561 3 376 374
562 3 378 377
563 3 379 373
564 3 375 B
565 3 380 376
566 3 382 381
567 3 383 374
568 3 378 375
569 3 384 357
570 3 386 385
571 3 387 360
572 3 389 388
573 3 390 335
574 3 359 337
575 3 391 338
576 3 362 340
577 3 392 365
578 3 394 393
579 3 395 368
580 3 397 396
581 3 398 349
582 3 367 351
583 3 399 352
584 3 370 354
585 3 400 380
586 3 402 401
587 3 403 376
588 3 382 378
589 3 B 309
590 3 404 384
591 3 405 311
592 3 407 406
593 3 B 408
594 3 B 290
595 3 409 305
596 3 410 281
597 3 311 306
598 3 B B
599 3 B 411
600 3 B 412
601 3 B 308
602 3 413 357
603 3 386 359
604 3 414 360
605 3 389 362
606 3 B 255
607 3 415 349
608 3 416 257
609 3 367 366
610 3 B 417
611 3 B 262
612 3 418 273
613 3 281 274
614 3 B B
615 3 B 419
616 3 B 420
617 3 B 276
618 3 B 245
619 3 421 247
620 3 422 243
621 3 257 248
622 3 B B
623 3 B 423
624 3 B 424
625 3 B 254
626 3 425 365
627 3 394 367
628 3 426 368
629 3 397 370
630 3 B 239
631 3 427 373
632 3 428 B
633 3 375 B
634 3 B 259
635 3 429 240
636 3 243 B
637 3 B 430
638 3 B B
639 3 431 380
640 3 402 382
641 4 433 432
642 4 435 434
643 4 436 B
644 4 438 437
645 4 439 435
646 4 441 440
647 4 443 442
648 4 445 444
649 4 447 446
650 4 449 448
651 4 437 450
652 4 440 B
653 4 442 B
654 4 452 451
655 4 454 453
656 4 456 455
657 4 457 438
658 4 458 439
659 4 459 441
660 4 460 443
661 4 461 452
662 4 462 447
663 4 463 454
664 4 464 456
665 4 451 465
666 4 446 466
667 4 453 B
668 4 455 B
669 4 468 467
670 4 470 469
671 4 472 471
672 4 474 473
673 4 469 475
674 4 477 476
675 4 479 478
676 4 480 474
677 4 481 477
678 4 482 479
679 4 473 483
680 4 475 484
681 4 476 B
682 4 478 B
683 4 485 457
684 4 486 458
685 4 487 459
686 4 488 460
687 4 489 461
688 4 490 462
689 4 491 463
690 4 492 464
691 4 493 480
692 4 494 470
693 4 495 481
694 4 496 482
695 4 498 497
696 4 500 499
697 4 502 501
698 4 504 503
699 4 506 505
700 4 508 507
701 4 510 509
702 4 511 504
703 4 499 506
704 4 512 508
705 4 513 510
706 4 503 514
707 4 505 515
708 4 507 B
709 4 509 B
710 4 516 511
711 4 517 512
712 4 518 513
713 4 519 485
714 4 520 486
715 4 B 521
716 4 B 522
717 4 523 489
718 4 524 490
719 4 B 525
720 4 B 526
721 4 527 485
722 4 528 486
723 4 B 529
724 4 B 530
725 4 531 438
726 4 532 439
727 4 B 533
728 4 B 534
729 4 535 452
730 4 536 447
731 4 B 537
732 4 B 538
733 4 539 438
734 4 540 439
735 4 B 541
736 4 B 542
737 4 543 493
738 4 544 494
739 4 B 545
740 4 B 546
741 4 547 489
742 4 548 490
743 4 B 549
744 4 B 550
745 4 551 474
746 4 552 469
747 4 B 553
748 4 B 554
749 4 555 452
750 4 556 447
751 4 B 557
752 4 B 558
753 4 559 450
754 4 560 434
755 4 B B
756 4 B B
757 4 561 465
758 4 562 466
759 4 B B
760 4 B B
761 4 563 450
762 4 564 434
763 4 B B
764 4 B B
765 4 565 483
766 4 566 484
767 4 B B
768 4 B B
769 4 567 465
770 4 568 466
771 4 B B
772 4 B B
773 4 569 516
774 4 570 500
775 4 B 571
776 4 B 572
777 4 573 493
778 4 574 494
779 4 B 575
780 4 B 576
781 4 577 504
782 4 578 506
783 4 B 579
784 4 B 580
785 4 581 474
786 4 582 469
787 4 B 583
788 4 B 584
789 4 585 514
790 4 586 515
791 4 B B
792 4 B B
793 4 587 483
794 4 588 484
795 4 B B
796 4 B B
797 4 590 589
798 4 592 591
799 4 B 593
800 4 595 594
801 4 597 596
802 4 599 598
803 4 601 600
804 4 602 516
805 4 603 500
806 4 B 604
807 4 B 605
808 4 607 606
809 4 609 608
810 4 B 610
811 4 612 611
812 4 613 608
813 4 615 614
814 4 617 616
815 4 619 618
816 4 621 620
817 4 623 622
818 4 625 624
819 4 626 504
820 4 627 506
821 4 B 628
822 4 B 629
823 4 631 630
824 4 633 632
825 4 B B
826 4 635 634
827 4 636 632
828 4 637 B
829 4 638 B
830 4 639 514
831 4 640 515
832 4 B B
833 4 B B
834 5 642 641
835 5 643 B
836 5 645 644
837 5 647 646
838 5 649 648
839 5 650 B
840 5 642 651
841 5 653 652
842 5 645 644
843 5 647 646
844 5 642 641
845 5 643 B
846 5 649 654
847 5 656 655
848 5 658 657
849 5 660 659
850 5 662 661
851 5 664 663
852 5 658 657
853 5 660 659
854 5 642 651
855 5 653 652
856 5 666 665
857 5 668 667
858 5 670 669
859 5 671 B
860 5 649 654
861 5 656 655
862 5 662 661
863 5 664 663
864 5 649 648
865 5 650 B
866 5 673 672
867 5 675 674
868 5 670 676
869 5 678 677
870 5 680 679
871 5 682 681
872 5 666 665
873 5 668 667
874 5 684 683
875 5 686 685
876 5 688 687
877 5 690 689
878 5 684 683
879 5 686 685
880 5 692 691
881 5 694 693
882 5 688 687
883 5 690 689
884 5 696 695
885 5 697 B
886 5 670 676
887 5 678 677
888 5 692 691
889 5 694 693
890 5 670 669
891 5 671 B
892 5 699 698
893 5 701 700
894 5 703 702
895 5 705 704
896 5 673 672
897 5 675 674
898 5 707 706
899 5 709 708
900 5 680 679
901 5 682 681
902 5 696 710
903 5 712 711
904 5 714 713
905 5 716 715
906 5 718 717
907 5 720 719
908 5 722 721
909 5 724 723
910 5 726 725
911 5 728 727
912 5 730 729
913 5 732 731
914 5 734 733
915 5 736 735
916 5 738 737
917 5 740 739
918 5 714 713
919 5 716 715
920 5 742 741
921 5 744 743
922 5 746 745
923 5 748 747
924 5 726 725
925 5 728 727
926 5 750 749
927 5 752 751
928 5 742 741
929 5 744 743
930 5 750 749
931 5 752 751
932 5 754 753
933 5 756 755
934 5 758 757
935 5 760 759
936 5 762 761
937 5 764 763
938 5 766 765
939 5 768 767
940 5 754 753
941 5 756 755
942 5 770 769
943 5 772 771
944 5 770 769
945 5 772 771
946 5 774 773
947 5 776 775
948 5 718 717
949 5 720 719
950 5 778 777
951 5 780 779
952 5 782 781
953 5 784 783
954 5 730 729
955 5 732 731
956 5 786 785
957 5 788 787
958 5 778 777
959 5 780 779
960 5 786 785
961 5 788 787
962 5 790 789
963 5 792 791
964 5 758 757
965 5 760 759
966 5 794 793
967 5 796 795
968 5 794 793
969 5 796 795
970 5 798 797
971 5 799 B
972 5 801 800
973 5 803 802
974 5 738 737
975 5 740 739
976 5 805 804
977 5 807 806
978 5 809 808
979 5 810 B
980 5 801 800
981 5 803 802
982 5 812 811
983 5 814 813
984 5 812 811
985 5 814 813
986 5 816 815
987 5 818 817
988 5 805 804
989 5 807 806
990 5 820 819
991 5 822 821
992 5 809 808
993 5 810 B
994 5 824 823
995 5 825 B
996 5 816 815
997 5 818 817
998 5 827 826
999 5 829 828
1000 5 827 826
1001 5 829 828
1002 5 831 830
1003 5 833 832
1004 6 835 834
1005 6 837 836
1006 6 839 838
1007 6 841 840
1008 6 843 842
1009 6 845 844
1010 6 847 846
1011 6 849 848
1012 6 851 850
1013 6 853 852
1014 6 855 854
1015 6 857 856
1016 6 837 836
1017 6 847 846
1018 6 841 840
1019 6 843 842
1020 6 859 858
1021 6 861 860
1022 6 863 862
1023 6 865 864
1024 6 855 854
1025 6 857 856
1026 6 867 866
1027 6 869 868
1028 6 871 870
1029 6 867 866
1030 6 873 872
1031 6 861 860
1032 6 875 874
1033 6 877 876
1034 6 879 878
1035 6 849 848
1036 6 851 850
1037 6 853 852
1038 6 881 880
1039 6 883 882
1040 6 869 868
1041 6 863 862
1042 6 871 870
1043 6 873 872
1044 6 885 884
1045 6 887 886
1046 6 889 888
1047 6 891 890
1048 6 893 892
1049 6 895 894
1050 6 897 896
1051 6 899 898
1052 6 893 892
1053 6 901 900
1054 6 897 896
1055 6 903 902
1056 6 895 894
1057 6 887 886
1058 6 899 898
1059 6 901 900
1060 6 905 904
1061 6 907 906
1062 6 909 908
1063 6 911 910
1064 6 913 912
1065 6 915 914
1066 6 917 916
1067 6 919 918
1068 6 921 920
1069 6 923 922
1070 6 925 924
1071 6 927 926
1072 6 929 928
1073 6 931 930
1074 6 911 910
1075 6 913 912
1076 6 915 914
1077 6 933 932
1078 6 935 934
1079 6 937 936
1080 6 923 922
1081 6 925 924
1082 6 927 926
1083 6 939 938
1084 6 941 940
1085 6 943 942
1086 6 931 930
1087 6 945 944
1088 6 947 946
1089 6 949 948
1090 6 951 950
1091 6 953 952
1092 6 955 954
1093 6 957 956
1094 6 959 958
1095 6 961 960
1096 6 953 952
1097 6 955 954
1098 6 957 956
1099 6 963 962
1100 6 965 964
1101 6 967 966
1102 6 961 960
1103 6 969 968
1104 6 971 970
1105 6 973 972
1106 6 975 974
1107 6 977 976
1108 6 979 978
1109 6 981 980
1110 6 983 982
1111 6 985 984
1112 6 987 986
1113 6 989 988
1114 6 991 990
1115 6 993 992
1116 6 987 986
1117 6 995 994
1118 6 985 984
1119 6 997 996
1120 6 999 998
1121 6 997 996
1122 6 999 998
1123 6 1001 1000
1124 6 991 990
1125 6 1003 1002
1126 7 B 1004
1127 7 1006 1005
1128 7 1007 B
1129 7 1008 B
1130 7 1009 B
1131 7 1010 1005
1132 7 1012 1011
1133 7 1013 B
1134 7 1015 1014
1135 7 1017 1016
1136 7 1018 B
1137 7 1019 B
1138 7 B 1006
1139 7 1020 1012
1140 7 1021 1008
1141 7 1022 1013
1142 7 B 1009
1143 7 1023 1019
1144 7 1025 1024
1145 7 1026 1010
1146 7 1027 1012
1147 7 1028 1015
1148 7 1029 1017
1149 7 1030 1018
1150 7 1031 1019
1151 7 1033 1032
1152 7 1034 B
1153 7 1036 1035
1154 7 1037 B
1155 7 1038 1033
1156 7 1039 1034
1157 7 1040 1036
1158 7 1041 1037
1159 7 1042 1025
1160 7 1043 1007
1161 7 B 1020
1162 7 1044 1038
1163 7 1045 1022
1164 7 1046 1039
1165 7 B 1023
1166 7 1047 1041
1167 7 1048 1026
1168 7 1049 1027
1169 7 1050 1021
1170 7 1051 1028
1171 7 1052 1029
1172 7 1053 1030
1173 7 1054 1031
1174 7 1055 1038
1175 7 1056 1040
1176 7 1057 1041
1177 7 1058 1042
1178 7 1059 1043
1179 7 1061 1060
1180 7 1062 B
1181 7 1064 1063
1182 7 1065 B
1183 7 1066 1061
1184 7 1068 1067
1185 7 1069 1064
1186 7 1071 1070
1187 7 1072 1060
1188 7 1062 B
1189 7 1073 1063
1190 7 1065 B
1191 7 1075 1074
1192 7 1076 B
1193 7 1078 1077
1194 7 1079 B
1195 7 1080 1075
1196 7 1082 1081
1197 7 1083 1078
1198 7 1085 1084
1199 7 1086 1074
1200 7 1076 B
1201 7 1087 1077
1202 7 1079 B
1203 7 1088 1066
1204 7 1090 1089
1205 7 1091 1069
1206 7 1093 1092
1207 7 1094 1061
1208 7 1068 1062
1209 7 1095 1064
1210 7 1071 1065
1211 7 1096 1080
1212 7 1098 1097
1213 7 1099 1083
1214 7 1101 1100
1215 7 1102 1075
1216 7 1082 1076
1217 7 1103 1078
1218 7 1085 1079
1219 7 B 1044
1220 7 1104 1088
1221 7 1105 1046
1222 7 1107 1106
1223 7 B 1108
1224 7 B 1027
1225 7 1109 1038
1226 7 1110 1022
1227 7 1046 1039
1228 7 B B
1229 7 B 1111
1230 7 B 1112
1231 7 B 1041
1232 7 1113 1066
1233 7 1090 1068
1234 7 1114 1069
1235 7 1093 1071
1236 7 B 1006
1237 7 1115 1075
1238 7 1116 1008
1239 7 1082 1081
1240 7 B 1117
1241 7 B 1010
1242 7 1118 1012
1243 7 1022 1013
1244 7 B B
1245 7 B 1119
1246 7 B 1120
1247 7 B 1019
1248 7 B 1024
1249 7 1121 1005
1250 7 1122 B
1251 7 1008 B
1252 7 B 1123
1253 7 B B
1254 7 1124 1080
1255 7 1098 1082
1256 7 1125 1083
1257 7 1101 1085
1258 8 1127 1126
1259 8 1129 1128
1260 8 1130 B
1261 8 1132 1131
1262 8 1133 1129
1263 8 1135 1134
1264 8 1137 1136
1265 8 1139 1138
1266 8 1141 1140
1267 8 1143 1142
1268 8 1131 1144
1269 8 1134 B
1270 8 1136 B
1271 8 1146 1145
1272 8 1148 1147
1273 8 1150 1149
1274 8 1151 1132
1275 8 1152 1133
1276 8 1153 1135
1277 8 1154 1137
1278 8 1155 1146
1279 8 1156 1141
1280 8 1157 1148
1281 8 1158 1150
1282 8 1145 1159
1283 8 1140 1160
1284 8 1147 B
1285 8 1149 B
1286 8 1162 1161
1287 8 1164 1163
1288 8 1166 1165
1289 8 1168 1167
1290 8 1163 1169
1291 8 1171 1170
1292 8 1173 1172
1293 8 1174 1168
1294 8 1175 1171
1295 8 1176 1173
1296 8 1167 1177
1297 8 1169 1178
1298 8 1170 B
1299 8 1172 B
1300 8 1179 1151
1301 8 1180 1152
1302 8 B 1181
1303 8 B 1182
1304 8 1183 1155
1305 8 1184 1156
1306 8 B 1185
1307 8 B 1186
1308 8 1187 1151
1309 8 1188 1152
1310 8 B 1189
1311 8 B 1190
1312 8 1191 1131
1313 8 1192 1129
1314 8 B 1193
1315 8 B 1194
1316 8 1195 1145
1317 8 1196 1140
1318 8 B 1197
1319 8 B 1198
1320 8 1199 1131
1321 8 1200 1129
1322 8 B 1201
1323 8 B 1202
1324 8 1203 1174
1325 8 1204 1164
1326 8 B 1205
1327 8 B 1206
1328 8 1207 1155
1329 8 1208 1156
1330 8 B 1209
1331 8 B 1210
1332 8 1211 1167
1333 8 1212 1169
1334 8 B 1213
1335 8 B 1214
1336 8 1215 1145
1337 8 1216 1140
1338 8 B 1217
1339 8 B 1218
1340 8 1220 1219
1341 8 1222 1221
1342 8 B 1223
1343 8 1225 1224
1344 8 1227 1226
1345 8 1229 1228
1346 8 1231 1230
1347 8 1232 1174
1348 8 1233 1164
1349 8 B 1234
1350 8 B 1235
1351 8 1237 1236
1352 8 1239 1238
1353 8 B 1240
1354 8 1242 1241
1355 8 1243 1238
1356 8 1245 1244
1357 8 1247 1246
1358 8 1249 1248
1359 8 1251 1250
1360 8 1252 B
1361 8 1253 B
1362 8 1254 1167
1363 8 1255 1169
1364 8 B 1256
1365 8 B 1257
1366 9 1259 1258
1367 9 1260 B
1368 9 1262 1261
1369 9 1264 1263
1370 9 1266 1265
1371 9 1267 B
1372 9 1259 1268
1373 9 1270 1269
1374 9 1262 1261
1375 9 1264 1263
1376 9 1259 1258
1377 9 1260 B
1378 9 1266 1271
1379 9 1273 1272
1380 9 1275 1274
1381 9 1277 1276
1382 9 1279 1278
1383 9 1281 1280
1384 9 1275 1274
1385 9 1277 1276
1386 9 1259 1268
1387 9 1270 1269
1388 9 1283 1282
1389 9 1285 1284
1390 9 1287 1286
1391 9 1288 B
1392 9 1266 1271
1393 9 1273 1272
1394 9 1279 1278
1395 9 1281 1280
1396 9 1266 1265
1397 9 1267 B
1398 9 1290 1289
1399 9 1292 1291
1400 9 1287 1293
1401 9 1295 1294
1402 9 1297 1296
1403 9 1299 1298
1404 9 1283 1282
1405 9 1285 1284
1406 9 1301 1300
1407 9 1303 1302
1408 9 1305 1304
1409 9 1307 1306
1410 9 1309 1308
1411 9 1311 1310
1412 9 1313 1312
1413 9 1315 1314
1414 9 1317 1316
1415 9 1319 1318
1416 9 1321 1320
1417 9 1323 1322
1418 9 1325 1324
1419 9 1327 1326
1420 9 1301 1300
1421 9 1303 1302
1422 9 1329 1328
1423 9 1331 1330
1424 9 1333 1332
1425 9 1335 1334
1426 9 1313 1312
1427 9 1315 1314
1428 9 1337 1336
1429 9 1339 1338
1430 9 1329 1328
1431 9 1331 1330
1432 9 1337 1336
1433 9 1339 1338
1434 9 1341 1340
1435 9 1342 B
1436 9 1344 1343
1437 9 1346 1345
1438 9 1305 1304
1439 9 1307 1306
1440 9 1348 1347
1441 9 1350 1349
1442 9 1352 1351
1443 9 1353 B
1444 9 1344 1343
1445 9 1346 1345
1446 9 1355 1354
1447 9 1357 1356
1448 9 1355 1354
1449 9 1357 1356
1450 9 1359 1358
1451 9 1361 1360
1452 9 1348 1347
1453 9 1350 1349
1454 9 1363 1362
1455 9 1365 1364
1456 9 1352 1351
1457 9 1353 B
1458 9 1359 1358
1459 9 1361 1360
1460 10 1367 1366
1461 10 1369 1368
1462 10 1371 1370
1463 10 1373 1372
1464 10 1375 1374
1465 10 1377 1376
1466 10 1379 1378
1467 10 1381 1380
1468 10 1383 1382
1469 10 1385 1384
1470 10 1387 1386
1471 10 1389 1388
1472 10 1369 1368
1473 10 1379 1378
1474 10 1373 1372
1475 10 1375 1374
1476 10 1391 1390
1477 10 1393 1392
1478 10 1395 1394
1479 10 1397 1396
1480 10 1387 1386
1481 10 1389 1388
1482 10 1399 1398
1483 10 1401 1400
1484 10 1403 1402
1485 10 1399 1398
1486 10 1405 1404
1487 10 1393 1392
1488 10 1407 1406
1489 10 1409 1408
1490 10 1411 1410
1491 10 1413 1412
1492 10 1415 1414
1493 10 1417 1416
1494 10 1419 1418
1495 10 1421 1420
1496 10 1423 1422
1497 10 1425 1424
1498 10 1427 1426
1499 10 1429 1428
1500 10 1431 1430
1501 10 1433 1432
1502 10 1413 1412
1503 10 1415 1414
1504 10 1417 1416
1505 10 1403 1402
1506 10 1425 1424
1507 10 1405 1404
1508 10 1427 1426
1509 10 1429 1428
1510 10 1433 1432
1511 10 1435 1434
1512 10 1437 1436
1513 10 1439 1438
1514 10 1441 1440
1515 10 1443 1442
1516 10 1445 1444
1517 10 1447 1446
1518 10 1449 1448
1519 10 1451 1450
1520 10 1453 1452
1521 10 1455 1454
1522 10 1457 1456
1523 10 1451 1450
1524 10 1449 1448
1525 10 1459 1458
1526 10 1455 1454
1527 11 B 1460
1528 11 1462 1461
1529 11 1463 B
1530 11 1464 B
1531 11 1465 B
1532 11 1466 1461
1533 11 1468 1467
1534 11 1469 B
1535 11 1471 1470
1536 11 1473 1472
1537 11 1474 B
1538 11 1475 B
1539 11 B 1462
1540 11 1476 1468
1541 11 1477 1464
1542 11 1478 1469
1543 11 B 1465
1544 11 1479 1475
1545 11 1481 1480
1546 11 1482 1466
1547 11 1483 1468
1548 11 1484 1471
1549 11 1485 1473
1550 11 1486 1474
1551 11 1487 1475
1552 11 1489 1488
1553 11 1490 B
1554 11 1492 1491
1555 11 1493 B
1556 11 1494 1489
1557 11 1496 1495
1558 11 1497 1492
1559 11 1499 1498
1560 11 1500 1488
1561 11 1490 B
1562 11 1501 1491
1563 11 1493 B
1564 11 1503 1502
1565 11 1504 B
1566 11 1505 1481
1567 11 1506 1503
1568 11 1507 1463
1569 11 1509 1508
1570 11 1510 1502
1571 11 1504 B
1572 11 B 1476
1573 11 1511 1494
1574 11 1512 1478
1575 11 1514 1513
1576 11 B 1515
1577 11 B 1466
1578 11 1516 1468
1579 11 1517 1464
1580 11 1478 1469
1581 11 B B
1582 11 B 1518
1583 11 B 1519
1584 11 B 1475
1585 11 1520 1489
1586 11 1496 1490
1587 11 1521 1492
1588 11 1499 1493
1589 11 B 1460
1590 11 1522 1502
1591 11 1523 B
1592 11 1504 B
1593 11 B 1480
1594 11 1524 1461
1595 11 1464 B
1596 11 B 1525
1597 11 B B
1598 11 1526 1503
1599 11 1509 1504
1600 12 1528 1527
1601 12 1530 1529
1602 12 1531 B
1603 12 1533 1532
1604 12 1534 1530
1605 12 1536 1535
1606 12 1538 1537
1607 12 1540 1539
1608 12 1542 1541
1609 12 1544 1543
1610 12 1532 1545
1611 12 1535 B
1612 12 1537 B
1613 12 1547 1546
1614 12 1549 1548
1615 12 1551 1550
1616 12 1552 1533
1617 12 1553 1534
1618 12 B 1554
1619 12 B 1555
1620 12 1556 1547
1621 12 1557 1542
1622 12 B 1558
1623 12 B 1559
1624 12 1560 1533
1625 12 1561 1534
1626 12 B 1562
1627 12 B 1563
1628 12 1564 1545
1629 12 1565 1529
1630 12 B B
1631 12 B B
1632 12 1567 1566
1633 12 1569 1568
1634 12 B B
1635 12 B B
1636 12 1570 1545
1637 12 1571 1529
1638 12 B B
1639 12 B B
1640 12 1573 1572
1641 12 1575 1574
1642 12 B 1576
1643 12 1578 1577
1644 12 1580 1579
1645 12 1582 1581
1646 12 1584 1583
1647 12 1585 1547
1648 12 1586 1542
1649 12 B 1587
1650 12 B 1588
1651 12 1590 1589
1652 12 1592 1591
1653 12 B B
1654 12 1594 1593
1655 12 1595 1591
1656 12 1596 B
1657 12 1597 B
1658 12 1598 1566
1659 12 1599 1568
1660 12 B B
1661 12 B B
1662 13 1601 1600
1663 13 1602 B
1664 13 1604 1603
1665 13 1606 1605
1666 13 1608 1607
1667 13 1609 B
1668 13 1601 1610
1669 13 1612 1611
1670 13 1604 1603
1671 13 1606 1605
1672 13 1601 1600
1673 13 1602 B
1674 13 1608 1613
1675 13 1615 1614
1676 13 1617 1616
1677 13 1619 1618
1678 13 1621 1620
1679 13 1623 1622
1680 13 1625 1624
1681 13 1627 1626
1682 13 1629 1628
1683 13 1631 1630
1684 13 1633 1632
1685 13 1635 1634
1686 13 1637 1636
1687 13 1639 1638
1688 13 1641 1640
1689 13 1642 B
1690 13 1644 1643
1691 13 1646 1645
1692 13 1617 1616
1693 13 1619 1618
1694 13 1648 1647
1695 13 1650 1649
1696 13 1652 1651
1697 13 1653 B
1698 13 1601 1610
1699 13 1612 1611
1700 13 1644 1643
1701 13 1646 1645
1702 13 1655 1654
1703 13 1657 1656
1704 13 1655 1654
1705 13 1657 1656
1706 13 1648 1647
1707 13 1650 1649
1708 13 1659 1658
1709 13 1661 1660
1710 14 1663 1662
1711 14 1665 1664
1712 14 1667 1666
1713 14 1669 1668
1714 14 1671 1670
1715 14 1673 1672
1716 14 1675 1674
1717 14 1677 1676
1718 14 1679 1678
1719 14 1681 1680
1720 14 1683 1682
1721 14 1685 1684
1722 14 1687 1686
1723 14 1689 1688
1724 14 1691 1690
1725 14 1693 1692
1726 14 1695 1694
1727 14 1697 1696
1728 14 1699 1698
1729 14 1701 1700
1730 14 1703 1702
1731 14 1705 1704
1732 14 1707 1706
1733 14 1709 1708
1734 15 B 1710
1735 15 1712 1711
1736 15 1713 B
1737 15 1714 B
1738 15 1715 B
1739 15 1716 1711
1740 15 1718 1717
1741 15 1719 B
1742 15 1721 1720
1743 15 1722 B
1744 15 B 1712
1745 15 1723 1718
1746 15 1724 1714
1747 15 1726 1725
1748 15 B 1727
1749 15 B 1728
1750 15 1729 1711
1751 15 1730 B
1752 15 1714 B
1753 15 B 1731
1754 15 B B
1755 15 1732 1717
1756 15 1719 B
1757 15 1733 1720
1758 15 1722 B
1759 16 1735 1734
1760 16 1737 1736
1761 16 1738 B
1762 16 1740 1739
1763 16 1741 1737
1764 16 B 1742
1765 16 B 1743
1766 16 1745 1744
1767 16 1747 1746
1768 16 B 1748
1769 16 1750 1749
1770 16 1752 1751
1771 16 1753 B
1772 16 1754 B
1773 16 1755 1739
1774 16 1756 1737
1775 16 B 1757
1776 16 B 1758
1777 17 1760 1759
1778 17 1761 B
1779 17 1763 1762
1780 17 1765 1764
1781 17 1767 1766
1782 17 1768 B
1783 17 1770 1769
1784 17 1772 1771
1785 17 1774 1773
1786 17 1776 1775
1787 18 1778 1777
1788 18 1780 1779
1789 18 1782 1781
1790 18 1784 1783
1791 18 1786 1785
1792 19 B 1787
1793 19 1789 1788
1794 19 1790 B
1795 19 1791 B
1796 20 1793 1792
1797 20 1795 1794
1798 21 1797 1796
1799 22 B 1798
1800 23 1799 B
1801 24 1800 B
1802 25 B 1801
1803 26 B 1802