1 1 B T
2 2 B T
3 2 T 1
4 2 B 1
5 3 B 2
6 3 2 3
7 3 3 1
8 3 T 1
9 3 B 4
10 3 4 1
11 3 2 4
12 3 B 1
13 4 6 5
14 4 7 6
15 4 8 6
16 4 1 7
17 4 B 1
18 4 3 6
19 4 T 6
20 4 9 5
21 4 4 6
22 4 B 10
23 4 B 11
24 4 10 6
25 4 12 6
26 5 14 13
27 5 13 5
28 5 16 15
29 5 16 14
30 5 17 16
31 5 B 17
32 5 B 18
33 5 18 13
34 5 B 19
35 5 20 5
36 5 21 20
37 5 22 21
38 5 23 20
39 5 17 22
40 5 B 22
41 5 22 23
42 5 24 13
43 5 B 21
44 5 B 14
45 5 B 24
46 5 B 13
47 5 B 25
48 5 B 15
49 6 27 26
50 6 5 13
51 6 26 28
52 6 13 15
53 6 26 29
54 6 29 30
55 6 5 27
56 6 B 5
57 6 30 31
58 6 33 32
59 6 33 34
60 6 B 35
61 6 B 36
62 6 35 26
63 6 B 27
64 6 B 37
65 6 B 38
66 6 B 20
67 6 36 29
68 6 B 39
69 6 37 30
70 6 38 29
71 6 B 31
72 6 B 40
73 6 20 26
74 6 B 41
75 6 39 31
76 6 40 31
77 6 41 30
78 6 36 28
79 6 20 15
80 6 38 28
81 6 36 32
82 6 35 42
83 6 B 43
84 6 42 44
85 6 27 42
86 6 46 45
87 6 46 47
88 6 36 34
89 6 20 25
90 6 42 48
91 6 13 25
92 7 50 49
93 7 52 51
94 7 49 53
95 7 51 54
96 7 56 55
97 7 55 49
98 7 15 28
99 7 28 30
100 7 53 54
101 7 54 57
102 7 30 31
103 7 B 56
104 7 57 31
105 7 49 58
106 7 52 59
107 7 B 60
108 7 60 61
109 7 63 62
110 7 65 64
111 7 56 63
112 7 66 65
113 7 62 67
114 7 64 68
115 7 70 69
116 7 72 71
117 7 73 70
118 7 74 72
119 7 66 61
120 7 69 75
121 7 76 31
122 7 77 76
123 7 79 78
124 7 80 69
125 7 79 80
126 7 82 81
127 7 85 84
128 7 86 45
129 7 87 45
130 7 89 88
131 7 91 90
132 7 B 47
133 8 93 92
134 8 95 94
135 8 92 96
136 8 94 97
137 8 98 93
138 8 99 95
139 8 101 100
140 8 100 94
141 8 102 101
142 8 96 103
143 8 97 96
144 8 104 101
145 8 31 104
146 8 B 31
147 8 59 105
148 8 58 105
149 8 19 106
150 8 107 103
151 8 108 96
152 8 110 109
153 8 112 111
154 8 114 113
155 8 116 115
156 8 118 117
157 8 119 96
158 8 71 120
159 8 B 121
160 8 B 122
161 8 B 123
162 8 B 124
163 8 B 125
164 8 B 120
165 8 83 126
166 8 128 127
167 8 129 127
168 8 B 130
169 8 132 131
170 9 134 133
171 9 136 135
172 9 138 137
173 9 139 134
174 9 140 136
175 9 141 138
176 9 143 142
177 9 136 143
178 9 144 139
179 9 139 140
180 9 145 141
181 9 142 103
182 9 145 144
183 9 146 145
184 9 B 146
185 9 B 147
186 9 148 136
187 9 B 149
188 9 147 133
189 9 B 148
190 9 150 103
191 9 151 150
192 9 152 151
193 9 153 150
194 9 154 152
195 9 155 154
196 9 156 152
197 9 152 153
198 9 152 157
199 9 158 155
200 9 159 158
201 9 160 155
202 9 155 156
203 9 146 159
204 9 162 161
205 9 164 162
206 9 159 164
207 9 160 162
208 9 162 163
209 9 B 159
210 9 159 160
211 9 165 152
212 9 166 136
213 9 B 165
214 9 B 140
215 9 B 166
216 9 B 136
217 9 B 167
218 9 167 133
219 9 B 168
220 9 B 134
221 9 B 169
222 9 B 133
223 9 B 137
224 10 171 170
225 10 135 133
226 10 170 172
227 10 133 137
228 10 174 173
229 10 173 175
230 10 176 171
231 10 142 135
232 10 177 174
233 10 179 178
234 10 178 180
235 10 174 179
236 10 181 176
237 10 103 142
238 10 176 177
239 10 178 182
240 10 182 183
241 10 103 181
242 10 B 103
243 10 183 184
244 10 186 185
245 10 188 187
246 10 186 189
247 10 B 190
248 10 B 191
249 10 190 176
250 10 B 181
251 10 B 192
252 10 B 193
253 10 B 150
254 10 191 177
255 10 B 194
256 10 192 174
257 10 193 177
258 10 B 195
259 10 B 196
260 10 150 176
261 10 B 197
262 10 B 142
263 10 B 198
264 10 B 153
265 10 194 179
266 10 B 199
267 10 195 178
268 10 196 179
269 10 B 200
270 10 B 201
271 10 197 174
272 10 B 202
273 10 199 182
274 10 B 203
275 10 198 170
276 10 153 133
277 10 B 204
278 10 B 163
279 10 194 173
280 10 B 205
281 10 196 173
282 10 B 206
283 10 B 207
284 10 197 170
285 10 B 208
286 10 200 183
287 10 201 182
288 10 B 184
289 10 B 209
290 10 202 178
291 10 B 210
292 10 203 184
293 10 209 184
294 10 210 183
295 10 211 189
296 10 192 212
297 10 B 213
298 10 212 214
299 10 177 212
300 10 216 215
301 10 216 217
302 10 211 185
303 10 198 218
304 10 B 219
305 10 212 220
306 10 171 218
307 10 222 221
308 10 218 223
309 10 133 169
310 11 225 224
311 11 227 226
312 11 224 228
313 11 226 229
314 11 231 230
315 11 230 232
316 11 137 172
317 11 172 175
318 11 228 233
319 11 229 234
320 11 232 235
321 11 175 180
322 11 237 236
323 11 236 238
324 11 238 232
325 11 233 239
326 11 234 240
327 11 235 233
328 11 180 183
329 11 242 241
330 11 241 236
331 11 239 240
332 11 240 243
333 11 183 184
334 11 B 242
335 11 243 184
336 11 224 244
337 11 232 246
338 11 227 245
339 11 B 247
340 11 247 248
341 11 250 249
342 11 252 251
343 11 242 250
344 11 253 252
345 11 249 254
346 11 251 255
347 11 257 256
348 11 259 258
349 11 260 257
350 11 261 259
351 11 262 249
352 11 264 263
353 11 263 255
354 11 256 265
355 11 258 266
356 11 268 267
357 11 270 269
358 11 271 268
359 11 272 270
360 11 267 273
361 11 269 274
362 11 276 275
363 11 278 277
364 11 275 279
365 11 277 280
366 11 281 267
367 11 283 282
368 11 284 281
369 11 285 283
370 11 282 274
371 11 287 286
372 11 289 288
373 11 290 287
374 11 291 289
375 11 286 292
376 11 293 184
377 11 294 293
378 11 296 295
379 11 299 298
380 11 300 215
381 11 301 215
382 11 303 302
383 11 306 305
384 11 307 217
385 11 309 308
386 11 B 221
387 12 311 310
388 12 313 312
389 12 310 314
390 12 312 315
391 12 316 311
392 12 317 313
393 12 319 318
394 12 318 320
395 12 321 319
396 12 314 322
397 12 315 323
398 12 320 324
399 12 326 325
400 12 325 327
401 12 328 326
402 12 327 320
403 12 322 329
404 12 323 330
405 12 324 323
406 12 332 331
407 12 331 325
408 12 333 332
409 12 329 334
410 12 330 329
411 12 335 332
412 12 184 335
413 12 B 184
414 12 245 336
415 12 244 337
416 12 149 338
417 12 246 337
418 12 339 334
419 12 340 329
420 12 342 341
421 12 344 343
422 12 346 345
423 12 348 347
424 12 350 349
425 12 352 351
426 12 353 345
427 12 355 354
428 12 357 356
429 12 359 358
430 12 361 360
431 12 363 362
432 12 365 364
433 12 367 366
434 12 369 368
435 12 370 360
436 12 372 371
437 12 374 373
438 12 288 375
439 12 B 376
440 12 B 377
441 12 297 378
442 12 380 379
443 12 381 379
444 12 304 382
445 12 384 383
446 12 386 385
447 13 388 387
448 13 390 389
449 13 392 391
450 13 393 388
451 13 394 390
452 13 395 392
453 13 397 396
454 13 398 397
455 13 399 393
456 13 400 394
457 13 401 395
458 13 402 398
459 13 404 403
460 13 405 404
461 13 398 405
462 13 406 399
463 13 407 400
464 13 408 401
465 13 400 402
466 13 410 409
467 13 404 410
468 13 411 406
469 13 406 407
470 13 412 408
471 13 409 334
472 13 412 411
473 13 413 412
474 13 B 413
475 13 B 414
476 13 415 390
477 13 B 416
478 13 414 387
479 13 B 415
480 13 417 398
481 13 B 417
482 13 418 334
483 13 419 418
484 13 420 419
485 13 421 418
486 13 422 420
487 13 423 422
488 13 424 420
489 13 420 421
490 13 426 425
491 13 423 426
492 13 424 425
493 13 427 423
494 13 428 427
495 13 429 423
496 13 423 424
497 13 430 428
498 13 432 431
499 13 433 432
500 13 434 431
501 13 435 433
502 13 436 435
503 13 437 433
504 13 433 434
505 13 438 436
506 13 436 430
507 13 437 428
508 13 428 429
509 13 439 438
510 13 440 436
511 13 436 437
512 13 413 439
513 13 B 439
514 13 439 440
515 13 441 423
516 13 442 398
517 13 B 441
518 13 B 402
519 13 B 442
520 13 B 398
521 13 B 443
522 13 443 390
523 13 B 444
524 13 B 394
525 13 B 445
526 13 B 390
527 13 B 388
528 13 445 387
529 13 B 446
530 13 B 387
531 13 444 431
532 13 B 391
533 14 448 447
534 14 389 387
535 14 447 449
536 14 387 391
537 14 451 450
538 14 450 452
539 14 453 448
540 14 396 389
541 14 454 451
542 14 456 455
543 14 455 457
544 14 458 456
545 14 459 453
546 14 403 396
547 14 460 454
548 14 461 458
549 14 463 462
550 14 462 464
551 14 465 463
552 14 458 465
553 14 466 459
554 14 409 403
555 14 467 460
556 14 460 461
557 14 469 468
558 14 468 470
559 14 463 469
560 14 471 466
561 14 334 409
562 14 466 467
563 14 468 472
564 14 472 473
565 14 334 471
566 14 B 334
567 14 473 474
568 14 476 475
569 14 478 477
570 14 480 479
571 14 480 481
572 14 B 482
573 14 B 483
574 14 B 418
575 14 482 466
576 14 B 471
577 14 B 484
578 14 B 485
579 14 483 467
580 14 B 486
581 14 484 460
582 14 485 467
583 14 B 487
584 14 B 488
585 14 418 466
586 14 B 489
587 14 483 459
588 14 418 403
589 14 B 490
590 14 B 425
591 14 485 459
592 14 B 491
593 14 B 492
594 14 486 461
595 14 B 493
596 14 487 458
597 14 488 461
598 14 B 494
599 14 B 495
600 14 489 460
601 14 B 496
602 14 493 465
603 14 B 497
604 14 490 448
605 14 425 389
606 14 B 498
607 14 B 431
608 14 491 451
609 14 492 448
610 14 B 499
611 14 B 500
612 14 493 456
613 14 B 501
614 14 494 463
615 14 495 456
616 14 B 502
617 14 B 503
618 14 496 451
619 14 B 504
620 14 497 469
621 14 B 505
622 14 495 465
623 14 B 506
624 14 B 507
625 14 496 458
626 14 B 508
627 14 506 468
628 14 507 469
629 14 B 509
630 14 B 510
631 14 508 463
632 14 B 511
633 14 498 449
634 14 431 391
635 14 499 452
636 14 500 449
637 14 501 457
638 14 502 464
639 14 503 457
640 14 504 452
641 14 505 470
642 14 509 473
643 14 510 470
644 14 511 464
645 14 505 472
646 14 B 512
647 14 512 474
648 14 510 472
649 14 B 474
650 14 B 513
651 14 511 468
652 14 B 514
653 14 513 474
654 14 514 473
655 14 515 481
656 14 487 516
657 14 B 517
658 14 516 518
659 14 461 516
660 14 520 519
661 14 520 521
662 14 515 479
663 14 491 522
664 14 B 523
665 14 516 524
666 14 454 522
667 14 526 525
668 14 522 527
669 14 448 528
670 14 530 529
671 14 531 477
672 14 431 446
673 14 528 532
674 14 387 446
675 15 534 533
676 15 536 535
677 15 533 537
678 15 535 538
679 15 540 539
680 15 539 541
681 15 391 449
682 15 449 452
683 15 537 542
684 15 538 543
685 15 541 544
686 15 452 457
687 15 546 545
688 15 545 547
689 15 547 548
690 15 542 549
691 15 543 550
692 15 544 551
693 15 457 464
694 15 548 552
695 15 554 553
696 15 553 555
697 15 555 556
698 15 556 548
699 15 549 557
700 15 550 558
701 15 551 559
702 15 464 470
703 15 552 551
704 15 561 560
705 15 560 562
706 15 562 555
707 15 557 563
708 15 558 564
709 15 559 557
710 15 470 473
711 15 566 565
712 15 565 560
713 15 563 564
714 15 564 567
715 15 473 474
716 15 B 566
717 15 567 474
718 15 533 568
719 15 541 570
720 15 536 569
721 15 548 571
722 15 B 572
723 15 572 573
724 15 574 573
725 15 576 575
726 15 578 577
727 15 566 576
728 15 574 578
729 15 575 579
730 15 577 580
731 15 582 581
732 15 584 583
733 15 585 582
734 15 586 584
735 15 588 587
736 15 590 589
737 15 591 581
738 15 593 592
739 15 588 591
740 15 590 593
741 15 581 594
742 15 592 595
743 15 597 596
744 15 599 598
745 15 600 597
746 15 601 599
747 15 583 595
748 15 596 602
749 15 598 603
750 15 605 604
751 15 607 606
752 15 609 608
753 15 611 610
754 15 605 609
755 15 607 611
756 15 608 612
757 15 610 613
758 15 615 614
759 15 617 616
760 15 618 615
761 15 619 617
762 15 614 620
763 15 616 621
764 15 622 614
765 15 624 623
766 15 625 622
767 15 626 624
768 15 628 627
769 15 630 629
770 15 631 628
771 15 632 630
772 15 634 633
773 15 636 635
774 15 634 636
775 15 635 637
776 15 639 638
777 15 640 639
778 15 638 641
779 15 643 642
780 15 644 643
781 15 623 621
782 15 627 645
783 15 629 646
784 15 642 647
785 15 648 642
786 15 650 649
787 15 651 648
788 15 652 650
789 15 653 474
790 15 654 653
791 15 656 655
792 15 659 658
793 15 660 519
794 15 661 519
795 15 663 662
796 15 666 665
797 15 667 521
798 15 669 668
799 15 670 525
800 15 672 671
801 15 674 673
802 15 B 529
803 16 676 675
804 16 678 677
805 16 675 679
806 16 677 680
807 16 681 676
808 16 682 678
809 16 684 683
810 16 683 685
811 16 686 684
812 16 679 687
813 16 680 688
814 16 685 689
815 16 691 690
816 16 690 692
817 16 693 691
818 16 692 694
819 16 687 695
820 16 688 696
821 16 689 697
822 16 694 698
823 16 700 699
824 16 699 701
825 16 702 700
826 16 701 703
827 16 703 694
828 16 695 704
829 16 696 705
830 16 697 706
831 16 698 697
832 16 708 707
833 16 707 709
834 16 710 708
835 16 709 701
836 16 704 711
837 16 705 712
838 16 706 705
839 16 714 713
840 16 713 707
841 16 715 714
842 16 711 716
843 16 712 711
844 16 717 714
845 16 474 717
846 16 B 474
847 16 569 718
848 16 568 719
849 16 416 720
850 16 570 721
851 16 571 721
852 16 722 716
853 16 723 711
854 16 724 711
855 16 726 725
856 16 728 727
857 16 730 729
858 16 732 731
859 16 734 733
860 16 736 735
861 16 738 737
862 16 740 739
863 16 742 741
864 16 744 743
865 16 746 745
866 16 747 741
867 16 749 748
868 16 751 750
869 16 753 752
870 16 755 754
871 16 757 756
872 16 759 758
873 16 761 760
874 16 763 762
875 16 765 764
876 16 767 766
877 16 769 768
878 16 771 770
879 16 B 772
880 16 B 773
881 16 B 774
882 16 B 775
883 16 B 776
884 16 B 777
885 16 B 778
886 16 B 779
887 16 B 780
888 16 781 762
889 16 783 782
890 16 B 784
891 16 786 785
892 16 788 787
893 16 B 789
894 16 B 790
895 16 649 784
896 16 657 791
897 16 793 792
898 16 794 792
899 16 664 795
900 16 797 796
901 16 799 798
902 16 B 800
903 16 802 801
904 17 804 803
905 17 806 805
906 17 808 807
907 17 809 804
908 17 810 806
909 17 811 808
910 17 813 812
911 17 814 813
912 17 815 809
913 17 816 810
914 17 817 811
915 17 818 814
916 17 820 819
917 17 821 820
918 17 822 821
919 17 823 815
920 17 824 816
921 17 825 817
922 17 826 818
923 17 827 822
924 17 829 828
925 17 830 829
926 17 831 830
927 17 822 831
928 17 832 823
929 17 833 824
930 17 834 825
931 17 835 826
932 17 826 827
933 17 837 836
934 17 838 837
935 17 830 838
936 17 839 832
937 17 840 833
938 17 841 834
939 17 833 835
940 17 843 842
941 17 837 843
942 17 844 839
943 17 839 840
944 17 845 841
945 17 842 716
946 17 845 844
947 17 846 845
948 17 B 847
949 17 848 806
950 17 B 849
951 17 847 803
952 17 B 848
953 17 850 814
954 17 B 850
955 17 851 822
956 17 B 851
957 17 B 846
958 17 852 716
959 17 853 852
960 17 855 854
961 17 857 855
962 17 855 853
963 17 856 852
964 17 858 857
965 17 859 855
966 17 855 856
967 17 861 860
968 17 863 861
969 17 864 863
970 17 865 861
971 17 861 862
972 17 866 858
973 17 867 864
974 17 869 868
975 17 871 869
976 17 872 871
977 17 873 869
978 17 869 870
979 17 874 872
980 17 864 866
981 17 865 858
982 17 858 859
983 17 875 867
984 17 876 864
985 17 864 865
986 17 877 874
987 17 878 872
988 17 872 873
989 17 880 879
990 17 882 880
991 17 883 882
992 17 884 880
993 17 880 881
994 17 885 883
995 17 886 885
996 17 887 883
997 17 883 884
998 17 888 875
999 17 889 877
1000 17 890 886
1001 17 877 888
1002 17 878 875
1003 17 875 876
1004 17 891 889
1005 17 892 877
1006 17 877 878
1007 17 893 890
1008 17 894 886
1009 17 886 887
1010 17 895 891
1011 17 846 893
1012 17 893 895
1013 17 894 891
1014 17 891 892
1015 17 B 893
1016 17 893 894
1017 17 896 864
1018 17 897 822
1019 17 B 896
1020 17 B 827
1021 17 B 897
1022 17 B 822
1023 17 B 898
1024 17 898 814
1025 17 B 899
1026 17 B 818
1027 17 B 900
1028 17 B 814
1029 17 B 810
1030 17 900 806
1031 17 B 901
1032 17 B 806
1033 17 899 869
1034 17 901 803
1035 17 B 902
1036 17 B 804
1037 17 B 903
1038 17 B 803
1039 17 B 807
1040 18 905 904
1041 18 805 803
1042 18 904 906
1043 18 803 807
1044 18 908 907
1045 18 907 909
1046 18 910 905
1047 18 812 805
1048 18 911 908
1049 18 913 912
1050 18 912 914
1051 18 915 913
1052 18 916 910
1053 18 819 812
1054 18 917 911
1055 18 918 915
1056 18 920 919
1057 18 919 921
1058 18 922 920
1059 18 923 922
1060 18 924 916
1061 18 828 819
1062 18 925 917
1063 18 926 918
1064 18 927 923
1065 18 929 928
1066 18 928 930
1067 18 931 929
1068 18 932 931
1069 18 923 932
1070 18 933 924
1071 18 836 828
1072 18 934 925
1073 18 935 926
1074 18 926 927
1075 18 937 936
1076 18 936 938
1077 18 939 937
1078 18 931 939
1079 18 940 933
1080 18 842 836
1081 18 941 934
1082 18 934 935
1083 18 943 942
1084 18 942 944
1085 18 937 943
1086 18 945 940
1087 18 716 842
1088 18 940 941
1089 18 942 946
1090 18 946 947
1091 18 716 945
1092 18 B 716
1093 18 949 948
1094 18 951 950
1095 18 953 952
1096 18 955 954
1097 18 955 956
1098 18 947 957
1099 18 B 958
1100 18 B 959
1101 18 958 940
1102 18 B 842
1103 18 B 960
1104 18 B 856
1105 18 959 941
1106 18 B 961
1107 18 B 945
1108 18 B 962
1109 18 B 963
1110 18 B 852
1111 18 962 934
1112 18 963 941
1113 18 B 964
1114 18 B 965
1115 18 852 940
1116 18 B 966
1117 18 960 924
1118 18 856 828
1119 18 B 967
1120 18 B 862
1121 18 961 925
1122 18 B 968
1123 18 964 926
1124 18 965 925
1125 18 B 969
1126 18 B 970
1127 18 966 924
1128 18 B 971
1129 18 961 935
1130 18 B 972
1131 18 972 927
1132 18 B 973
1133 18 967 910
1134 18 862 812
1135 18 B 974
1136 18 B 870
1137 18 968 911
1138 18 B 975
1139 18 969 915
1140 18 970 911
1141 18 B 976
1142 18 B 977
1143 18 971 910
1144 18 B 978
1145 18 973 922
1146 18 B 979
1147 18 965 935
1148 18 B 980
1149 18 B 981
1150 18 966 934
1151 18 B 982
1152 18 980 923
1153 18 981 927
1154 18 B 983
1155 18 B 984
1156 18 982 926
1157 18 B 985
1158 18 983 931
1159 18 984 922
1160 18 B 986
1161 18 B 987
1162 18 985 915
1163 18 B 988
1164 18 974 904
1165 18 870 803
1166 18 B 989
1167 18 B 881
1168 18 975 907
1169 18 B 990
1170 18 976 912
1171 18 977 907
1172 18 B 991
1173 18 B 992
1174 18 978 904
1175 18 B 993
1176 18 979 919
1177 18 B 994
1178 18 986 928
1179 18 987 919
1180 18 B 995
1181 18 B 996
1182 18 988 912
1183 18 B 997
1184 18 973 932
1185 18 B 998
1186 18 998 939
1187 18 B 999
1188 18 999 936
1189 18 B 1000
1190 18 984 932
1191 18 B 1001
1192 18 B 1002
1193 18 985 923
1194 18 B 1003
1195 18 1001 937
1196 18 1002 939
1197 18 B 1004
1198 18 B 1005
1199 18 1003 931
1200 18 B 1006
1201 18 1004 942
1202 18 1005 936
1203 18 B 1007
1204 18 B 1008
1205 18 1006 928
1206 18 B 1009
1207 18 999 943
1208 18 B 1010
1209 18 1010 946
1210 18 B 1011
1211 18 1005 943
1212 18 B 1012
1213 18 B 1013
1214 18 1006 937
1215 18 B 1014
1216 18 1012 947
1217 18 1013 946
1218 18 B 957
1219 18 B 1015
1220 18 1014 942
1221 18 B 1016
1222 18 1017 956
1223 18 980 1018
1224 18 B 1019
1225 18 1018 1020
1226 18 927 1018
1227 18 1022 1021
1228 18 1022 1023
1229 18 1017 954
1230 18 969 1024
1231 18 B 1025
1232 18 1018 1026
1233 18 918 1024
1234 18 1028 1027
1235 18 1024 1029
1236 18 911 1030
1237 18 1032 1031
1238 18 1033 948
1239 18 974 1034
1240 18 B 1035
1241 18 1030 1036
1242 18 905 1034
1243 18 1038 1037
1244 18 1034 1039
1245 18 803 903
1246 19 1041 1040
1247 19 1043 1042
1248 19 1040 1044
1249 19 1042 1045
1250 19 1047 1046
1251 19 1046 1048
1252 19 807 906
1253 19 906 909
1254 19 1044 1049
1255 19 1045 1050
1256 19 1048 1051
1257 19 909 914
1258 19 1053 1052
1259 19 1052 1054
1260 19 1054 1055
1261 19 1049 1056
1262 19 1050 1057
1263 19 1051 1058
1264 19 914 921
1265 19 1055 1059
1266 19 1061 1060
1267 19 1060 1062
1268 19 1062 1063
1269 19 1063 1064
1270 19 1056 1065
1271 19 1057 1066
1272 19 1058 1067
1273 19 921 930
1274 19 1059 1068
1275 19 1064 1069
1276 19 1071 1070
1277 19 1070 1072
1278 19 1072 1073
1279 19 1073 1074
1280 19 1074 1064
1281 19 1065 1075
1282 19 1066 1076
1283 19 1067 1077
1284 19 930 938
1285 19 1068 1078
1286 19 1069 1068
1287 19 1080 1079
1288 19 1079 1081
1289 19 1081 1082
1290 19 1082 1073
1291 19 1075 1083
1292 19 1076 1084
1293 19 1077 1085
1294 19 938 944
1295 19 1078 1077
1296 19 1087 1086
1297 19 1086 1088
1298 19 1088 1081
1299 19 1083 1089
1300 19 1084 1090
1301 19 1085 1083
1302 19 944 947
1303 19 1092 1091
1304 19 1091 1086
1305 19 1040 1093
1306 19 1048 1095
1307 19 1043 1094
1308 19 1055 1096
1309 19 1064 1097
1310 19 1089 1090
1311 19 1090 1098
1312 19 947 957
1313 19 B 1092
1314 19 B 1099
1315 19 1099 1100
1316 19 1102 1101
1317 19 1104 1103
1318 19 1101 1105
1319 19 1103 1106
1320 19 1107 1101
1321 19 1109 1108
1322 19 1092 1107
1323 19 1110 1109
1324 19 1112 1111
1325 19 1114 1113
1326 19 1115 1112
1327 19 1116 1114
1328 19 1118 1117
1329 19 1120 1119
1330 19 1117 1121
1331 19 1119 1122
1332 19 1124 1123
1333 19 1126 1125
1334 19 1127 1124
1335 19 1128 1126
1336 19 1108 1106
1337 19 1111 1129
1338 19 1113 1130
1339 19 1123 1131
1340 19 1125 1132
1341 19 1134 1133
1342 19 1136 1135
1343 19 1133 1137
1344 19 1135 1138
1345 19 1140 1139
1346 19 1142 1141
1347 19 1143 1140
1348 19 1144 1142
1349 19 1139 1145
1350 19 1141 1146
1351 19 1147 1123
1352 19 1149 1148
1353 19 1150 1147
1354 19 1151 1149
1355 19 1153 1152
1356 19 1155 1154
1357 19 1156 1153
1358 19 1157 1155
1359 19 1159 1158
1360 19 1161 1160
1361 19 1162 1159
1362 19 1163 1161
1363 19 1165 1164
1364 19 1167 1166
1365 19 1164 1168
1366 19 1166 1169
1367 19 1171 1170
1368 19 1173 1172
1369 19 1174 1171
1370 19 1175 1173
1371 19 1170 1176
1372 19 1172 1177
1373 19 1179 1178
1374 19 1181 1180
1375 19 1182 1179
1376 19 1183 1181
1377 19 1148 1132
1378 19 1152 1184
1379 19 1154 1185
1380 19 1158 1186
1381 19 1160 1187
1382 19 1178 1188
1383 19 1180 1189
1384 19 1190 1158
1385 19 1192 1191
1386 19 1193 1190
1387 19 1194 1192
1388 19 1196 1195
1389 19 1198 1197
1390 19 1199 1196
1391 19 1200 1198
1392 19 1202 1201
1393 19 1204 1203
1394 19 1205 1202
1395 19 1206 1204
1396 19 1191 1187
1397 19 1195 1207
1398 19 1197 1208
1399 19 1201 1209
1400 19 1203 1210
1401 19 1211 1201
1402 19 1213 1212
1403 19 1214 1211
1404 19 1215 1213
1405 19 1217 1216
1406 19 1219 1218
1407 19 1220 1217
1408 19 1221 1219
1409 19 1223 1222
1410 19 1226 1225
1411 19 1227 1021
1412 19 1228 1021
1413 19 1230 1229
1414 19 1233 1232
1415 19 1234 1023
1416 19 1236 1235
1417 19 1237 1027
1418 19 1239 1238
1419 19 1242 1241
1420 19 1243 1031
1421 19 1245 1244
1422 19 B 1037
1423 20 1247 1246
1424 20 1249 1248
1425 20 1246 1250
1426 20 1248 1251
1427 20 1252 1247
1428 20 1253 1249
1429 20 1255 1254
1430 20 1254 1256
1431 20 1257 1255
1432 20 1250 1258
1433 20 1251 1259
1434 20 1256 1260
1435 20 1262 1261
1436 20 1261 1263
1437 20 1264 1262
1438 20 1263 1265
1439 20 1258 1266
1440 20 1259 1267
1441 20 1260 1268
1442 20 1265 1269
1443 20 1271 1270
1444 20 1270 1272
1445 20 1273 1271
1446 20 1272 1274
1447 20 1274 1275
1448 20 1266 1276
1449 20 1267 1277
1450 20 1268 1278
1451 20 1269 1279
1452 20 1275 1280
1453 20 1282 1281
1454 20 1281 1283
1455 20 1284 1282
1456 20 1283 1285
1457 20 1285 1286
1458 20 1286 1275
1459 20 1276 1287
1460 20 1277 1288
1461 20 1278 1289
1462 20 1279 1290
1463 20 1280 1279
1464 20 1292 1291
1465 20 1291 1293
1466 20 1294 1292
1467 20 1293 1295
1468 20 1295 1285
1469 20 1287 1296
1470 20 1288 1297
1471 20 1289 1298
1472 20 1290 1289
1473 20 1300 1299
1474 20 1299 1301
1475 20 1302 1300
1476 20 1301 1293
1477 20 1296 1303
1478 20 1297 1304
1479 20 1298 1297
1480 20 1094 1305
1481 20 1093 1306
1482 20 849 1307
1483 20 1095 1308
1484 20 1096 1309
1485 20 1097 1309
1486 20 1311 1310
1487 20 1310 1299
1488 20 1312 1311
1489 20 1314 1313
1490 20 1315 1303
1491 20 1317 1316
1492 20 1319 1318
1493 20 1321 1320
1494 20 1323 1322
1495 20 1325 1324
1496 20 1327 1326
1497 20 1329 1328
1498 20 1331 1330
1499 20 1333 1332
1500 20 1335 1334
1501 20 1336 1318
1502 20 1338 1337
1503 20 1340 1339
1504 20 1342 1341
1505 20 1344 1343
1506 20 1346 1345
1507 20 1348 1347
1508 20 1350 1349
1509 20 1352 1351
1510 20 1354 1353
1511 20 1356 1355
1512 20 1358 1357
1513 20 1360 1359
1514 20 1362 1361
1515 20 1364 1363
1516 20 1366 1365
1517 20 1368 1367
1518 20 1370 1369
1519 20 1372 1371
1520 20 1374 1373
1521 20 1376 1375
1522 20 1377 1339
1523 20 1379 1378
1524 20 1381 1380
1525 20 1383 1382
1526 20 1385 1384
1527 20 1387 1386
1528 20 1389 1388
1529 20 1391 1390
1530 20 1393 1392
1531 20 1395 1394
1532 20 1396 1380
1533 20 1398 1397
1534 20 1400 1399
1535 20 1402 1401
1536 20 1404 1403
1537 20 1406 1405
1538 20 1408 1407
1539 20 1224 1409
1540 20 1411 1410
1541 20 1412 1410
1542 20 1231 1413
1543 20 1415 1414
1544 20 1417 1416
1545 20 1240 1418
1546 20 1420 1419
1547 20 1422 1421
1548 21 1424 1423
1549 21 1426 1425
1550 21 1428 1427
1551 21 1429 1424
1552 21 1430 1426
1553 21 1431 1428
1554 21 1433 1432
1555 21 1434 1433
1556 21 1435 1429
1557 21 1436 1430
1558 21 1437 1431
1559 21 1438 1434
1560 21 1440 1439
1561 21 1441 1440
1562 21 1442 1441
1563 21 1443 1435
1564 21 1444 1436
1565 21 1445 1437
1566 21 1446 1438
1567 21 1447 1442
1568 21 1449 1448
1569 21 1450 1449
1570 21 1451 1450
1571 21 1452 1451
1572 21 1453 1443
1573 21 1454 1444
1574 21 1455 1445
1575 21 1456 1446
1576 21 1457 1447
1577 21 1458 1452
1578 21 1460 1459
1579 21 1461 1460
1580 21 1462 1461
1581 21 1463 1462
1582 21 1452 1463
1583 21 1464 1453
1584 21 1465 1454
1585 21 1466 1455
1586 21 1467 1456
1587 21 1468 1457
1588 21 1457 1458
1589 21 1470 1469
1590 21 1471 1470
1591 21 1472 1471
1592 21 1462 1472
1593 21 1473 1464
1594 21 1474 1465
1595 21 1475 1466
1596 21 1476 1467
1597 21 1467 1468
1598 21 1478 1477
1599 21 1479 1478
1600 21 1471 1479
1601 21 B 1480
1602 21 1481 1426
1603 21 B 1482
1604 21 1480 1423
1605 21 B 1481
1606 21 1483 1434
1607 21 B 1483
1608 21 1484 1442
1609 21 B 1484
1610 21 1485 1452
1611 21 B 1485
1612 21 1486 1473
1613 21 1487 1474
1614 21 1488 1475
1615 21 1474 1476
1616 21 1490 1489
1617 21 1492 1491
1618 21 1493 1490
1619 21 1494 1489
1620 21 1495 1492
1621 21 1496 1491
1622 21 1498 1497
1623 21 1499 1498
1624 21 1500 1497
1625 21 1501 1493
1626 21 1502 1495
1627 21 1503 1499
1628 21 1505 1504
1629 21 1506 1505
1630 21 1507 1504
1631 21 1508 1506
1632 21 1495 1501
1633 21 1496 1493
1634 21 1509 1502
1635 21 1510 1495
1636 21 1493 1494
1637 21 1495 1496
1638 21 1511 1503
1639 21 1512 1499
1640 21 1499 1500
1641 21 1513 1508
1642 21 1514 1506
1643 21 1506 1507
1644 21 1516 1515
1645 21 1517 1516
1646 21 1518 1515
1647 21 1519 1517
1648 21 1520 1519
1649 21 1521 1517
1650 21 1517 1518
1651 21 1522 1509
1652 21 1523 1511
1653 21 1524 1513
1654 21 1525 1520
1655 21 1511 1522
1656 21 1512 1509
1657 21 1509 1510
1658 21 1526 1523
1659 21 1527 1511
1660 21 1511 1512
1661 21 1528 1524
1662 21 1529 1513
1663 21 1513 1514
1664 21 1530 1525
1665 21 1531 1520
1666 21 1520 1521
1667 21 1532 1526
1668 21 1533 1528
1669 21 1534 1530
1670 21 1528 1532
1671 21 1529 1526
1672 21 1526 1527
1673 21 1535 1533
1674 21 1536 1528
1675 21 1528 1529
1676 21 1537 1534
1677 21 1538 1530
1678 21 1530 1531
1679 21 1539 1511
1680 21 1540 1452
1681 21 B 1539
1682 21 B 1458
1683 21 B 1540
1684 21 B 1452
1685 21 B 1541
1686 21 1541 1442
1687 21 B 1542
1688 21 B 1447
1689 21 B 1543
1690 21 B 1442
1691 21 B 1438
1692 21 1543 1434
1693 21 B 1544
1694 21 B 1434
1695 21 1542 1506
1696 21 1544 1426
1697 21 B 1545
1698 21 B 1430
1699 21 B 1546
1700 21 B 1426
1701 21 B 1424
1702 21 1546 1423
1703 21 B 1547
1704 21 B 1423
1705 21 1545 1515
1706 21 B 1427
1707 22 1549 1548
1708 22 1425 1423
1709 22 1548 1550
1710 22 1423 1427
1711 22 1552 1551
1712 22 1551 1553
1713 22 1554 1549
1714 22 1432 1425
1715 22 1555 1552
1716 22 1557 1556
1717 22 1556 1558
1718 22 1559 1557
1719 22 1560 1554
1720 22 1439 1432
1721 22 1561 1555
1722 22 1562 1559
1723 22 1564 1563
1724 22 1563 1565
1725 22 1566 1564
1726 22 1567 1566
1727 22 1568 1560
1728 22 1448 1439
1729 22 1569 1561
1730 22 1570 1562
1731 22 1571 1567
1732 22 1573 1572
1733 22 1572 1574
1734 22 1575 1573
1735 22 1576 1575
1736 22 1577 1576
1737 22 1578 1568
1738 22 1459 1448
1739 22 1579 1569
1740 22 1580 1570
1741 22 1581 1571
1742 22 1582 1577
1743 22 1584 1583
1744 22 1583 1585
1745 22 1586 1584
1746 22 1587 1586
1747 22 1588 1587
1748 22 1577 1588
1749 22 1589 1578
1750 22 1469 1459
1751 22 1590 1579
1752 22 1591 1580
1753 22 1592 1581
1754 22 1581 1582
1755 22 1594 1593
1756 22 1593 1595
1757 22 1596 1594
1758 22 1597 1596
1759 22 1587 1597
1760 22 1598 1589
1761 22 1477 1469
1762 22 1599 1590
1763 22 1600 1591
1764 22 1591 1592
1765 22 1602 1601
1766 22 1604 1603
1767 22 1606 1605
1768 22 1608 1607
1769 22 1610 1609
1770 22 1610 1611
1771 22 1613 1612
1772 22 1612 1614
1773 22 1615 1613
1774 22 1596 1615
1775 22 1616 1598
1776 22 1489 1477
1777 22 B 1617
1778 22 B 1491
1779 22 1618 1599
1780 22 1619 1598
1781 22 B 1620
1782 22 B 1621
1783 22 1617 1578
1784 22 1491 1459
1785 22 B 1622
1786 22 B 1497
1787 22 1620 1579
1788 22 1621 1578
1789 22 B 1623
1790 22 B 1624
1791 22 1625 1600
1792 22 B 1626
1793 22 1626 1580
1794 22 B 1627
1795 22 1622 1560
1796 22 1497 1439
1797 22 B 1628
1798 22 B 1504
1799 22 1623 1561
1800 22 1624 1560
1801 22 B 1629
1802 22 B 1630
1803 22 1627 1562
1804 22 B 1631
1805 22 1632 1591
1806 22 1633 1600
1807 22 B 1634
1808 22 B 1635
1809 22 1636 1599
1810 22 B 1637
1811 22 1634 1581
1812 22 1635 1580
1813 22 B 1638
1814 22 B 1639
1815 22 1637 1579
1816 22 B 1640
1817 22 1638 1567
1818 22 1639 1562
1819 22 B 1641
1820 22 B 1642
1821 22 1640 1561
1822 22 B 1643
1823 22 1628 1549
1824 22 1504 1425
1825 22 B 1644
1826 22 B 1515
1827 22 1629 1552
1828 22 1630 1549
1829 22 B 1645
1830 22 B 1646
1831 22 1631 1557
1832 22 B 1647
1833 22 1641 1564
1834 22 1642 1557
1835 22 B 1648
1836 22 B 1649
1837 22 1643 1552
1838 22 B 1650
1839 22 1626 1592
1840 22 B 1651
1841 22 1651 1582
1842 22 B 1652
1843 22 1652 1576
1844 22 B 1653
1845 22 1653 1573
1846 22 B 1654
1847 22 1644 1550
1848 22 1515 1427
1849 22 1645 1553
1850 22 1646 1550
1851 22 1647 1558
1852 22 1648 1565
1853 22 1649 1558
1854 22 1650 1553
1855 22 1654 1574
1856 22 1635 1592
1857 22 B 1655
1858 22 B 1656
1859 22 1637 1591
1860 22 B 1657
1861 22 1655 1577
1862 22 1656 1582
1863 22 B 1658
1864 22 B 1659
1865 22 1657 1581
1866 22 B 1660
1867 22 1658 1587
1868 22 1659 1576
1869 22 B 1661
1870 22 B 1662
1871 22 1660 1567
1872 22 B 1663
1873 22 1661 1584
1874 22 1662 1573
1875 22 B 1664
1876 22 B 1665
1877 22 1663 1564
1878 22 B 1666
1879 22 1664 1585
1880 22 1665 1574
1881 22 1666 1565
1882 22 1652 1588
1883 22 B 1667
1884 22 1667 1597
1885 22 B 1668
1886 22 1668 1594
1887 22 B 1669
1888 22 1669 1595
1889 22 1659 1588
1890 22 B 1670
1891 22 B 1671
1892 22 1660 1577
1893 22 B 1672
1894 22 1670 1596
1895 22 1671 1597
1896 22 B 1673
1897 22 B 1674
1898 22 1672 1587
1899 22 B 1675
1900 22 1673 1613
1901 22 1674 1594
1902 22 B 1676
1903 22 B 1677
1904 22 1675 1584
1905 22 B 1678
1906 22 1676 1614
1907 22 1677 1595
1908 22 1678 1585
1909 22 1679 1611
1910 22 1655 1680
1911 22 B 1681
1912 22 1680 1682
1913 22 1582 1680
1914 22 1684 1683
1915 22 1684 1685
1916 22 1679 1609
1917 22 1638 1686
1918 22 B 1687
1919 22 1680 1688
1920 22 1571 1686
1921 22 1690 1689
1922 22 1686 1691
1923 22 1562 1692
1924 22 1694 1693
1925 22 1695 1605
1926 22 1629 1696
1927 22 B 1697
1928 22 1692 1698
1929 22 1555 1696
1930 22 1700 1699
1931 22 1696 1701
1932 22 1549 1702
1933 22 1704 1703
1934 22 1705 1603
1935 22 1515 1547
1936 22 1702 1706
1937 22 1423 1547
1938 23 1708 1707
1939 23 1710 1709
1940 23 1707 1711
1941 23 1709 1712
1942 23 1714 1713
1943 23 1713 1715
1944 23 1427 1550
1945 23 1550 1553
1946 23 1711 1716
1947 23 1712 1717
1948 23 1715 1718
1949 23 1553 1558
1950 23 1720 1719
1951 23 1719 1721
1952 23 1721 1722
1953 23 1716 1723
1954 23 1717 1724
1955 23 1718 1725
1956 23 1558 1565
1957 23 1722 1726
1958 23 1728 1727
1959 23 1727 1729
1960 23 1729 1730
1961 23 1730 1731
1962 23 1723 1732
1963 23 1724 1733
1964 23 1725 1734
1965 23 1565 1574
1966 23 1726 1735
1967 23 1731 1736
1968 23 1738 1737
1969 23 1737 1739
1970 23 1739 1740
1971 23 1740 1741
1972 23 1741 1742
1973 23 1732 1743
1974 23 1733 1744
1975 23 1734 1745
1976 23 1574 1585
1977 23 1735 1746
1978 23 1736 1747
1979 23 1742 1748
1980 23 1750 1749
1981 23 1749 1751
1982 23 1751 1752
1983 23 1752 1753
1984 23 1753 1754
1985 23 1754 1742
1986 23 1743 1755
1987 23 1744 1756
1988 23 1745 1757
1989 23 1585 1595
1990 23 1746 1758
1991 23 1747 1759
1992 23 1748 1747
1993 23 1761 1760
1994 23 1760 1762
1995 23 1762 1763
1996 23 1763 1764
1997 23 1764 1753
1998 23 1707 1765
1999 23 1715 1767
2000 23 1710 1766
2001 23 1722 1768
2002 23 1731 1769
2003 23 1742 1770
2004 23 1755 1771
2005 23 1756 1772
2006 23 1757 1773
2007 23 1595 1614
2008 23 1758 1774
2009 23 1759 1758
2010 23 1776 1775
2011 23 1778 1777
2012 23 1780 1779
2013 23 1782 1781
2014 23 1776 1780
2015 23 1778 1782
2016 23 1784 1783
2017 23 1786 1785
2018 23 1788 1787
2019 23 1790 1789
2020 23 1784 1788
2021 23 1786 1790
2022 23 1779 1791
2023 23 1781 1792
2024 23 1787 1793
2025 23 1789 1794
2026 23 1796 1795
2027 23 1798 1797
2028 23 1800 1799
2029 23 1802 1801
2030 23 1796 1800
2031 23 1798 1802
2032 23 1799 1803
2033 23 1801 1804
2034 23 1806 1805
2035 23 1808 1807
2036 23 1809 1806
2037 23 1810 1808
2038 23 1812 1811
2039 23 1814 1813
2040 23 1815 1812
2041 23 1816 1814
2042 23 1818 1817
2043 23 1820 1819
2044 23 1821 1818
2045 23 1822 1820
2046 23 1824 1823
2047 23 1826 1825
2048 23 1828 1827
2049 23 1830 1829
2050 23 1824 1828
2051 23 1826 1830
2052 23 1827 1831
2053 23 1829 1832
2054 23 1834 1833
2055 23 1836 1835
2056 23 1837 1834
2057 23 1838 1836
2058 23 1805 1839
2059 23 1807 1840
2060 23 1811 1841
2061 23 1813 1842
2062 23 1817 1843
2063 23 1819 1844
2064 23 1833 1845
2065 23 1835 1846
2066 23 1848 1847
2067 23 1850 1849
2068 23 1848 1850
2069 23 1849 1851
2070 23 1853 1852
2071 23 1854 1853
2072 23 1852 1855
2073 23 1856 1811
2074 23 1858 1857
2075 23 1859 1856
2076 23 1860 1858
2077 23 1862 1861
2078 23 1864 1863
2079 23 1865 1862
2080 23 1866 1864
2081 23 1868 1867
2082 23 1870 1869
2083 23 1871 1868
2084 23 1872 1870
2085 23 1874 1873
2086 23 1876 1875
2087 23 1877 1874
2088 23 1878 1876
2089 23 1880 1879
2090 23 1881 1880
2091 23 1857 1842
2092 23 1861 1882
2093 23 1863 1883
2094 23 1867 1884
2095 23 1869 1885
2096 23 1873 1886
2097 23 1875 1887
2098 23 1879 1888
2099 23 1889 1867
2100 23 1891 1890
2101 23 1892 1889
2102 23 1893 1891
2103 23 1895 1894
2104 23 1897 1896
2105 23 1898 1895
2106 23 1899 1897
2107 23 1901 1900
2108 23 1903 1902
2109 23 1904 1901
2110 23 1905 1903
2111 23 1907 1906
2112 23 1908 1907
2113 23 1910 1909
2114 23 1913 1912
2115 23 1914 1683
2116 23 1915 1683
2117 23 1917 1916
2118 23 1920 1919
2119 23 1921 1685
2120 23 1923 1922
2121 23 1924 1689
2122 23 1926 1925
2123 23 1929 1928
2124 23 1930 1693
2125 23 1932 1931
2126 23 1933 1699
2127 23 1935 1934
2128 23 1937 1936
2129 23 B 1703
2130 24 1939 1938
2131 24 1941 1940
2132 24 1938 1942
2133 24 1940 1943
2134 24 1944 1939
2135 24 1945 1941
2136 24 1947 1946
2137 24 1946 1948
2138 24 1949 1947
2139 24 1942 1950
2140 24 1943 1951
2141 24 1948 1952
2142 24 1954 1953
2143 24 1953 1955
2144 24 1956 1954
2145 24 1955 1957
2146 24 1950 1958
2147 24 1951 1959
2148 24 1952 1960
2149 24 1957 1961
2150 24 1963 1962
2151 24 1962 1964
2152 24 1965 1963
2153 24 1964 1966
2154 24 1966 1967
2155 24 1958 1968
2156 24 1959 1969
2157 24 1960 1970
2158 24 1961 1971
2159 24 1967 1972
2160 24 1974 1973
2161 24 1973 1975
2162 24 1976 1974
2163 24 1975 1977
2164 24 1977 1978
2165 24 1978 1979
2166 24 1968 1980
2167 24 1969 1981
2168 24 1970 1982
2169 24 1971 1983
2170 24 1972 1984
2171 24 1979 1985
2172 24 1987 1986
2173 24 1986 1988
2174 24 1989 1987
2175 24 1988 1990
2176 24 1990 1991
2177 24 1991 1992
2178 24 1992 1979
2179 24 1980 1993
2180 24 1981 1994
2181 24 1982 1995
2182 24 1983 1996
2183 24 1984 1997
2184 24 1985 1984
2185 24 1766 1998
2186 24 1765 1999
2187 24 1482 2000
2188 24 1767 2001
2189 24 1768 2002
2190 24 1769 2003
2191 24 1770 2003
2192 24 2005 2004
2193 24 2004 2006
2194 24 2007 2005
2195 24 2006 2008
2196 24 2008 2009
2197 24 2009 1991
2198 24 2011 2010
2199 24 2013 2012
2200 24 2015 2014
2201 24 2017 2016
2202 24 2019 2018
2203 24 2021 2020
2204 24 2023 2022
2205 24 2025 2024
2206 24 2027 2026
2207 24 2029 2028
2208 24 2031 2030
2209 24 2033 2032
2210 24 2035 2034
2211 24 2037 2036
2212 24 2039 2038
2213 24 2041 2040
2214 24 2043 2042
2215 24 2045 2044
2216 24 2047 2046
2217 24 2049 2048
2218 24 2051 2050
2219 24 2053 2052
2220 24 2055 2054
2221 24 2057 2056
2222 24 2059 2058
2223 24 2061 2060
2224 24 2063 2062
2225 24 2065 2064
2226 24 B 2066
2227 24 B 2067
2228 24 B 2068
2229 24 B 2069
2230 24 B 2070
2231 24 B 2071
2232 24 B 2072
2233 24 2074 2073
2234 24 2076 2075
2235 24 2078 2077
2236 24 2080 2079
2237 24 2082 2081
2238 24 2084 2083
2239 24 2086 2085
2240 24 2088 2087
2241 24 B 2089
2242 24 B 2090
2243 24 2091 2060
2244 24 2093 2092
2245 24 2095 2094
2246 24 2097 2096
2247 24 B 2098
2248 24 2100 2099
2249 24 2102 2101
2250 24 2104 2103
2251 24 2106 2105
2252 24 2108 2107
2253 24 2110 2109
2254 24 B 2111
2255 24 B 2112
2256 24 1911 2113
2257 24 2115 2114
2258 24 2116 2114
2259 24 1918 2117
2260 24 2119 2118
2261 24 2121 2120
2262 24 1927 2122
2263 24 2124 2123
2264 24 2126 2125
2265 24 B 2127
2266 24 2129 2128
2267 25 2131 2130
2268 25 2133 2132
2269 25 2135 2134
2270 25 2136 2131
2271 25 2137 2133
2272 25 2138 2135
2273 25 2140 2139
2274 25 2141 2140
2275 25 2142 2136
2276 25 2143 2137
2277 25 2144 2138
2278 25 2145 2141
2279 25 2147 2146
2280 25 2148 2147
2281 25 2149 2148
2282 25 2150 2142
2283 25 2151 2143
2284 25 2152 2144
2285 25 2153 2145
2286 25 2154 2149
2287 25 2156 2155
2288 25 2157 2156
2289 25 2158 2157
2290 25 2159 2158
2291 25 2160 2150
2292 25 2161 2151
2293 25 2162 2152
2294 25 2163 2153
2295 25 2164 2154
2296 25 2165 2159
2297 25 2167 2166
2298 25 2168 2167
2299 25 2169 2168
2300 25 2170 2169
2301 25 2171 2170
2302 25 2172 2160
2303 25 2173 2161
2304 25 2174 2162
2305 25 2175 2163
2306 25 2176 2164
2307 25 2177 2165
2308 25 2178 2171
2309 25 2180 2179
2310 25 2181 2180
2311 25 2182 2181
2312 25 2183 2182
2313 25 2184 2183
2314 25 2171 2184
2315 25 B 2185
2316 25 2186 2133
2317 25 B 2187
2318 25 2185 2130
2319 25 B 2186
2320 25 2188 2141
2321 25 B 2188
2322 25 2189 2149
2323 25 B 2189
2324 25 2190 2159
2325 25 B 2190
2326 25 2191 2171
2327 25 B 2191
2328 25 2192 2172
2329 25 2193 2173
2330 25 2194 2174
2331 25 2195 2175
2332 25 2196 2176
2333 25 2197 2177
2334 25 2177 2178
2335 25 2199 2198
2336 25 2202 2201
2337 25 2204 2199
2338 25 2205 2202
2339 25 2207 2206
2340 25 2209 2207
2341 25 2210 2204
2342 25 2211 2199
2343 25 2212 2205
2344 25 2213 2202
2345 25 2199 2200
2346 25 2202 2203
2347 25 2214 2209
2348 25 2215 2207
2349 25 2207 2208
2350 25 2217 2216
2351 25 2219 2217
2352 25 2220 2219
2353 25 2221 2217
2354 25 2217 2218
2355 25 2222 2210
2356 25 2223 2212
2357 25 2224 2214
2358 25 2225 2220
2359 25 2227 2226
2360 25 2229 2227
2361 25 2230 2229
2362 25 2231 2227
2363 25 2227 2228
2364 25 2232 2230
2365 25 2233 2222
2366 25 2234 2210
2367 25 2235 2223
2368 25 2236 2212
2369 25 2210 2211
2370 25 2212 2213
2371 25 2237 2224
2372 25 2238 2214
2373 25 2214 2215
2374 25 2239 2225
2375 25 2240 2220
2376 25 2220 2221
2377 25 2241 2232
2378 25 2242 2230
2379 25 2230 2231
2380 25 2243 2233
2381 25 2244 2235
2382 25 2245 2237
2383 25 2246 2239
2384 25 2247 2241
2385 25 2235 2243
2386 25 2236 2233
2387 25 2248 2244
2388 25 2249 2235
2389 25 2233 2234
2390 25 2235 2236
2391 25 2250 2245
2392 25 2251 2237
2393 25 2237 2238
2394 25 2252 2246
2395 25 2253 2239
2396 25 2239 2240
2397 25 2254 2247
2398 25 2255 2241
2399 25 2241 2242
2400 25 2256 2235
2401 25 2257 2171
2402 25 B 2256
2403 25 B 2178
2404 25 B 2257
2405 25 B 2258
2406 25 B 2171
2407 25 2258 2159
2408 25 B 2259
2409 25 B 2165
2410 25 B 2260
2411 25 B 2159
2412 25 B 2154
2413 25 2260 2149
2414 25 B 2261
2415 25 B 2149
2416 25 2259 2214
2417 25 2261 2141
2418 25 B 2262
2419 25 B 2145
2420 25 B 2263
2421 25 B 2141
2422 25 B 2137
2423 25 2263 2133
2424 25 B 2264
2425 25 B 2133
2426 25 2262 2217
2427 25 2264 2130
2428 25 B 2265
2429 25 B 2131
2430 25 B 2266
2431 25 B 2130
2432 25 B 2134
2433 26 2268 2267
2434 26 2132 2130
2435 26 2267 2269
2436 26 2130 2134
2437 26 2271 2270
2438 26 2270 2272
2439 26 2273 2268
2440 26 2139 2132
2441 26 2274 2271
2442 26 2276 2275
2443 26 2275 2277
2444 26 2278 2276
2445 26 2279 2273
2446 26 2146 2139
2447 26 2280 2274
2448 26 2281 2278
2449 26 2283 2282
2450 26 2282 2284
2451 26 2285 2283
2452 26 2286 2285
2453 26 2287 2279
2454 26 2155 2146
2455 26 2288 2280
2456 26 2289 2281
2457 26 2290 2286
2458 26 2292 2291
2459 26 2291 2293
2460 26 2294 2292
2461 26 2295 2294
2462 26 2296 2295
2463 26 2297 2287
2464 26 2166 2155
2465 26 2298 2288
2466 26 2299 2289
2467 26 2300 2290
2468 26 2301 2296
2469 26 2303 2302
2470 26 2302 2304
2471 26 2305 2303
2472 26 2306 2305
2473 26 2307 2306
2474 26 2308 2307
2475 26 2309 2297
2476 26 2179 2166
2477 26 2310 2298
2478 26 2311 2299
2479 26 2312 2300
2480 26 2313 2301
2481 26 2314 2308
2482 26 2316 2315
2483 26 2318 2317
2484 26 2320 2319
2485 26 2322 2321
2486 26 2324 2323
2487 26 2326 2325
2488 26 2326 2327
2489 26 2329 2328
2490 26 2328 2330
2491 26 2331 2329
2492 26 2332 2331
2493 26 2333 2332
2494 26 2334 2333
2495 26 2308 2334
2496 26 2335 2309
2497 26 2200 2179
2498 26 B 2336
2499 26 B 2203
2500 26 2337 2310
2501 26 B 2338
2502 26 2336 2287
2503 26 2203 2155
2504 26 B 2339
2505 26 B 2208
2506 26 2338 2288
2507 26 B 2340
2508 26 2341 2311
2509 26 2342 2310
2510 26 B 2343
2511 26 B 2344
2512 26 2345 2309
2513 26 B 2346
2514 26 2343 2289
2515 26 2344 2288
2516 26 B 2347
2517 26 B 2348
2518 26 2346 2287
2519 26 B 2349
2520 26 2339 2273
2521 26 2208 2139
2522 26 B 2350
2523 26 B 2218
2524 26 2340 2274
2525 26 B 2351
2526 26 2347 2278
2527 26 2348 2274
2528 26 B 2352
2529 26 B 2353
2530 26 2349 2273
2531 26 B 2354
2532 26 2355 2312
2533 26 B 2356
2534 26 2356 2290
2535 26 B 2357
2536 26 2357 2285
2537 26 B 2358
2538 26 2350 2267
2539 26 2218 2130
2540 26 B 2359
2541 26 B 2228
2542 26 2351 2270
2543 26 B 2360
2544 26 2352 2275
2545 26 2353 2270
2546 26 B 2361
2547 26 B 2362
2548 26 2354 2267
2549 26 B 2363
2550 26 2358 2282
2551 26 B 2364
2552 26 2365 2313
2553 26 2366 2312
2554 26 B 2367
2555 26 B 2368
2556 26 2369 2311
2557 26 B 2370
2558 26 2367 2296
2559 26 2368 2290
2560 26 B 2371
2561 26 B 2372
2562 26 2370 2289
2563 26 B 2373
2564 26 2371 2294
2565 26 2372 2285
2566 26 B 2374
2567 26 B 2375
2568 26 2373 2278
2569 26 B 2376
2570 26 2374 2291
2571 26 2375 2282
2572 26 B 2377
2573 26 B 2378
2574 26 2376 2275
2575 26 B 2379
2576 26 2380 2314
2577 26 B 2381
2578 26 2381 2307
2579 26 B 2382
2580 26 2382 2305
2581 26 B 2383
2582 26 2383 2302
2583 26 B 2384
2584 26 2385 2308
2585 26 2386 2314
2586 26 B 2387
2587 26 B 2388
2588 26 2389 2313
2589 26 B 2390
2590 26 2387 2333
2591 26 2388 2307
2592 26 B 2391
2593 26 B 2392
2594 26 2390 2296
2595 26 B 2393
2596 26 2391 2331
2597 26 2392 2305
2598 26 B 2394
2599 26 B 2395
2600 26 2393 2294
2601 26 B 2396
2602 26 2394 2328
2603 26 2395 2302
2604 26 B 2397
2605 26 B 2398
2606 26 2396 2291
2607 26 B 2399
2608 26 2400 2327
2609 26 2385 2401
2610 26 B 2402
2611 26 2401 2403
2612 26 2314 2401
2613 26 2406 2405
2614 26 2400 2325
2615 26 2367 2407
2616 26 B 2408
2617 26 2401 2409
2618 26 2301 2407
2619 26 2411 2410
2620 26 2407 2412
2621 26 2290 2413
2622 26 2415 2414
2623 26 2416 2321
2624 26 2347 2417
2625 26 B 2418
2626 26 2413 2419
2627 26 2281 2417
2628 26 2421 2420
2629 26 2417 2422
2630 26 2274 2423
2631 26 2425 2424
2632 26 2426 2315
2633 26 2350 2427
2634 26 B 2428
2635 26 2423 2429
2636 26 2268 2427
2637 26 2431 2430
2638 26 2427 2432
2639 26 2130 2266
2640 27 2434 2433
2641 27 2436 2435
2642 27 2433 2437
2643 27 2435 2438
2644 27 2440 2439
2645 27 2439 2441
2646 27 2134 2269
2647 27 2269 2272
2648 27 2437 2442
2649 27 2438 2443
2650 27 2441 2444
2651 27 2272 2277
2652 27 2446 2445
2653 27 2445 2447
2654 27 2447 2448
2655 27 2442 2449
2656 27 2443 2450
2657 27 2444 2451
2658 27 2277 2284
2659 27 2448 2452
2660 27 2454 2453
2661 27 2453 2455
2662 27 2455 2456
2663 27 2456 2457
2664 27 2449 2458
2665 27 2450 2459
2666 27 2451 2460
2667 27 2284 2293
2668 27 2452 2461
2669 27 2457 2462
2670 27 2464 2463
2671 27 2463 2465
2672 27 2465 2466
2673 27 2466 2467
2674 27 2467 2468
2675 27 2458 2469
2676 27 2459 2470
2677 27 2460 2471
2678 27 2293 2304
2679 27 2461 2472
2680 27 2462 2473
2681 27 2468 2474
2682 27 2476 2475
2683 27 2475 2477
2684 27 2477 2478
2685 27 2478 2479
2686 27 2479 2480
2687 27 2480 2481
2688 27 2433 2482
2689 27 2441 2484
2690 27 2436 2483
2691 27 2448 2485
2692 27 2457 2486
2693 27 2468 2487
2694 27 2481 2488
2695 27 2469 2489
2696 27 2470 2490
2697 27 2471 2491
2698 27 2304 2330
2699 27 2472 2492
2700 27 2473 2493
2701 27 2474 2494
2702 27 2481 2495
2703 27 2497 2496
2704 27 2499 2498
2705 27 2496 2500
2706 27 2498 2501
2707 27 2503 2502
2708 27 2505 2504
2709 27 2502 2506
2710 27 2504 2507
2711 27 2509 2508
2712 27 2511 2510
2713 27 2512 2509
2714 27 2513 2511
2715 27 2515 2514
2716 27 2517 2516
2717 27 2518 2515
2718 27 2519 2517
2719 27 2521 2520
2720 27 2523 2522
2721 27 2520 2524
2722 27 2522 2525
2723 27 2527 2526
2724 27 2529 2528
2725 27 2530 2527
2726 27 2531 2529
2727 27 2508 2532
2728 27 2510 2533
2729 27 2514 2534
2730 27 2516 2535
2731 27 2526 2536
2732 27 2528 2537
2733 27 2539 2538
2734 27 2541 2540
2735 27 2538 2542
2736 27 2540 2543
2737 27 2545 2544
2738 27 2547 2546
2739 27 2548 2545
2740 27 2549 2547
2741 27 2544 2550
2742 27 2546 2551
2743 27 2553 2552
2744 27 2555 2554
2745 27 2556 2553
2746 27 2557 2555
2747 27 2559 2558
2748 27 2561 2560
2749 27 2562 2559
2750 27 2563 2561
2751 27 2565 2564
2752 27 2567 2566
2753 27 2568 2565
2754 27 2569 2567
2755 27 2571 2570
2756 27 2573 2572
2757 27 2574 2571
2758 27 2575 2573
2759 27 2552 2576
2760 27 2554 2577
2761 27 2558 2578
2762 27 2560 2579
2763 27 2564 2580
2764 27 2566 2581
2765 27 2570 2582
2766 27 2572 2583
2767 27 2585 2584
2768 27 2587 2586
2769 27 2588 2585
2770 27 2589 2587
2771 27 2591 2590
2772 27 2593 2592
2773 27 2594 2591
2774 27 2595 2593
2775 27 2597 2596
2776 27 2599 2598
2777 27 2600 2597
2778 27 2601 2599
2779 27 2603 2602
2780 27 2605 2604
2781 27 2606 2603
2782 27 2607 2605
2783 27 2609 2608
2784 27 2612 2611
2785 27 2613 2404
2786 27 2615 2614
2787 27 2618 2617
2788 27 2619 2405
2789 27 2621 2620
2790 27 2622 2410
2791 27 2624 2623
2792 27 2627 2626
2793 27 2628 2414
2794 27 2630 2629
2795 27 2631 2420
2796 27 2633 2632
2797 27 2636 2635
2798 27 2637 2424
2799 27 2639 2638
2800 27 B 2430
2801 28 2641 2640
2802 28 2643 2642
2803 28 2640 2644
2804 28 2642 2645
2805 28 2646 2641
2806 28 2647 2643
2807 28 2649 2648
2808 28 2648 2650
2809 28 2651 2649
2810 28 2644 2652
2811 28 2645 2653
2812 28 2650 2654
2813 28 2656 2655
2814 28 2655 2657
2815 28 2658 2656
2816 28 2657 2659
2817 28 2652 2660
2818 28 2653 2661
2819 28 2654 2662
2820 28 2659 2663
2821 28 2665 2664
2822 28 2664 2666
2823 28 2667 2665
2824 28 2666 2668
2825 28 2668 2669
2826 28 2660 2670
2827 28 2661 2671
2828 28 2662 2672
2829 28 2663 2673
2830 28 2669 2674
2831 28 2676 2675
2832 28 2675 2677
2833 28 2678 2676
2834 28 2677 2679
2835 28 2679 2680
2836 28 2680 2681
2837 28 2670 2682
2838 28 2671 2683
2839 28 2672 2684
2840 28 2673 2685
2841 28 2674 2686
2842 28 2681 2687
2843 28 2483 2688
2844 28 2482 2689
2845 28 2187 2690
2846 28 2484 2691
2847 28 2485 2692
2848 28 2486 2693
2849 28 2487 2694
2850 28 2696 2695
2851 28 2695 2697
2852 28 2698 2696
2853 28 2697 2699
2854 28 2699 2700
2855 28 2700 2701
2856 28 2701 2702
2857 28 2704 2703
2858 28 2706 2705
2859 28 2708 2707
2860 28 2710 2709
2861 28 2712 2711
2862 28 2714 2713
2863 28 2716 2715
2864 28 2718 2717
2865 28 2720 2719
2866 28 2722 2721
2867 28 2724 2723
2868 28 2726 2725
2869 28 2728 2727
2870 28 2730 2729
2871 28 2732 2731
2872 28 2734 2733
2873 28 2736 2735
2874 28 2738 2737
2875 28 2740 2739
2876 28 2742 2741
2877 28 2744 2743
2878 28 2746 2745
2879 28 2748 2747
2880 28 2750 2749
2881 28 2752 2751
2882 28 2754 2753
2883 28 2756 2755
2884 28 2758 2757
2885 28 2760 2759
2886 28 2762 2761
2887 28 2764 2763
2888 28 2766 2765
2889 28 2768 2767
2890 28 2770 2769
2891 28 2772 2771
2892 28 2774 2773
2893 28 2776 2775
2894 28 2778 2777
2895 28 2780 2779
2896 28 2782 2781
2897 28 2610 2783
2898 28 2785 2784
2899 28 2616 2786
2900 28 2788 2787
2901 28 2790 2789
2902 28 2625 2791
2903 28 2793 2792
2904 28 2795 2794
2905 28 2634 2796
2906 28 2798 2797
2907 28 2800 2799
2908 29 2802 2801
2909 29 2804 2803
2910 29 2806 2805
2911 29 2807 2802
2912 29 2808 2804
2913 29 2809 2806
2914 29 2811 2810
2915 29 2812 2811
2916 29 2813 2807
2917 29 2814 2808
2918 29 2815 2809
2919 29 2816 2812
2920 29 2818 2817
2921 29 2819 2818
2922 29 2820 2819
2923 29 2821 2813
2924 29 2822 2814
2925 29 2823 2815
2926 29 2824 2816
2927 29 2825 2820
2928 29 2827 2826
2929 29 2828 2827
2930 29 2829 2828
2931 29 2830 2829
2932 29 2831 2821
2933 29 2832 2822
2934 29 2833 2823
2935 29 2834 2824
2936 29 2835 2825
2937 29 2836 2830
2938 29 2838 2837
2939 29 2839 2838
2940 29 2840 2839
2941 29 2841 2840
2942 29 2842 2841
2943 29 B 2843
2944 29 2844 2804
2945 29 B 2845
2946 29 2843 2801
2947 29 B 2844
2948 29 2846 2812
2949 29 B 2846
2950 29 2847 2820
2951 29 B 2847
2952 29 2848 2830
2953 29 B 2848
2954 29 2849 2842
2955 29 2850 2831
2956 29 2851 2832
2957 29 2852 2833
2958 29 2853 2834
2959 29 2854 2835
2960 29 2855 2836
2961 29 2856 2842
2962 29 2858 2857
2963 29 2860 2859
2964 29 2861 2858
2965 29 2862 2857
2966 29 2863 2860
2967 29 2864 2859
2968 29 2866 2865
2969 29 2867 2866
2970 29 2868 2865
2971 29 2869 2861
2972 29 2870 2863
2973 29 2871 2867
2974 29 2873 2872
2975 29 2874 2873
2976 29 2875 2872
2977 29 2876 2874
2978 29 2877 2869
2979 29 2878 2861
2980 29 2879 2870
2981 29 2880 2863
2982 29 2861 2862
2983 29 2863 2864
2984 29 2881 2871
2985 29 2882 2867
2986 29 2867 2868
2987 29 2883 2876
2988 29 2884 2874
2989 29 2874 2875
2990 29 2885 2877
2991 29 2886 2879
2992 29 2887 2881
2993 29 2888 2883
2994 29 2889 2885
2995 29 2890 2877
2996 29 2891 2886
2997 29 2892 2879
2998 29 2877 2878
2999 29 2879 2880
3000 29 2893 2887
3001 29 2894 2881
3002 29 2881 2882
3003 29 2895 2888
3004 29 2896 2883
3005 29 2883 2884
3006 29 B 2849
3007 29 2897 2889
3008 29 2898 2842
3009 29 B 2899
3010 29 B 2836
3011 29 2900 2830
3012 29 B 2900
3013 29 B 2901
3014 29 B 2830
3015 29 2899 2879
3016 29 2901 2820
3017 29 B 2902
3018 29 B 2825
3019 29 B 2903
3020 29 B 2820
3021 29 B 2816
3022 29 2903 2812
3023 29 B 2904
3024 29 B 2812
3025 29 2902 2867
3026 29 2904 2804
3027 29 B 2905
3028 29 B 2808
3029 29 B 2906
3030 29 B 2804
3031 29 B 2802
3032 29 2906 2801
3033 29 B 2907
3034 29 B 2801
3035 29 2905 2872
3036 29 B 2805
3037 30 2909 2908
3038 30 2803 2801
3039 30 2908 2910
3040 30 2801 2805
3041 30 2912 2911
3042 30 2911 2913
3043 30 2914 2909
3044 30 2810 2803
3045 30 2915 2912
3046 30 2917 2916
3047 30 2916 2918
3048 30 2919 2917
3049 30 2920 2914
3050 30 2817 2810
3051 30 2921 2915
3052 30 2922 2919
3053 30 2924 2923
3054 30 2923 2925
3055 30 2926 2924
3056 30 2927 2926
3057 30 2928 2920
3058 30 2826 2817
3059 30 2929 2921
3060 30 2930 2922
3061 30 2931 2927
3062 30 2933 2932
3063 30 2932 2934
3064 30 2935 2933
3065 30 2936 2935
3066 30 2937 2936
3067 30 2938 2928
3068 30 2837 2826
3069 30 2939 2929
3070 30 2940 2930
3071 30 2941 2931
3072 30 2942 2937
3073 30 2944 2943
3074 30 2946 2945
3075 30 2948 2947
3076 30 2950 2949
3077 30 2952 2951
3078 30 2954 2953
3079 30 2956 2955
3080 30 2955 2957
3081 30 2958 2956
3082 30 2959 2958
3083 30 2960 2959
3084 30 2961 2960
3085 30 2962 2938
3086 30 2857 2837
3087 30 B 2963
3088 30 B 2859
3089 30 2964 2939
3090 30 2965 2938
3091 30 B 2966
3092 30 B 2967
3093 30 2963 2920
3094 30 2859 2817
3095 30 B 2968
3096 30 B 2865
3097 30 2966 2921
3098 30 2967 2920
3099 30 B 2969
3100 30 B 2970
3101 30 2971 2940
3102 30 B 2972
3103 30 2972 2922
3104 30 B 2973
3105 30 2968 2909
3106 30 2865 2803
3107 30 B 2974
3108 30 B 2872
3109 30 2969 2912
3110 30 2970 2909
3111 30 B 2975
3112 30 B 2976
3113 30 2973 2917
3114 30 B 2977
3115 30 2978 2941
3116 30 2979 2940
3117 30 B 2980
3118 30 B 2981
3119 30 2982 2939
3120 30 B 2983
3121 30 2980 2927
3122 30 2981 2922
3123 30 B 2984
3124 30 B 2985
3125 30 2983 2921
3126 30 B 2986
3127 30 2984 2924
3128 30 2985 2917
3129 30 B 2987
3130 30 B 2988
3131 30 2986 2912
3132 30 B 2989
3133 30 2974 2910
3134 30 2872 2805
3135 30 2975 2913
3136 30 2976 2910
3137 30 2977 2918
3138 30 2987 2925
3139 30 2988 2918
3140 30 2989 2913
3141 30 2990 2942
3142 30 B 2991
3143 30 2991 2936
3144 30 B 2992
3145 30 2992 2933
3146 30 B 2993
3147 30 2993 2934
3148 30 2994 2961
3149 30 2995 2942
3150 30 B 2996
3151 30 B 2997
3152 30 2998 2941
3153 30 B 2999
3154 30 2996 2959
3155 30 2997 2936
3156 30 B 3000
3157 30 B 3001
3158 30 2999 2927
3159 30 B 3002
3160 30 3000 2956
3161 30 3001 2933
3162 30 B 3003
3163 30 B 3004
3164 30 3002 2924
3165 30 B 3005
3166 30 3003 2957
3167 30 3004 2934
3168 30 3005 2925
3169 30 3007 3006
3170 30 2994 3008
3171 30 B 3009
3172 30 3008 3010
3173 30 2942 3011
3174 30 3014 3013
3175 30 3015 2951
3176 30 2980 3016
3177 30 B 3017
3178 30 3011 3018
3179 30 2931 3016
3180 30 3020 3019
3181 30 3016 3021
3182 30 2922 3022
3183 30 3024 3023
3184 30 3025 2947
3185 30 2969 3026
3186 30 B 3027
3187 30 3022 3028
3188 30 2915 3026
3189 30 3030 3029
3190 30 3026 3031
3191 30 2909 3032
3192 30 3034 3033
3193 30 3035 2945
3194 30 2872 2907
3195 30 3032 3036
3196 30 2801 2907
3197 31 3038 3037
3198 31 3040 3039
3199 31 3037 3041
3200 31 3039 3042
3201 31 3044 3043
3202 31 3043 3045
3203 31 2805 2910
3204 31 2910 2913
3205 31 3041 3046
3206 31 3042 3047
3207 31 3045 3048
3208 31 2913 2918
3209 31 3050 3049
3210 31 3049 3051
3211 31 3051 3052
3212 31 3046 3053
3213 31 3047 3054
3214 31 3048 3055
3215 31 2918 2925
3216 31 3052 3056
3217 31 3058 3057
3218 31 3057 3059
3219 31 3059 3060
3220 31 3060 3061
3221 31 3053 3062
3222 31 3054 3063
3223 31 3055 3064
3224 31 2925 2934
3225 31 3056 3065
3226 31 3061 3066
3227 31 3068 3067
3228 31 3067 3069
3229 31 3069 3070
3230 31 3070 3071
3231 31 3071 3072
3232 31 3037 3073
3233 31 3045 3075
3234 31 3040 3074
3235 31 3052 3076
3236 31 3061 3077
3237 31 3072 3078
3238 31 3062 3079
3239 31 3063 3080
3240 31 3064 3081
3241 31 2934 2957
3242 31 3065 3082
3243 31 3066 3083
3244 31 3072 3084
3245 31 3086 3085
3246 31 3088 3087
3247 31 3090 3089
3248 31 3092 3091
3249 31 3086 3090
3250 31 3088 3092
3251 31 3094 3093
3252 31 3096 3095
3253 31 3098 3097
3254 31 3100 3099
3255 31 3094 3098
3256 31 3096 3100
3257 31 3089 3101
3258 31 3091 3102
3259 31 3097 3103
3260 31 3099 3104
3261 31 3106 3105
3262 31 3108 3107
3263 31 3110 3109
3264 31 3112 3111
3265 31 3106 3110
3266 31 3108 3112
3267 31 3109 3113
3268 31 3111 3114
3269 31 3116 3115
3270 31 3118 3117
3271 31 3119 3116
3272 31 3120 3118
3273 31 3122 3121
3274 31 3124 3123
3275 31 3125 3122
3276 31 3126 3124
3277 31 3128 3127
3278 31 3130 3129
3279 31 3131 3128
3280 31 3132 3130
3281 31 3134 3133
3282 31 3136 3135
3283 31 3134 3136
3284 31 3135 3137
3285 31 3139 3138
3286 31 3140 3139
3287 31 3115 3141
3288 31 3117 3142
3289 31 3121 3143
3290 31 3123 3144
3291 31 3127 3145
3292 31 3129 3146
3293 31 3138 3147
3294 31 3149 3148
3295 31 3151 3150
3296 31 3152 3149
3297 31 3153 3151
3298 31 3155 3154
3299 31 3157 3156
3300 31 3158 3155
3301 31 3159 3157
3302 31 3161 3160
3303 31 3163 3162
3304 31 3164 3161
3305 31 3165 3163
3306 31 3167 3166
3307 31 3168 3167
3308 31 3170 3169
3309 31 3173 3172
3310 31 3174 3012
3311 31 3176 3175
3312 31 3179 3178
3313 31 3180 3013
3314 31 3182 3181
3315 31 3183 3019
3316 31 3185 3184
3317 31 3188 3187
3318 31 3189 3023
3319 31 3191 3190
3320 31 3192 3029
3321 31 3194 3193
3322 31 3196 3195
3323 31 B 3033
3324 32 3198 3197
3325 32 3200 3199
3326 32 3197 3201
3327 32 3199 3202
3328 32 3203 3198
3329 32 3204 3200
3330 32 3206 3205
3331 32 3205 3207
3332 32 3208 3206
3333 32 3201 3209
3334 32 3202 3210
3335 32 3207 3211
3336 32 3213 3212
3337 32 3212 3214
3338 32 3215 3213
3339 32 3214 3216
3340 32 3209 3217
3341 32 3210 3218
3342 32 3211 3219
3343 32 3216 3220
3344 32 3222 3221
3345 32 3221 3223
3346 32 3224 3222
3347 32 3223 3225
3348 32 3225 3226
3349 32 3217 3227
3350 32 3218 3228
3351 32 3219 3229
3352 32 3220 3230
3353 32 3226 3231
3354 32 3074 3232
3355 32 3073 3233
3356 32 2845 3234
3357 32 3075 3235
3358 32 3076 3236
3359 32 3077 3237
3360 32 3239 3238
3361 32 3238 3240
3362 32 3241 3239
3363 32 3240 3242
3364 32 3242 3243
3365 32 3243 3244
3366 32 3246 3245
3367 32 3248 3247
3368 32 3250 3249
3369 32 3252 3251
3370 32 3254 3253
3371 32 3256 3255
3372 32 3258 3257
3373 32 3260 3259
3374 32 3262 3261
3375 32 3264 3263
3376 32 3266 3265
3377 32 3268 3267
3378 32 3270 3269
3379 32 3272 3271
3380 32 3274 3273
3381 32 3276 3275
3382 32 3278 3277
3383 32 3280 3279
3384 32 B 3281
3385 32 B 3282
3386 32 B 3283
3387 32 B 3284
3388 32 B 3285
3389 32 B 3286
3390 32 3288 3287
3391 32 3290 3289
3392 32 3292 3291
3393 32 B 3293
3394 32 3295 3294
3395 32 3297 3296
3396 32 3299 3298
3397 32 3301 3300
3398 32 3303 3302
3399 32 3305 3304
3400 32 B 3306
3401 32 B 3307
3402 32 3171 3308
3403 32 3310 3309
3404 32 3177 3311
3405 32 3313 3312
3406 32 3315 3314
3407 32 3186 3316
3408 32 3318 3317
3409 32 3320 3319
3410 32 B 3321
3411 32 3323 3322
3412 33 3325 3324
3413 33 3327 3326
3414 33 3329 3328
3415 33 3330 3325
3416 33 3331 3327
3417 33 3332 3329
3418 33 3334 3333
3419 33 3335 3334
3420 33 3336 3330
3421 33 3337 3331
3422 33 3338 3332
3423 33 3339 3335
3424 33 3341 3340
3425 33 3342 3341
3426 33 3343 3342
3427 33 3344 3336
3428 33 3345 3337
3429 33 3346 3338
3430 33 3347 3339
3431 33 3348 3343
3432 33 3350 3349
3433 33 3351 3350
3434 33 3352 3351
3435 33 3353 3352
3436 33 B 3354
3437 33 3355 3327
3438 33 B 3356
3439 33 3354 3324
3440 33 B 3355
3441 33 3357 3335
3442 33 B 3357
3443 33 3358 3343
3444 33 B 3358
3445 33 3359 3353
3446 33 3360 3344
3447 33 3361 3345
3448 33 3362 3346
3449 33 3363 3347
3450 33 3364 3348
3451 33 3365 3353
3452 33 3367 3366
3453 33 3370 3369
3454 33 3372 3367
3455 33 3373 3370
3456 33 3375 3374
3457 33 3377 3375
3458 33 3378 3372
3459 33 3379 3367
3460 33 3380 3373
3461 33 3381 3370
3462 33 3367 3368
3463 33 3370 3371
3464 33 3382 3377
3465 33 3383 3375
3466 33 3375 3376
3467 33 3385 3384
3468 33 3387 3385
3469 33 3388 3387
3470 33 3389 3385
3471 33 3385 3386
3472 33 3390 3378
3473 33 3391 3380
3474 33 3392 3382
3475 33 3393 3388
3476 33 3394 3390
3477 33 3395 3378
3478 33 3396 3391
3479 33 3397 3380
3480 33 3378 3379
3481 33 3380 3381
3482 33 3398 3392
3483 33 3399 3382
3484 33 3382 3383
3485 33 3400 3393
3486 33 3401 3388
3487 33 3388 3389
3488 33 B 3359
3489 33 3402 3394
3490 33 3403 3353
3491 33 B 3404
3492 33 B 3348
3493 33 3405 3343
3494 33 B 3405
3495 33 B 3406
3496 33 B 3343
3497 33 3404 3380
3498 33 3406 3335
3499 33 B 3407
3500 33 B 3339
3501 33 B 3408
3502 33 B 3335
3503 33 B 3331
3504 33 3408 3327
3505 33 B 3409
3506 33 B 3327
3507 33 3407 3375
3508 33 3409 3324
3509 33 B 3410
3510 33 B 3325
3511 33 B 3411
3512 33 B 3324
3513 33 B 3328
3514 34 3413 3412
3515 34 3326 3324
3516 34 3412 3414
3517 34 3324 3328
3518 34 3416 3415
3519 34 3415 3417
3520 34 3418 3413
3521 34 3333 3326
3522 34 3419 3416
3523 34 3421 3420
3524 34 3420 3422
3525 34 3423 3421
3526 34 3424 3418
3527 34 3340 3333
3528 34 3425 3419
3529 34 3426 3423
3530 34 3428 3427
3531 34 3427 3429
3532 34 3430 3428
3533 34 3431 3430
3534 34 3432 3424
3535 34 3349 3340
3536 34 3433 3425
3537 34 3434 3426
3538 34 3435 3431
3539 34 3437 3436
3540 34 3439 3438
3541 34 3441 3440
3542 34 3443 3442
3543 34 3445 3444
3544 34 3447 3446
3545 34 3446 3448
3546 34 3449 3447
3547 34 3450 3449
3548 34 3451 3450
3549 34 3452 3432
3550 34 3368 3349
3551 34 B 3453
3552 34 B 3371
3553 34 3454 3433
3554 34 B 3455
3555 34 3453 3418
3556 34 3371 3333
3557 34 B 3456
3558 34 B 3376
3559 34 3455 3419
3560 34 B 3457
3561 34 3458 3434
3562 34 3459 3433
3563 34 B 3460
3564 34 B 3461
3565 34 3462 3432
3566 34 B 3463
3567 34 3460 3423
3568 34 3461 3419
3569 34 B 3464
3570 34 B 3465
3571 34 3463 3418
3572 34 B 3466
3573 34 3456 3412
3574 34 3376 3324
3575 34 B 3467
3576 34 B 3386
3577 34 3457 3415
3578 34 B 3468
3579 34 3464 3420
3580 34 3465 3415
3581 34 B 3469
3582 34 B 3470
3583 34 3466 3412
3584 34 B 3471
3585 34 3472 3435
3586 34 B 3473
3587 34 3473 3430
3588 34 B 3474
3589 34 3474 3427
3590 34 B 3475
3591 34 3476 3451
3592 34 3477 3435
3593 34 B 3478
3594 34 B 3479
3595 34 3480 3434
3596 34 B 3481
3597 34 3478 3449
3598 34 3479 3430
3599 34 B 3482
3600 34 B 3483
3601 34 3481 3423
3602 34 B 3484
3603 34 3482 3446
3604 34 3483 3427
3605 34 B 3485
3606 34 B 3486
3607 34 3484 3420
3608 34 B 3487
3609 34 3489 3488
3610 34 3476 3490
3611 34 B 3491
3612 34 3490 3492
3613 34 3435 3493
3614 34 3496 3495
3615 34 3497 3442
3616 34 3460 3498
3617 34 B 3499
3618 34 3493 3500
3619 34 3426 3498
3620 34 3502 3501
3621 34 3498 3503
3622 34 3419 3504
3623 34 3506 3505
3624 34 3507 3436
3625 34 3456 3508
3626 34 B 3509
3627 34 3504 3510
3628 34 3413 3508
3629 34 3512 3511
3630 34 3508 3513
3631 34 3324 3411
3632 35 3515 3514
3633 35 3517 3516
3634 35 3514 3518
3635 35 3516 3519
3636 35 3521 3520
3637 35 3520 3522
3638 35 3328 3414
3639 35 3414 3417
3640 35 3518 3523
3641 35 3519 3524
3642 35 3522 3525
3643 35 3417 3422
3644 35 3527 3526
3645 35 3526 3528
3646 35 3528 3529
3647 35 3523 3530
3648 35 3524 3531
3649 35 3525 3532
3650 35 3422 3429
3651 35 3529 3533
3652 35 3535 3534
3653 35 3534 3536
3654 35 3536 3537
3655 35 3537 3538
3656 35 3514 3539
3657 35 3522 3541
3658 35 3517 3540
3659 35 3529 3542
3660 35 3538 3543
3661 35 3530 3544
3662 35 3531 3545
3663 35 3532 3546
3664 35 3429 3448
3665 35 3533 3547
3666 35 3538 3548
3667 35 3550 3549
3668 35 3552 3551
3669 35 3549 3553
3670 35 3551 3554
3671 35 3556 3555
3672 35 3558 3557
3673 35 3555 3559
3674 35 3557 3560
3675 35 3562 3561
3676 35 3564 3563
3677 35 3565 3562
3678 35 3566 3564
3679 35 3568 3567
3680 35 3570 3569
3681 35 3571 3568
3682 35 3572 3570
3683 35 3574 3573
3684 35 3576 3575
3685 35 3573 3577
3686 35 3575 3578
3687 35 3580 3579
3688 35 3582 3581
3689 35 3583 3580
3690 35 3584 3582
3691 35 3561 3585
3692 35 3563 3586
3693 35 3567 3587
3694 35 3569 3588
3695 35 3579 3589
3696 35 3581 3590
3697 35 3592 3591
3698 35 3594 3593
3699 35 3595 3592
3700 35 3596 3594
3701 35 3598 3597
3702 35 3600 3599
3703 35 3601 3598
3704 35 3602 3600
3705 35 3604 3603
3706 35 3606 3605
3707 35 3607 3604
3708 35 3608 3606
3709 35 3610 3609
3710 35 3613 3612
3711 35 3614 3494
3712 35 3616 3615
3713 35 3619 3618
3714 35 3620 3495
3715 35 3622 3621
3716 35 3623 3501
3717 35 3625 3624
3718 35 3628 3627
3719 35 3629 3505
3720 35 3631 3630
3721 35 B 3511
3722 36 3633 3632
3723 36 3635 3634
3724 36 3632 3636
3725 36 3634 3637
3726 36 3638 3633
3727 36 3639 3635
3728 36 3641 3640
3729 36 3640 3642
3730 36 3643 3641
3731 36 3636 3644
3732 36 3637 3645
3733 36 3642 3646
3734 36 3648 3647
3735 36 3647 3649
3736 36 3650 3648
3737 36 3649 3651
3738 36 3644 3652
3739 36 3645 3653
3740 36 3646 3654
3741 36 3651 3655
3742 36 3540 3656
3743 36 3539 3657
3744 36 3356 3658
3745 36 3541 3659
3746 36 3542 3660
3747 36 3662 3661
3748 36 3661 3663
3749 36 3664 3662
3750 36 3663 3665
3751 36 3665 3666
3752 36 3668 3667
3753 36 3670 3669
3754 36 3672 3671
3755 36 3674 3673
3756 36 3676 3675
3757 36 3678 3677
3758 36 3680 3679
3759 36 3682 3681
3760 36 3684 3683
3761 36 3686 3685
3762 36 3688 3687
3763 36 3690 3689
3764 36 3692 3691
3765 36 3694 3693
3766 36 3696 3695
3767 36 3698 3697
3768 36 3700 3699
3769 36 3702 3701
3770 36 3704 3703
3771 36 3706 3705
3772 36 3708 3707
3773 36 3611 3709
3774 36 3711 3710
3775 36 3617 3712
3776 36 3714 3713
3777 36 3716 3715
3778 36 3626 3717
3779 36 3719 3718
3780 36 3721 3720
3781 37 3723 3722
3782 37 3725 3724
3783 37 3727 3726
3784 37 3728 3723
3785 37 3729 3725
3786 37 3730 3727
3787 37 3732 3731
3788 37 3733 3732
3789 37 3734 3728
3790 37 3735 3729
3791 37 3736 3730
3792 37 3737 3733
3793 37 3739 3738
3794 37 3740 3739
3795 37 3741 3740
3796 37 B 3742
3797 37 3743 3725
3798 37 B 3744
3799 37 3742 3722
3800 37 B 3743
3801 37 3745 3733
3802 37 B 3745
3803 37 3746 3741
3804 37 3747 3734
3805 37 3748 3735
3806 37 3749 3736
3807 37 3750 3737
3808 37 3751 3741
3809 37 3753 3752
3810 37 3755 3754
3811 37 3756 3753
3812 37 3757 3752
3813 37 3758 3755
3814 37 3759 3754
3815 37 3761 3760
3816 37 3762 3761
3817 37 3763 3760
3818 37 3764 3756
3819 37 3765 3758
3820 37 3766 3762
3821 37 3767 3764
3822 37 3768 3756
3823 37 3769 3765
3824 37 3770 3758
3825 37 3756 3757
3826 37 3758 3759
3827 37 3771 3766
3828 37 3772 3762
3829 37 3762 3763
3830 37 B 3746
3831 37 3773 3767
3832 37 3774 3741
3833 37 B 3775
3834 37 B 3737
3835 37 3776 3733
3836 37 B 3776
3837 37 B 3777
3838 37 B 3733
3839 37 3775 3758
3840 37 3777 3725
3841 37 B 3778
3842 37 B 3729
3843 37 B 3779
3844 37 B 3725
3845 37 B 3723
3846 37 3779 3722
3847 37 B 3780
3848 37 B 3722
3849 37 3778 3760
3850 37 B 3726
3851 38 3782 3781
3852 38 3724 3722
3853 38 3781 3783
3854 38 3722 3726
3855 38 3785 3784
3856 38 3784 3786
3857 38 3787 3782
3858 38 3731 3724
3859 38 3788 3785
3860 38 3790 3789
3861 38 3789 3791
3862 38 3792 3790
3863 38 3793 3787
3864 38 3738 3731
3865 38 3794 3788
3866 38 3795 3792
3867 38 3797 3796
3868 38 3799 3798
3869 38 3801 3800
3870 38 3803 3802
3871 38 3805 3804
3872 38 3804 3806
3873 38 3807 3805
3874 38 3808 3807
3875 38 3809 3793
3876 38 3752 3738
3877 38 B 3810
3878 38 B 3754
3879 38 3811 3794
3880 38 3812 3793
3881 38 B 3813
3882 38 B 3814
3883 38 3810 3782
3884 38 3754 3724
3885 38 B 3815
3886 38 B 3760
3887 38 3813 3785
3888 38 3814 3782
3889 38 B 3816
3890 38 B 3817
3891 38 3818 3795
3892 38 B 3819
3893 38 3819 3790
3894 38 B 3820
3895 38 3815 3783
3896 38 3760 3726
3897 38 3816 3786
3898 38 3817 3783
3899 38 3820 3791
3900 38 3821 3808
3901 38 3822 3795
3902 38 B 3823
3903 38 B 3824
3904 38 3825 3794
3905 38 B 3826
3906 38 3823 3805
3907 38 3824 3790
3908 38 B 3827
3909 38 B 3828
3910 38 3826 3785
3911 38 B 3829
3912 38 3827 3806
3913 38 3828 3791
3914 38 3829 3786
3915 38 3831 3830
3916 38 3821 3832
3917 38 B 3833
3918 38 3832 3834
3919 38 3795 3835
3920 38 3838 3837
3921 38 3839 3800
3922 38 3813 3840
3923 38 B 3841
3924 38 3835 3842
3925 38 3788 3840
3926 38 3844 3843
3927 38 3840 3845
3928 38 3782 3846
3929 38 3848 3847
3930 38 3849 3798
3931 38 3760 3780
3932 38 3846 3850
3933 38 3722 3780
3934 39 3852 3851
3935 39 3854 3853
3936 39 3851 3855
3937 39 3853 3856
3938 39 3858 3857
3939 39 3857 3859
3940 39 3726 3783
3941 39 3783 3786
3942 39 3855 3860
3943 39 3856 3861
3944 39 3859 3862
3945 39 3786 3791
3946 39 3864 3863
3947 39 3863 3865
3948 39 3865 3866
3949 39 3851 3867
3950 39 3859 3869
3951 39 3854 3868
3952 39 3866 3870
3953 39 3860 3871
3954 39 3861 3872
3955 39 3862 3873
3956 39 3791 3806
3957 39 3866 3874
3958 39 3876 3875
3959 39 3878 3877
3960 39 3880 3879
3961 39 3882 3881
3962 39 3876 3880
3963 39 3878 3882
3964 39 3884 3883
3965 39 3886 3885
3966 39 3888 3887
3967 39 3890 3889
3968 39 3884 3888
3969 39 3886 3890
3970 39 3879 3891
3971 39 3881 3892
3972 39 3887 3893
3973 39 3889 3894
3974 39 3896 3895
3975 39 3898 3897
3976 39 3896 3898
3977 39 3897 3899
3978 39 3901 3900
3979 39 3903 3902
3980 39 3904 3901
3981 39 3905 3903
3982 39 3907 3906
3983 39 3909 3908
3984 39 3910 3907
3985 39 3911 3909
3986 39 3913 3912
3987 39 3914 3913
3988 39 3916 3915
3989 39 3919 3918
3990 39 3920 3836
3991 39 3922 3921
3992 39 3925 3924
3993 39 3926 3837
3994 39 3928 3927
3995 39 3929 3843
3996 39 3931 3930
3997 39 3933 3932
3998 39 B 3847
3999 40 3935 3934
4000 40 3937 3936
4001 40 3934 3938
4002 40 3936 3939
4003 40 3940 3935
4004 40 3941 3937
4005 40 3943 3942
4006 40 3942 3944
4007 40 3945 3943
4008 40 3938 3946
4009 40 3939 3947
4010 40 3944 3948
4011 40 3868 3949
4012 40 3867 3950
4013 40 3744 3951
4014 40 3869 3952
4015 40 3954 3953
4016 40 3953 3955
4017 40 3956 3954
4018 40 3955 3957
4019 40 3959 3958
4020 40 3961 3960
4021 40 3963 3962
4022 40 3965 3964
4023 40 3967 3966
4024 40 3969 3968
4025 40 3971 3970
4026 40 3973 3972
4027 40 B 3974
4028 40 B 3975
4029 40 B 3976
4030 40 B 3977
4031 40 3979 3978
4032 40 3981 3980
4033 40 3983 3982
4034 40 3985 3984
4035 40 B 3986
4036 40 B 3987
4037 40 3917 3988
4038 40 3990 3989
4039 40 3923 3991
4040 40 3993 3992
4041 40 3995 3994
4042 40 B 3996
4043 40 3998 3997
4044 41 4000 3999
4045 41 4002 4001
4046 41 4004 4003
4047 41 4005 4000
4048 41 4006 4002
4049 41 4007 4004
4050 41 4009 4008
4051 41 4010 4009
4052 41 B 4011
4053 41 4012 4002
4054 41 B 4013
4055 41 4011 3999
4056 41 B 4012
4057 41 4014 4010
4058 41 4015 4005
4059 41 4016 4006
4060 41 4017 4007
4061 41 4018 4010
4062 41 4020 4019
4063 41 4023 4022
4064 41 4025 4020
4065 41 4026 4023
4066 41 4028 4027
4067 41 4030 4028
4068 41 4031 4025
4069 41 4032 4020
4070 41 4033 4026
4071 41 4034 4023
4072 41 4020 4021
4073 41 4023 4024
4074 41 4035 4030
4075 41 4036 4028
4076 41 4028 4029
4077 41 B 4014
4078 41 4037 4031
4079 41 4038 4010
4080 41 B 4039
4081 41 B 4006
4082 41 4040 4002
4083 41 B 4040
4084 41 B 4041
4085 41 B 4002
4086 41 4039 4023
4087 41 4041 3999
4088 41 B 4042
4089 41 B 4000
4090 41 B 4043
4091 41 B 3999
4092 41 B 4003
4093 42 4045 4044
4094 42 4001 3999
4095 42 4044 4046
4096 42 3999 4003
4097 42 4048 4047
4098 42 4047 4049
4099 42 4050 4045
4100 42 4008 4001
4101 42 4051 4048
4102 42 4053 4052
4103 42 4055 4054
4104 42 4057 4056
4105 42 4059 4058
4106 42 4058 4060
4107 42 4061 4059
4108 42 4062 4050
4109 42 4021 4008
4110 42 B 4063
4111 42 B 4024
4112 42 4064 4051
4113 42 B 4065
4114 42 4063 4044
4115 42 4024 3999
4116 42 B 4066
4117 42 B 4029
4118 42 4065 4047
4119 42 B 4067
4120 42 4068 4061
4121 42 4069 4051
4122 42 B 4070
4123 42 B 4071
4124 42 4072 4050
4125 42 B 4073
4126 42 4070 4058
4127 42 4071 4047
4128 42 B 4074
4129 42 B 4075
4130 42 4073 4044
4131 42 B 4076
4132 42 4078 4077
4133 42 4068 4079
4134 42 B 4080
4135 42 4079 4081
4136 42 4051 4082
4137 42 4085 4084
4138 42 4086 4052
4139 42 4063 4087
4140 42 B 4088
4141 42 4082 4089
4142 42 4045 4087
4143 42 4091 4090
4144 42 4087 4092
4145 42 3999 4043
4146 43 4094 4093
4147 43 4096 4095
4148 43 4093 4097
4149 43 4095 4098
4150 43 4100 4099
4151 43 4099 4101
4152 43 4003 4046
4153 43 4046 4049
4154 43 4093 4102
4155 43 4101 4104
4156 43 4096 4103
4157 43 4097 4105
4158 43 4098 4106
4159 43 4101 4107
4160 43 4049 4060
4161 43 4109 4108
4162 43 4111 4110
4163 43 4108 4112
4164 43 4110 4113
4165 43 4115 4114
4166 43 4117 4116
4167 43 4114 4118
4168 43 4116 4119
4169 43 4121 4120
4170 43 4123 4122
4171 43 4124 4121
4172 43 4125 4123
4173 43 4127 4126
4174 43 4129 4128
4175 43 4130 4127
4176 43 4131 4129
4177 43 4133 4132
4178 43 4136 4135
4179 43 4137 4083
4180 43 4139 4138
4181 43 4142 4141
4182 43 4143 4084
4183 43 4145 4144
4184 43 B 4090
4185 44 4147 4146
4186 44 4149 4148
4187 44 4146 4150
4188 44 4148 4151
4189 44 4152 4147
4190 44 4153 4149
4191 44 4103 4154
4192 44 4102 4155
4193 44 4013 4156
4194 44 4158 4157
4195 44 4157 4159
4196 44 4160 4158
4197 44 4162 4161
4198 44 4164 4163
4199 44 4166 4165
4200 44 4168 4167
4201 44 4170 4169
4202 44 4172 4171
4203 44 4174 4173
4204 44 4176 4175
4205 44 4134 4177
4206 44 4179 4178
4207 44 4140 4180
4208 44 4182 4181
4209 44 4184 4183
4210 45 4186 4185
4211 45 4188 4187
4212 45 4190 4189
4213 45 B 4191
4214 45 4192 4188
4215 45 B 4193
4216 45 4191 4185
4217 45 4194 4186
4218 45 4195 4188
4219 45 4196 4190
4220 45 4198 4197
4221 45 4200 4199
4222 45 4201 4198
4223 45 4202 4197
4224 45 4203 4200
4225 45 4204 4199
4226 45 B 4192
4227 45 4205 4201
4228 45 4206 4188
4229 45 B 4207
4230 45 B 4186
4231 45 4208 4185
4232 45 B 4208
4233 45 B 4209
4234 45 B 4185
4235 45 4207 4199
4236 45 B 4189
4237 46 4211 4210
4238 46 4187 4185
4239 46 4210 4212
4240 46 4185 4189
4241 46 4214 4213
4242 46 4216 4215
4243 46 4218 4217
4244 46 4217 4219
4245 46 4220 4211
4246 46 4197 4187
4247 46 B 4221
4248 46 B 4199
4249 46 4222 4218
4250 46 4223 4211
4251 46 B 4224
4252 46 B 4225
4253 46 4221 4212
4254 46 4199 4189
4255 46 4224 4219
4256 46 4225 4212
4257 46 4227 4226
4258 46 4222 4228
4259 46 B 4229
4260 46 4228 4230
4261 46 4211 4231
4262 46 4234 4233
4263 46 4235 4215
4264 46 4199 4209
4265 46 4231 4236
4266 46 4185 4209
4267 47 4238 4237
4268 47 4240 4239
4269 47 4237 4241
4270 47 4189 4212
4271 47 4240 4242
4272 47 4237 4243
4273 47 4239 4244
4274 47 4246 4245
4275 47 4248 4247
4276 47 4250 4249
4277 47 4252 4251
4278 47 4246 4250
4279 47 4248 4252
4280 47 4254 4253
4281 47 4256 4255
4282 47 4254 4256
4283 47 4258 4257
4284 47 4261 4260
4285 47 4262 4232
4286 47 4264 4263
4287 47 4266 4265
4288 47 B 4233
4289 48 4268 4267
4290 48 4242 4269
4291 48 4270 4268
4292 48 4193 4271
4293 48 4273 4272
4294 48 4275 4274
4295 48 4277 4276
4296 48 4279 4278
4297 48 B 4280
4298 48 B 4281
4299 48 B 4282
4300 48 4259 4283
4301 48 4285 4284
4302 48 B 4286
4303 48 4288 4287
4304 49 B 4292
4305 49 4290 4289
4306 49 4293 4289
4307 49 4295 4294
4308 49 4298 4297
4309 49 B 4290
4310 49 4300 4295
4311 49 4301 4289
4312 49 B 4302
4313 49 B 4291
4314 49 B 4303
4315 50 4305 4304
4316 50 4289 4291
4317 50 4307 4306
4318 50 4296 4289
4319 50 B 4308
4320 50 B 4299
4321 50 4310 4309
4322 50 4307 4311
4323 50 B 4312
4324 50 4311 4313
4325 50 4289 4303
4326 51 4316 4315
4327 51 4318 4317
4328 51 4320 4319
4329 51 4322 4321
4330 51 4325 4324
4331 51 B 4314
4332 52 4292 4326
4333 52 4328 4327
4334 52 4323 4329
4335 52 4331 4330
4336 53 B 4332
4337 53 4334 4333
4338 54 4337 4336
4339 54 4333 4335
4340 55 4339 4338
4341 56 B 4340
4342 59 B 4341
4343 60 B 4342