1 1 B T
2 2 T 1
3 2 B T
4 2 B 1
5 3 2 1
6 3 3 2
7 3 B 3
8 3 B 2
9 3 4 1
10 3 3 4
11 3 B 4
12 3 B 1
13 4 1 5
14 4 B 1
15 4 5 6
16 4 1 2
17 4 6 7
18 4 5 8
19 4 B 9
20 4 B 10
21 4 9 6
22 4 B 5
23 4 B 7
24 4 B 11
25 4 B 4
26 4 10 7
27 4 11 7
28 4 4 6
29 4 B 2
30 4 9 8
31 4 1 9
32 4 12 11
33 4 1 4
34 5 14 13
35 5 16 15
36 5 13 15
37 5 15 17
38 5 B 14
39 5 2 6
40 5 6 7
41 5 17 7
42 5 13 18
43 5 16 18
44 5 B 19
45 5 19 20
46 5 22 21
47 5 24 23
48 5 14 22
49 5 25 24
50 5 21 26
51 5 27 7
52 5 28 27
53 5 29 21
54 5 19 30
55 5 31 30
56 5 32 11
57 5 25 30
58 5 33 30
59 5 B 11
60 6 35 34
61 6 37 36
62 6 34 38
63 6 36 34
64 6 39 35
65 6 40 37
66 6 41 37
67 6 7 41
68 6 B 7
69 6 18 42
70 6 2 43
71 6 44 38
72 6 45 34
73 6 47 46
74 6 49 48
75 6 23 50
76 6 B 51
77 6 B 52
78 6 B 53
79 6 B 50
80 6 24 54
81 6 56 55
82 6 B 57
83 6 59 58
84 7 61 60
85 7 63 62
86 7 65 64
87 7 66 61
88 7 61 63
89 7 67 65
90 7 62 38
91 7 67 66
92 7 68 67
93 7 B 68
94 7 B 69
95 7 69 63
96 7 B 70
97 7 69 60
98 7 71 38
99 7 72 71
100 7 73 72
101 7 74 71
102 7 75 73
103 7 76 75
104 7 77 73
105 7 73 74
106 7 79 78
107 7 76 79
108 7 77 78
109 7 68 76
110 7 B 76
111 7 76 77
112 7 80 72
113 7 81 63
114 7 B 80
115 7 B 61
116 7 B 81
117 7 B 63
118 7 81 60
119 7 B 82
120 7 B 83
121 7 B 60
122 7 B 64
123 8 85 84
124 8 62 60
125 8 84 86
126 8 60 64
127 8 88 87
128 8 87 89
129 8 90 85
130 8 38 62
131 8 85 88
132 8 87 91
133 8 91 92
134 8 38 90
135 8 B 38
136 8 92 93
137 8 95 94
138 8 97 96
139 8 B 98
140 8 B 99
141 8 B 71
142 8 98 85
143 8 B 90
144 8 B 100
145 8 B 101
146 8 99 88
147 8 B 102
148 8 100 87
149 8 101 88
150 8 B 103
151 8 B 104
152 8 71 85
153 8 B 105
154 8 99 84
155 8 71 60
156 8 B 106
157 8 B 78
158 8 101 84
159 8 B 107
160 8 B 108
161 8 102 91
162 8 B 109
163 8 103 92
164 8 104 91
165 8 B 93
166 8 B 110
167 8 105 87
168 8 B 111
169 8 109 93
170 8 110 93
171 8 111 92
172 8 112 94
173 8 101 113
174 8 B 114
175 8 113 115
176 8 85 113
177 8 117 116
178 8 101 118
179 8 B 119
180 8 85 118
181 8 121 120
182 8 118 122
183 8 60 83
184 9 124 123
185 9 126 125
186 9 123 127
187 9 125 128
188 9 130 129
189 9 129 131
190 9 64 86
191 9 86 89
192 9 127 132
193 9 128 133
194 9 131 127
195 9 89 92
196 9 135 134
197 9 134 129
198 9 132 133
199 9 133 136
200 9 92 93
201 9 B 135
202 9 136 93
203 9 123 137
204 9 131 137
205 9 126 138
206 9 B 139
207 9 139 140
208 9 141 140
209 9 143 142
210 9 145 144
211 9 135 143
212 9 141 145
213 9 142 146
214 9 144 147
215 9 149 148
216 9 151 150
217 9 152 149
218 9 153 151
219 9 155 154
220 9 157 156
221 9 158 148
222 9 160 159
223 9 155 158
224 9 157 160
225 9 148 161
226 9 159 162
227 9 164 163
228 9 166 165
229 9 167 164
230 9 168 166
231 9 150 162
232 9 163 169
233 9 170 93
234 9 171 170
235 9 173 172
236 9 176 175
237 9 177 116
238 9 178 172
239 9 180 175
240 9 181 116
241 9 183 182
242 9 B 120
243 10 185 184
244 10 187 186
245 10 184 188
246 10 186 189
247 10 190 185
248 10 191 187
249 10 193 192
250 10 192 194
251 10 195 193
252 10 188 196
253 10 189 197
254 10 194 189
255 10 199 198
256 10 198 192
257 10 200 199
258 10 196 201
259 10 197 196
260 10 202 199
261 10 93 202
262 10 B 93
263 10 138 203
264 10 137 204
265 10 70 205
266 10 206 201
267 10 207 196
268 10 208 196
269 10 210 209
270 10 212 211
271 10 214 213
272 10 216 215
273 10 218 217
274 10 220 219
275 10 222 221
276 10 224 223
277 10 226 225
278 10 228 227
279 10 230 229
280 10 231 225
281 10 165 232
282 10 B 233
283 10 B 234
284 10 174 235
285 10 237 236
286 10 179 238
287 10 240 239
288 10 242 241
289 11 244 243
290 11 246 245
291 11 248 247
292 11 249 244
293 11 250 246
294 11 251 248
295 11 253 252
296 11 254 253
297 11 255 249
298 11 256 250
299 11 257 251
300 11 250 254
301 11 259 258
302 11 253 259
303 11 260 255
304 11 255 256
305 11 261 257
306 11 258 201
307 11 261 260
308 11 262 261
309 11 B 263
310 11 264 246
311 11 B 265
312 11 263 243
313 11 B 264
314 11 264 254
315 11 B 262
316 11 266 201
317 11 267 266
318 11 269 268
319 11 271 269
320 11 269 267
321 11 270 266
322 11 272 271
323 11 273 269
324 11 269 270
325 11 275 274
326 11 277 275
327 11 278 277
328 11 279 275
329 11 275 276
330 11 280 272
331 11 281 278
332 11 278 280
333 11 279 272
334 11 272 273
335 11 282 281
336 11 283 278
337 11 278 279
338 11 262 282
339 11 284 271
340 11 285 254
341 11 B 284
342 11 B 250
343 11 B 285
344 11 B 254
345 11 285 246
346 11 B 286
347 11 B 287
348 11 B 246
349 11 B 244
350 11 287 243
351 11 B 288
352 11 B 243
353 11 B 282
354 11 282 283
355 11 286 274
356 11 B 247
357 12 290 289
358 12 245 243
359 12 289 291
360 12 243 247
361 12 293 292
362 12 292 294
363 12 295 290
364 12 252 245
365 12 296 293
366 12 298 297
367 12 297 299
368 12 300 298
369 12 301 295
370 12 258 252
371 12 302 296
372 12 296 300
373 12 304 303
374 12 303 305
375 12 298 304
376 12 306 301
377 12 201 258
378 12 301 302
379 12 303 307
380 12 307 308
381 12 201 306
382 12 B 201
383 12 310 309
384 12 312 311
385 12 314 313
386 12 308 315
387 12 B 316
388 12 B 317
389 12 316 301
390 12 B 258
391 12 B 318
392 12 B 270
393 12 317 302
394 12 B 319
395 12 B 306
396 12 B 320
397 12 B 321
398 12 B 266
399 12 320 296
400 12 321 302
401 12 B 322
402 12 B 323
403 12 266 301
404 12 B 324
405 12 318 290
406 12 270 245
407 12 B 325
408 12 B 276
409 12 319 293
410 12 B 326
411 12 322 298
412 12 323 293
413 12 B 327
414 12 B 328
415 12 324 290
416 12 B 329
417 12 319 300
418 12 B 330
419 12 330 304
420 12 B 331
421 12 325 291
422 12 276 247
423 12 326 294
424 12 327 299
425 12 328 294
426 12 329 291
427 12 331 305
428 12 323 300
429 12 B 332
430 12 B 333
431 12 324 296
432 12 B 334
433 12 332 303
434 12 333 304
435 12 B 335
436 12 B 336
437 12 334 298
438 12 B 337
439 12 335 308
440 12 336 305
441 12 337 299
442 12 331 307
443 12 B 338
444 12 338 315
445 12 339 313
446 12 323 340
447 12 B 341
448 12 340 342
449 12 296 340
450 12 344 343
451 12 323 345
452 12 B 346
453 12 296 345
454 12 348 347
455 12 345 349
456 12 290 350
457 12 352 351
458 12 336 307
459 12 337 303
460 12 B 353
461 12 B 354
462 12 355 311
463 12 276 288
464 12 350 356
465 12 243 288
466 12 353 315
467 12 354 308
468 13 358 357
469 13 360 359
470 13 357 361
471 13 359 362
472 13 364 363
473 13 363 365
474 13 247 291
475 13 291 294
476 13 361 366
477 13 362 367
478 13 365 368
479 13 294 299
480 13 370 369
481 13 369 371
482 13 371 372
483 13 366 373
484 13 367 374
485 13 368 375
486 13 299 305
487 13 372 368
488 13 377 376
489 13 376 378
490 13 378 371
491 13 373 379
492 13 374 380
493 13 375 373
494 13 305 308
495 13 382 381
496 13 381 376
497 13 357 383
498 13 365 385
499 13 360 384
500 13 372 385
501 13 379 380
502 13 380 386
503 13 308 315
504 13 B 382
505 13 B 387
506 13 387 388
507 13 390 389
508 13 392 391
509 13 389 393
510 13 391 394
511 13 395 389
512 13 397 396
513 13 382 395
514 13 398 397
515 13 400 399
516 13 402 401
517 13 403 400
518 13 404 402
519 13 406 405
520 13 408 407
521 13 405 409
522 13 407 410
523 13 412 411
524 13 414 413
525 13 415 412
526 13 416 414
527 13 396 394
528 13 399 417
529 13 401 418
530 13 411 419
531 13 413 420
532 13 422 421
533 13 421 423
534 13 425 424
535 13 426 425
536 13 424 427
537 13 428 411
538 13 430 429
539 13 431 428
540 13 432 430
541 13 434 433
542 13 436 435
543 13 437 434
544 13 438 436
545 13 440 439
546 13 441 440
547 13 429 420
548 13 433 442
549 13 435 443
550 13 439 444
551 13 446 445
552 13 449 448
553 13 450 343
554 13 451 445
555 13 453 448
556 13 454 343
557 13 456 455
558 13 457 347
559 13 459 458
560 13 461 460
561 13 463 462
562 13 465 464
563 13 B 351
564 13 467 466
565 14 469 468
566 14 471 470
567 14 468 472
568 14 470 473
569 14 474 469
570 14 475 471
571 14 477 476
572 14 476 478
573 14 479 477
574 14 472 480
575 14 473 481
576 14 478 482
577 14 484 483
578 14 483 485
579 14 486 484
580 14 485 487
581 14 480 488
582 14 481 489
583 14 482 490
584 14 487 482
585 14 492 491
586 14 491 493
587 14 494 492
588 14 493 485
589 14 488 495
590 14 489 496
591 14 490 489
592 14 384 497
593 14 383 498
594 14 265 499
595 14 385 500
596 14 502 501
597 14 501 491
598 14 503 502
599 14 505 504
600 14 506 495
601 14 508 507
602 14 510 509
603 14 512 511
604 14 514 513
605 14 516 515
606 14 518 517
607 14 520 519
608 14 522 521
609 14 524 523
610 14 526 525
611 14 527 509
612 14 529 528
613 14 531 530
614 14 B 532
615 14 B 533
616 14 B 534
617 14 B 535
618 14 B 536
619 14 538 537
620 14 540 539
621 14 542 541
622 14 544 543
623 14 B 545
624 14 B 546
625 14 547 530
626 14 549 548
627 14 B 550
628 14 447 551
629 14 553 552
630 14 452 554
631 14 556 555
632 14 558 557
633 14 560 559
634 14 B 561
635 14 563 562
636 14 B 564
637 15 566 565
638 15 568 567
639 15 570 569
640 15 571 566
641 15 572 568
642 15 573 570
643 15 575 574
644 15 576 575
645 15 577 571
646 15 578 572
647 15 579 573
648 15 580 576
649 15 582 581
650 15 583 582
651 15 584 583
652 15 585 577
653 15 586 578
654 15 587 579
655 15 588 580
656 15 580 584
657 15 590 589
658 15 591 590
659 15 583 591
660 15 B 592
661 15 593 568
662 15 B 594
663 15 592 565
664 15 B 593
665 15 595 576
666 15 B 595
667 15 595 584
668 15 596 585
669 15 597 586
670 15 598 587
671 15 586 588
672 15 600 599
673 15 602 601
674 15 603 600
675 15 604 599
676 15 605 602
677 15 606 601
678 15 608 607
679 15 609 608
680 15 610 607
681 15 611 603
682 15 612 605
683 15 613 609
684 15 615 614
685 15 616 615
686 15 617 614
687 15 618 616
688 15 605 611
689 15 606 603
690 15 619 612
691 15 620 605
692 15 603 604
693 15 605 606
694 15 621 613
695 15 622 609
696 15 609 610
697 15 623 618
698 15 624 616
699 15 616 617
700 15 625 619
701 15 626 621
702 15 627 623
703 15 628 612
704 15 629 584
705 15 B 628
706 15 B 580
707 15 B 629
708 15 B 584
709 15 622 619
710 15 619 620
711 15 629 576
712 15 B 630
713 15 B 631
714 15 B 576
715 15 B 572
716 15 631 568
717 15 B 632
718 15 B 568
719 15 633 621
720 15 621 622
721 15 630 608
722 15 632 565
723 15 B 634
724 15 B 566
725 15 B 635
726 15 B 565
727 15 B 569
728 15 636 623
729 15 623 624
730 16 638 637
731 16 567 565
732 16 637 639
733 16 565 569
734 16 641 640
735 16 640 642
736 16 643 638
737 16 574 567
738 16 644 641
739 16 646 645
740 16 645 647
741 16 648 646
742 16 649 643
743 16 581 574
744 16 650 644
745 16 651 648
746 16 653 652
747 16 652 654
748 16 655 653
749 16 656 655
750 16 657 649
751 16 589 581
752 16 658 650
753 16 659 651
754 16 651 656
755 16 661 660
756 16 663 662
757 16 665 664
758 16 667 666
759 16 669 668
760 16 668 670
761 16 671 669
762 16 655 671
763 16 672 657
764 16 599 589
765 16 B 673
766 16 B 601
767 16 674 658
768 16 675 657
769 16 B 676
770 16 B 677
771 16 673 643
772 16 601 574
773 16 B 678
774 16 B 607
775 16 676 644
776 16 677 643
777 16 B 679
778 16 B 680
779 16 681 659
780 16 B 682
781 16 682 648
782 16 B 683
783 16 678 637
784 16 607 565
785 16 B 684
786 16 B 614
787 16 679 640
788 16 680 637
789 16 B 685
790 16 B 686
791 16 683 645
792 16 B 687
793 16 688 651
794 16 689 659
795 16 B 690
796 16 B 691
797 16 692 658
798 16 B 693
799 16 690 655
800 16 691 648
801 16 B 694
802 16 B 695
803 16 693 644
804 16 B 696
805 16 694 652
806 16 695 645
807 16 B 697
808 16 B 698
809 16 696 640
810 16 B 699
811 16 682 656
812 16 B 700
813 16 700 671
814 16 B 701
815 16 701 668
816 16 B 702
817 16 703 666
818 16 691 704
819 16 B 705
820 16 704 706
821 16 651 704
822 16 708 707
823 16 691 656
824 16 693 651
825 16 B 709
826 16 B 710
827 16 691 711
828 16 B 712
829 16 651 711
830 16 714 713
831 16 711 715
832 16 644 716
833 16 718 717
834 16 709 671
835 16 710 655
836 16 B 719
837 16 B 720
838 16 721 660
839 16 680 722
840 16 B 723
841 16 716 724
842 16 638 722
843 16 726 725
844 16 722 727
845 16 565 635
846 16 719 668
847 16 720 652
848 16 B 728
849 16 B 729
850 17 731 730
851 17 733 732
852 17 730 734
853 17 732 735
854 17 737 736
855 17 736 738
856 17 569 639
857 17 639 642
858 17 734 739
859 17 735 740
860 17 738 741
861 17 642 647
862 17 743 742
863 17 742 744
864 17 744 745
865 17 739 746
866 17 740 747
867 17 741 748
868 17 647 654
869 17 745 749
870 17 751 750
871 17 750 752
872 17 752 753
873 17 753 754
874 17 730 755
875 17 738 757
876 17 733 756
877 17 745 758
878 17 754 758
879 17 746 759
880 17 747 760
881 17 748 761
882 17 654 670
883 17 749 762
884 17 754 749
885 17 764 763
886 17 766 765
887 17 768 767
888 17 770 769
889 17 764 768
890 17 766 770
891 17 772 771
892 17 774 773
893 17 776 775
894 17 778 777
895 17 772 776
896 17 774 778
897 17 767 779
898 17 769 780
899 17 775 781
900 17 777 782
901 17 784 783
902 17 786 785
903 17 788 787
904 17 790 789
905 17 784 788
906 17 786 790
907 17 787 791
908 17 789 792
909 17 794 793
910 17 796 795
911 17 797 794
912 17 798 796
913 17 800 799
914 17 802 801
915 17 803 800
916 17 804 802
917 17 806 805
918 17 808 807
919 17 809 806
920 17 810 808
921 17 793 811
922 17 795 812
923 17 799 813
924 17 801 814
925 17 805 815
926 17 807 816
927 17 818 817
928 17 821 820
929 17 822 707
930 17 824 823
931 17 826 825
932 17 827 817
933 17 829 820
934 17 830 707
935 17 832 831
936 17 833 713
937 17 835 834
938 17 837 836
939 17 839 838
940 17 842 841
941 17 843 717
942 17 845 844
943 17 B 725
944 17 847 846
945 17 849 848
946 18 851 850
947 18 853 852
948 18 850 854
949 18 852 855
950 18 856 851
951 18 857 853
952 18 859 858
953 18 858 860
954 18 861 859
955 18 854 862
956 18 855 863
957 18 860 864
958 18 866 865
959 18 865 867
960 18 868 866
961 18 867 869
962 18 862 870
963 18 863 871
964 18 864 872
965 18 869 873
966 18 756 874
967 18 755 875
968 18 594 876
969 18 757 877
970 18 758 878
971 18 880 879
972 18 879 881
973 18 882 880
974 18 881 883
975 18 883 884
976 18 886 885
977 18 888 887
978 18 890 889
979 18 892 891
980 18 894 893
981 18 896 895
982 18 898 897
983 18 900 899
984 18 902 901
985 18 904 903
986 18 906 905
987 18 908 907
988 18 910 909
989 18 912 911
990 18 914 913
991 18 916 915
992 18 918 917
993 18 920 919
994 18 922 921
995 18 924 923
996 18 926 925
997 18 819 927
998 18 929 928
999 18 931 930
1000 18 828 932
1001 18 934 933
1002 18 936 935
1003 18 938 937
1004 18 840 939
1005 18 941 940
1006 18 943 942
1007 18 945 944
1008 19 947 946
1009 19 949 948
1010 19 951 950
1011 19 952 947
1012 19 953 949
1013 19 954 951
1014 19 956 955
1015 19 957 956
1016 19 958 952
1017 19 959 953
1018 19 960 954
1019 19 961 957
1020 19 963 962
1021 19 964 963
1022 19 965 964
1023 19 B 966
1024 19 967 949
1025 19 B 968
1026 19 966 946
1027 19 B 967
1028 19 969 957
1029 19 B 969
1030 19 970 965
1031 19 971 958
1032 19 972 959
1033 19 973 960
1034 19 974 961
1035 19 975 965
1036 19 977 976
1037 19 980 979
1038 19 982 977
1039 19 983 980
1040 19 985 984
1041 19 987 985
1042 19 988 982
1043 19 989 977
1044 19 990 983
1045 19 991 980
1046 19 977 978
1047 19 980 981
1048 19 992 987
1049 19 993 985
1050 19 985 986
1051 19 994 988
1052 19 995 990
1053 19 996 992
1054 19 B 970
1055 19 997 994
1056 19 998 965
1057 19 999 988
1058 19 B 1000
1059 19 B 961
1060 19 1001 957
1061 19 B 1001
1062 19 B 1002
1063 19 B 957
1064 19 988 989
1065 19 1003 990
1066 19 990 991
1067 19 1000 983
1068 19 1002 949
1069 19 B 1004
1070 19 B 953
1071 19 B 1005
1072 19 B 949
1073 19 B 947
1074 19 1005 946
1075 19 B 1006
1076 19 B 946
1077 19 1007 992
1078 19 992 993
1079 19 1004 984
1080 19 B 950
1081 20 1009 1008
1082 20 948 946
1083 20 1008 1010
1084 20 946 950
1085 20 1012 1011
1086 20 1011 1013
1087 20 1014 1009
1088 20 955 948
1089 20 1015 1012
1090 20 1017 1016
1091 20 1016 1018
1092 20 1019 1017
1093 20 1020 1014
1094 20 962 955
1095 20 1021 1015
1096 20 1022 1019
1097 20 1024 1023
1098 20 1026 1025
1099 20 1028 1027
1100 20 1030 1029
1101 20 1032 1031
1102 20 1031 1033
1103 20 1034 1032
1104 20 1035 1034
1105 20 1036 1020
1106 20 978 962
1107 20 B 1037
1108 20 B 981
1109 20 1038 1021
1110 20 B 1039
1111 20 1037 1009
1112 20 981 948
1113 20 B 1040
1114 20 B 986
1115 20 1039 1012
1116 20 B 1041
1117 20 1042 1022
1118 20 1043 1021
1119 20 B 1044
1120 20 B 1045
1121 20 1046 1020
1122 20 B 1047
1123 20 1044 1017
1124 20 1045 1012
1125 20 B 1048
1126 20 B 1049
1127 20 1047 1009
1128 20 B 1050
1129 20 1040 1010
1130 20 986 950
1131 20 1041 1013
1132 20 1048 1018
1133 20 1049 1013
1134 20 1050 1010
1135 20 1051 1035
1136 20 B 1052
1137 20 1052 1032
1138 20 B 1053
1139 20 1053 1033
1140 20 1055 1054
1141 20 1057 1056
1142 20 B 1058
1143 20 1056 1059
1144 20 1022 1060
1145 20 1063 1062
1146 20 1057 1035
1147 20 1064 1022
1148 20 B 1065
1149 20 B 1066
1150 20 1067 1027
1151 20 1045 1068
1152 20 B 1069
1153 20 1060 1070
1154 20 1015 1068
1155 20 1072 1071
1156 20 1068 1073
1157 20 1009 1074
1158 20 1076 1075
1159 20 1065 1032
1160 20 1066 1017
1161 20 B 1077
1162 20 B 1078
1163 20 1079 1025
1164 20 986 1006
1165 20 1074 1080
1166 20 946 1006
1167 20 1077 1033
1168 20 1078 1018
1169 21 1082 1081
1170 21 1084 1083
1171 21 1081 1085
1172 21 1083 1086
1173 21 1088 1087
1174 21 1087 1089
1175 21 950 1010
1176 21 1010 1013
1177 21 1085 1090
1178 21 1086 1091
1179 21 1089 1092
1180 21 1013 1018
1181 21 1094 1093
1182 21 1093 1095
1183 21 1095 1096
1184 21 1081 1097
1185 21 1089 1099
1186 21 1084 1098
1187 21 1096 1100
1188 21 1090 1101
1189 21 1091 1102
1190 21 1092 1103
1191 21 1018 1033
1192 21 1096 1104
1193 21 1106 1105
1194 21 1108 1107
1195 21 1105 1109
1196 21 1107 1110
1197 21 1112 1111
1198 21 1114 1113
1199 21 1111 1115
1200 21 1113 1116
1201 21 1118 1117
1202 21 1120 1119
1203 21 1121 1118
1204 21 1122 1120
1205 21 1124 1123
1206 21 1126 1125
1207 21 1127 1124
1208 21 1128 1126
1209 21 1130 1129
1210 21 1129 1131
1211 21 1133 1132
1212 21 1134 1133
1213 21 1117 1135
1214 21 1119 1136
1215 21 1123 1137
1216 21 1125 1138
1217 21 1132 1139
1218 21 1141 1140
1219 21 1144 1143
1220 21 1145 1061
1221 21 1147 1146
1222 21 1149 1148
1223 21 1151 1150
1224 21 1154 1153
1225 21 1155 1062
1226 21 1157 1156
1227 21 1158 1071
1228 21 1160 1159
1229 21 1162 1161
1230 21 1164 1163
1231 21 1166 1165
1232 21 B 1075
1233 21 1168 1167
1234 22 1170 1169
1235 22 1172 1171
1236 22 1169 1173
1237 22 1171 1174
1238 22 1175 1170
1239 22 1176 1172
1240 22 1178 1177
1241 22 1177 1179
1242 22 1180 1178
1243 22 1173 1181
1244 22 1174 1182
1245 22 1179 1183
1246 22 1098 1184
1247 22 1097 1185
1248 22 968 1186
1249 22 1099 1187
1250 22 1189 1188
1251 22 1188 1190
1252 22 1191 1189
1253 22 1190 1192
1254 22 1194 1193
1255 22 1196 1195
1256 22 1198 1197
1257 22 1200 1199
1258 22 1202 1201
1259 22 1204 1203
1260 22 1206 1205
1261 22 1208 1207
1262 22 B 1209
1263 22 B 1210
1264 22 B 1211
1265 22 B 1212
1266 22 1214 1213
1267 22 1216 1215
1268 22 B 1217
1269 22 1142 1218
1270 22 1220 1219
1271 22 1222 1221
1272 22 1152 1223
1273 22 1225 1224
1274 22 1227 1226
1275 22 1229 1228
1276 22 B 1230
1277 22 1232 1231
1278 22 B 1233
1279 23 1235 1234
1280 23 1237 1236
1281 23 1239 1238
1282 23 1240 1235
1283 23 1241 1237
1284 23 1242 1239
1285 23 1244 1243
1286 23 1245 1244
1287 23 B 1246
1288 23 1247 1237
1289 23 B 1248
1290 23 1246 1234
1291 23 B 1247
1292 23 1249 1245
1293 23 1250 1240
1294 23 1251 1241
1295 23 1252 1242
1296 23 1253 1245
1297 23 1255 1254
1298 23 1257 1256
1299 23 1258 1255
1300 23 1259 1254
1301 23 1260 1257
1302 23 1261 1256
1303 23 1263 1262
1304 23 1264 1263
1305 23 1265 1262
1306 23 1266 1258
1307 23 1267 1260
1308 23 1268 1264
1309 23 B 1249
1310 23 1269 1266
1311 23 1270 1245
1312 23 1271 1258
1313 23 B 1272
1314 23 B 1241
1315 23 1273 1237
1316 23 B 1273
1317 23 B 1274
1318 23 B 1237
1319 23 1258 1259
1320 23 1275 1260
1321 23 1260 1261
1322 23 1272 1257
1323 23 1274 1234
1324 23 B 1276
1325 23 B 1235
1326 23 B 1277
1327 23 B 1234
1328 23 B 1238
1329 23 1278 1264
1330 23 1264 1265
1331 24 1280 1279
1332 24 1236 1234
1333 24 1279 1281
1334 24 1234 1238
1335 24 1283 1282
1336 24 1282 1284
1337 24 1285 1280
1338 24 1243 1236
1339 24 1286 1283
1340 24 1288 1287
1341 24 1290 1289
1342 24 1292 1291
1343 24 1294 1293
1344 24 1293 1295
1345 24 1296 1294
1346 24 1297 1285
1347 24 1254 1243
1348 24 B 1298
1349 24 B 1256
1350 24 1299 1286
1351 24 1300 1285
1352 24 B 1301
1353 24 B 1302
1354 24 1298 1279
1355 24 1256 1234
1356 24 B 1303
1357 24 B 1262
1358 24 1301 1282
1359 24 1302 1279
1360 24 B 1304
1361 24 B 1305
1362 24 1306 1296
1363 24 B 1307
1364 24 1307 1293
1365 24 B 1308
1366 24 1310 1309
1367 24 1312 1311
1368 24 B 1313
1369 24 1311 1314
1370 24 1286 1315
1371 24 1318 1317
1372 24 1312 1296
1373 24 1319 1286
1374 24 B 1320
1375 24 B 1321
1376 24 1322 1287
1377 24 1302 1323
1378 24 B 1324
1379 24 1315 1325
1380 24 1280 1323
1381 24 1327 1326
1382 24 1323 1328
1383 24 1234 1277
1384 24 1320 1293
1385 24 1321 1282
1386 24 B 1329
1387 24 B 1330
1388 25 1332 1331
1389 25 1334 1333
1390 25 1331 1335
1391 25 1333 1336
1392 25 1338 1337
1393 25 1337 1339
1394 25 1238 1281
1395 25 1281 1284
1396 25 1331 1340
1397 25 1339 1342
1398 25 1334 1341
1399 25 1335 1343
1400 25 1336 1344
1401 25 1339 1345
1402 25 1284 1295
1403 25 1347 1346
1404 25 1349 1348
1405 25 1351 1350
1406 25 1353 1352
1407 25 1347 1351
1408 25 1349 1353
1409 25 1355 1354
1410 25 1357 1356
1411 25 1359 1358
1412 25 1361 1360
1413 25 1355 1359
1414 25 1357 1361
1415 25 1350 1362
1416 25 1352 1363
1417 25 1358 1364
1418 25 1360 1365
1419 25 1367 1366
1420 25 1370 1369
1421 25 1371 1316
1422 25 1373 1372
1423 25 1375 1374
1424 25 1377 1376
1425 25 1380 1379
1426 25 1381 1317
1427 25 1383 1382
1428 25 B 1326
1429 25 1385 1384
1430 25 1387 1386
1431 26 1389 1388
1432 26 1391 1390
1433 26 1388 1392
1434 26 1390 1393
1435 26 1394 1389
1436 26 1395 1391
1437 26 1341 1396
1438 26 1340 1397
1439 26 1248 1398
1440 26 1400 1399
1441 26 1399 1401
1442 26 1402 1400
1443 26 1404 1403
1444 26 1406 1405
1445 26 1408 1407
1446 26 1410 1409
1447 26 1412 1411
1448 26 1414 1413
1449 26 1416 1415
1450 26 1418 1417
1451 26 1368 1419
1452 26 1421 1420
1453 26 1423 1422
1454 26 1378 1424
1455 26 1426 1425
1456 26 1428 1427
1457 26 1430 1429
1458 27 1432 1431
1459 27 1434 1433
1460 27 1436 1435
1461 27 B 1437
1462 27 1438 1434
1463 27 B 1439
1464 27 1437 1431
1465 27 1440 1432
1466 27 1441 1434
1467 27 1442 1436
1468 27 1444 1443
1469 27 1447 1446
1470 27 1449 1444
1471 27 1450 1447
1472 27 B 1438
1473 27 1451 1449
1474 27 1452 1434
1475 27 1453 1444
1476 27 B 1454
1477 27 B 1432
1478 27 1455 1431
1479 27 B 1455
1480 27 B 1456
1481 27 B 1431
1482 27 1444 1445
1483 27 1457 1447
1484 27 1447 1448
1485 27 1454 1446
1486 27 B 1435
1487 28 1459 1458
1488 28 1433 1431
1489 28 1458 1460
1490 28 1431 1435
1491 28 1462 1461
1492 28 1464 1463
1493 28 1466 1465
1494 28 1465 1467
1495 28 1468 1459
1496 28 1445 1433
1497 28 B 1469
1498 28 B 1448
1499 28 1470 1466
1500 28 B 1471
1501 28 1469 1460
1502 28 1448 1435
1503 28 1471 1467
1504 28 1473 1472
1505 28 1475 1474
1506 28 B 1476
1507 28 1474 1477
1508 28 1459 1478
1509 28 1481 1480
1510 28 1475 1466
1511 28 1482 1459
1512 28 B 1483
1513 28 B 1484
1514 28 1485 1463
1515 28 1448 1456
1516 28 1478 1486
1517 28 1431 1456
1518 28 1483 1467
1519 28 1484 1460
1520 29 1488 1487
1521 29 1490 1489
1522 29 1487 1491
1523 29 1435 1460
1524 29 1490 1492
1525 29 1487 1493
1526 29 1489 1494
1527 29 1496 1495
1528 29 1498 1497
1529 29 1495 1499
1530 29 1497 1500
1531 29 1502 1501
1532 29 1501 1503
1533 29 1505 1504
1534 29 1508 1507
1535 29 1509 1479
1536 29 1511 1510
1537 29 1513 1512
1538 29 1515 1514
1539 29 1517 1516
1540 29 B 1480
1541 29 1519 1518
1542 30 1521 1520
1543 30 1492 1522
1544 30 1523 1521
1545 30 1439 1524
1546 30 1526 1525
1547 30 1528 1527
1548 30 1530 1529
1549 30 B 1531
1550 30 B 1532
1551 30 1506 1533
1552 30 1535 1534
1553 30 1537 1536
1554 30 B 1538
1555 30 1540 1539
1556 30 B 1541
1557 31 B 1545
1558 31 1543 1542
1559 31 1546 1542
1560 31 1548 1547
1561 31 1550 1549
1562 31 B 1543
1563 31 1551 1548
1564 31 1552 1542
1565 31 1553 1547
1566 31 B 1554
1567 31 B 1544
1568 31 B 1555
1569 31 1556 1549
1570 32 1558 1557
1571 32 1542 1544
1572 32 1560 1559
1573 32 1547 1542
1574 32 B 1561
1575 32 B 1549
1576 32 1563 1562
1577 32 1565 1564
1578 32 B 1566
1579 32 1564 1567
1580 32 1542 1555
1581 32 1565 1559
1582 32 B 1569
1583 33 1571 1570
1584 33 1573 1572
1585 33 1575 1574
1586 33 1577 1576
1587 33 1580 1579
1588 33 B 1568
1589 33 1573 1581
1590 33 1575 1582
1591 34 1545 1583
1592 34 1585 1584
1593 34 1578 1586
1594 34 1588 1587
1595 34 1590 1589
1596 35 B 1591
1597 35 1593 1592
1598 36 1597 1596
1599 36 1595 1594
1600 37 1599 1598
1601 38 B 1600
1602 41 B 1601
1603 42 B 1602