1 1 B T
2 2 B T
3 2 T 1
4 2 B 1
5 3 B 2
6 3 2 3
7 3 3 1
8 3 T 1
9 3 B 4
10 3 4 1
11 3 2 4
12 3 B 1
13 4 6 5
14 4 7 6
15 4 8 6
16 4 1 7
17 4 B 1
18 4 3 6
19 4 T 6
20 4 9 5
21 4 4 6
22 4 B 10
23 4 B 11
24 4 10 6
25 4 12 6
26 5 14 13
27 5 13 5
28 5 16 15
29 5 16 14
30 5 17 16
31 5 B 17
32 5 B 18
33 5 18 13
34 5 B 19
35 5 20 5
36 5 21 20
37 5 22 21
38 5 23 20
39 5 17 22
40 5 B 22
41 5 22 23
42 5 24 13
43 5 B 21
44 5 B 14
45 5 B 24
46 5 B 13
47 5 B 25
48 5 B 15
49 6 27 26
50 6 5 13
51 6 26 28
52 6 13 15
53 6 26 29
54 6 29 30
55 6 5 27
56 6 B 5
57 6 30 31
58 6 33 32
59 6 33 34
60 6 B 35
61 6 B 36
62 6 35 26
63 6 B 27
64 6 B 37
65 6 B 38
66 6 B 20
67 6 36 29
68 6 B 39
69 6 37 30
70 6 38 29
71 6 B 31
72 6 B 40
73 6 20 26
74 6 B 41
75 6 39 31
76 6 36 28
77 6 20 15
78 6 38 28
79 6 40 31
80 6 41 30
81 6 36 32
82 6 35 42
83 6 B 43
84 6 42 44
85 6 27 42
86 6 46 45
87 6 46 47
88 6 36 34
89 6 20 25
90 6 42 48
91 6 13 25
92 7 50 49
93 7 52 51
94 7 49 53
95 7 51 54
96 7 56 55
97 7 55 49
98 7 15 28
99 7 28 30
100 7 53 54
101 7 54 57
102 7 30 31
103 7 B 56
104 7 57 31
105 7 49 58
106 7 52 59
107 7 B 60
108 7 60 61
109 7 63 62
110 7 65 64
111 7 56 63
112 7 66 65
113 7 66 61
114 7 62 67
115 7 64 68
116 7 70 69
117 7 72 71
118 7 73 70
119 7 74 72
120 7 69 75
121 7 77 76
122 7 78 69
123 7 77 78
124 7 79 31
125 7 80 79
126 7 82 81
127 7 85 84
128 7 86 45
129 7 87 45
130 7 89 88
131 7 91 90
132 7 B 47
133 8 93 92
134 8 95 94
135 8 92 96
136 8 94 97
137 8 98 93
138 8 99 95
139 8 101 100
140 8 100 94
141 8 102 101
142 8 96 103
143 8 97 96
144 8 104 101
145 8 31 104
146 8 B 31
147 8 59 105
148 8 58 105
149 8 19 106
150 8 107 103
151 8 108 96
152 8 110 109
153 8 112 111
154 8 113 96
155 8 115 114
156 8 117 116
157 8 119 118
158 8 71 120
159 8 B 121
160 8 B 122
161 8 B 123
162 8 B 120
163 8 B 124
164 8 B 125
165 8 83 126
166 8 128 127
167 8 129 127
168 8 B 130
169 8 132 131
170 9 134 133
171 9 136 135
172 9 138 137
173 9 139 134
174 9 140 136
175 9 141 138
176 9 143 142
177 9 136 143
178 9 144 139
179 9 139 140
180 9 145 141
181 9 142 103
182 9 145 144
183 9 146 145
184 9 B 146
185 9 B 147
186 9 148 136
187 9 B 149
188 9 147 133
189 9 B 148
190 9 150 103
191 9 151 150
192 9 152 151
193 9 153 150
194 9 152 154
195 9 155 152
196 9 156 155
197 9 157 152
198 9 152 153
199 9 158 156
200 9 160 159
201 9 162 160
202 9 163 162
203 9 164 160
204 9 160 161
205 9 146 163
206 9 163 158
207 9 164 156
208 9 156 157
209 9 B 163
210 9 163 164
211 9 165 152
212 9 166 136
213 9 B 165
214 9 B 140
215 9 B 166
216 9 B 136
217 9 B 167
218 9 167 133
219 9 B 168
220 9 B 134
221 9 B 169
222 9 B 133
223 9 B 137
224 10 171 170
225 10 135 133
226 10 170 172
227 10 133 137
228 10 174 173
229 10 173 175
230 10 176 171
231 10 142 135
232 10 177 174
233 10 179 178
234 10 178 180
235 10 174 179
236 10 181 176
237 10 103 142
238 10 176 177
239 10 178 182
240 10 182 183
241 10 103 181
242 10 B 103
243 10 183 184
244 10 186 185
245 10 188 187
246 10 186 189
247 10 B 190
248 10 B 191
249 10 190 176
250 10 B 181
251 10 B 192
252 10 B 193
253 10 B 150
254 10 B 142
255 10 B 194
256 10 B 153
257 10 191 177
258 10 B 195
259 10 192 174
260 10 193 177
261 10 B 196
262 10 B 197
263 10 150 176
264 10 B 198
265 10 195 179
266 10 B 199
267 10 194 170
268 10 153 133
269 10 B 200
270 10 B 161
271 10 195 173
272 10 B 201
273 10 196 178
274 10 197 173
275 10 B 202
276 10 B 203
277 10 198 170
278 10 B 204
279 10 199 182
280 10 B 205
281 10 197 179
282 10 B 206
283 10 B 207
284 10 198 174
285 10 B 208
286 10 206 183
287 10 207 182
288 10 B 184
289 10 B 209
290 10 208 178
291 10 B 210
292 10 205 184
293 10 209 184
294 10 210 183
295 10 211 189
296 10 192 212
297 10 B 213
298 10 212 214
299 10 177 212
300 10 216 215
301 10 216 217
302 10 211 185
303 10 194 218
304 10 B 219
305 10 212 220
306 10 171 218
307 10 222 221
308 10 218 223
309 10 133 169
310 11 225 224
311 11 227 226
312 11 224 228
313 11 226 229
314 11 231 230
315 11 230 232
316 11 137 172
317 11 172 175
318 11 228 233
319 11 229 234
320 11 232 235
321 11 175 180
322 11 237 236
323 11 236 238
324 11 238 232
325 11 233 239
326 11 234 240
327 11 235 233
328 11 180 183
329 11 242 241
330 11 241 236
331 11 239 240
332 11 240 243
333 11 183 184
334 11 B 242
335 11 243 184
336 11 224 244
337 11 232 246
338 11 227 245
339 11 B 247
340 11 247 248
341 11 250 249
342 11 252 251
343 11 242 250
344 11 253 252
345 11 254 249
346 11 256 255
347 11 249 257
348 11 255 258
349 11 260 259
350 11 262 261
351 11 263 260
352 11 264 262
353 11 251 258
354 11 259 265
355 11 261 266
356 11 268 267
357 11 270 269
358 11 267 271
359 11 269 272
360 11 274 273
361 11 276 275
362 11 277 274
363 11 278 276
364 11 273 279
365 11 275 280
366 11 281 273
367 11 283 282
368 11 284 281
369 11 285 283
370 11 287 286
371 11 289 288
372 11 290 287
373 11 291 289
374 11 282 280
375 11 286 292
376 11 293 184
377 11 294 293
378 11 296 295
379 11 299 298
380 11 300 215
381 11 301 215
382 11 303 302
383 11 306 305
384 11 307 217
385 11 309 308
386 11 B 221
387 12 311 310
388 12 313 312
389 12 310 314
390 12 312 315
391 12 316 311
392 12 317 313
393 12 319 318
394 12 318 320
395 12 321 319
396 12 314 322
397 12 315 323
398 12 320 324
399 12 326 325
400 12 325 327
401 12 328 326
402 12 327 320
403 12 322 329
404 12 323 330
405 12 324 323
406 12 332 331
407 12 331 325
408 12 333 332
409 12 329 334
410 12 330 329
411 12 335 332
412 12 184 335
413 12 245 336
414 12 244 337
415 12 149 338
416 12 246 337
417 12 B 184
418 12 339 334
419 12 340 329
420 12 342 341
421 12 344 343
422 12 346 345
423 12 348 347
424 12 350 349
425 12 352 351
426 12 353 347
427 12 355 354
428 12 357 356
429 12 359 358
430 12 361 360
431 12 363 362
432 12 365 364
433 12 367 366
434 12 369 368
435 12 371 370
436 12 373 372
437 12 374 364
438 12 288 375
439 12 B 376
440 12 B 377
441 12 297 378
442 12 380 379
443 12 381 379
444 12 304 382
445 12 384 383
446 12 386 385
447 13 388 387
448 13 390 389
449 13 392 391
450 13 393 388
451 13 394 390
452 13 395 392
453 13 397 396
454 13 398 397
455 13 399 393
456 13 400 394
457 13 401 395
458 13 402 398
459 13 404 403
460 13 405 404
461 13 398 405
462 13 406 399
463 13 407 400
464 13 408 401
465 13 400 402
466 13 410 409
467 13 404 410
468 13 411 406
469 13 406 407
470 13 412 408
471 13 409 334
472 13 B 413
473 13 414 390
474 13 B 415
475 13 413 387
476 13 B 414
477 13 416 398
478 13 B 416
479 13 412 411
480 13 417 412
481 13 419 418
482 13 418 334
483 13 420 419
484 13 421 418
485 13 423 422
486 13 424 423
487 13 425 422
488 13 426 420
489 13 427 424
490 13 429 428
491 13 430 429
492 13 431 428
493 13 432 430
494 13 424 426
495 13 425 420
496 13 420 421
497 13 433 427
498 13 434 424
499 13 424 425
500 13 435 432
501 13 436 430
502 13 430 431
503 13 437 433
504 13 438 435
505 13 435 437
506 13 436 433
507 13 433 434
508 13 439 438
509 13 440 435
510 13 435 436
511 13 441 424
512 13 442 398
513 13 B 441
514 13 B 402
515 13 B 442
516 13 B 398
517 13 B 443
518 13 443 390
519 13 B 444
520 13 B 394
521 13 B 445
522 13 B 390
523 13 B 388
524 13 445 387
525 13 B 446
526 13 B 387
527 13 444 428
528 13 B 391
529 14 448 447
530 14 389 387
531 14 447 449
532 14 387 391
533 14 451 450
534 14 450 452
535 14 453 448
536 14 396 389
537 14 454 451
538 14 456 455
539 14 455 457
540 14 458 456
541 14 459 453
542 14 403 396
543 14 460 454
544 14 461 458
545 14 463 462
546 14 462 464
547 14 465 463
548 14 458 465
549 14 466 459
550 14 409 403
551 14 467 460
552 14 460 461
553 14 469 468
554 14 468 470
555 14 463 469
556 14 471 466
557 14 334 409
558 14 466 467
559 14 473 472
560 14 475 474
561 14 477 476
562 14 477 478
563 14 468 479
564 14 479 480
565 14 334 471
566 14 B 334
567 14 B 481
568 14 B 418
569 14 482 466
570 14 B 471
571 14 B 483
572 14 B 484
573 14 481 459
574 14 418 403
575 14 B 485
576 14 B 422
577 14 483 460
578 14 484 459
579 14 B 486
580 14 B 487
581 14 481 467
582 14 B 488
583 14 488 461
584 14 B 489
585 14 485 448
586 14 422 389
587 14 B 490
588 14 B 428
589 14 486 451
590 14 487 448
591 14 B 491
592 14 B 492
593 14 489 456
594 14 B 493
595 14 484 467
596 14 B 494
597 14 B 495
598 14 418 466
599 14 B 496
600 14 494 458
601 14 495 461
602 14 B 497
603 14 B 498
604 14 496 460
605 14 B 499
606 14 497 463
607 14 498 456
608 14 B 500
609 14 B 501
610 14 499 451
611 14 B 502
612 14 490 449
613 14 428 391
614 14 491 452
615 14 492 449
616 14 493 457
617 14 500 464
618 14 501 457
619 14 502 452
620 14 489 465
621 14 B 503
622 14 503 469
623 14 B 504
624 14 504 470
625 14 498 465
626 14 B 505
627 14 B 506
628 14 499 458
629 14 B 507
630 14 505 468
631 14 506 469
632 14 B 508
633 14 B 509
634 14 507 463
635 14 B 510
636 14 508 480
637 14 509 470
638 14 510 464
639 14 511 478
640 14 494 512
641 14 B 513
642 14 512 514
643 14 461 512
644 14 516 515
645 14 516 517
646 14 511 476
647 14 486 518
648 14 B 519
649 14 512 520
650 14 454 518
651 14 522 521
652 14 518 523
653 14 448 524
654 14 526 525
655 14 527 474
656 14 428 446
657 14 524 528
658 14 387 446
659 15 530 529
660 15 532 531
661 15 529 533
662 15 531 534
663 15 536 535
664 15 535 537
665 15 391 449
666 15 449 452
667 15 533 538
668 15 534 539
669 15 537 540
670 15 452 457
671 15 542 541
672 15 541 543
673 15 543 544
674 15 538 545
675 15 539 546
676 15 540 547
677 15 457 464
678 15 544 548
679 15 550 549
680 15 549 551
681 15 551 552
682 15 552 544
683 15 545 553
684 15 546 554
685 15 547 555
686 15 464 470
687 15 548 547
688 15 557 556
689 15 556 558
690 15 558 551
691 15 529 559
692 15 537 561
693 15 532 560
694 15 544 562
695 15 553 563
696 15 554 564
697 15 555 553
698 15 470 480
699 15 566 565
700 15 568 567
701 15 570 569
702 15 572 571
703 15 566 570
704 15 568 572
705 15 574 573
706 15 576 575
707 15 578 577
708 15 580 579
709 15 574 578
710 15 576 580
711 15 569 581
712 15 571 582
713 15 577 583
714 15 579 584
715 15 586 585
716 15 588 587
717 15 590 589
718 15 592 591
719 15 586 590
720 15 588 592
721 15 589 593
722 15 591 594
723 15 595 577
724 15 597 596
725 15 598 595
726 15 599 597
727 15 601 600
728 15 603 602
729 15 604 601
730 15 605 603
731 15 607 606
732 15 609 608
733 15 610 607
734 15 611 609
735 15 613 612
736 15 615 614
737 15 613 615
738 15 614 616
739 15 618 617
740 15 619 618
741 15 596 584
742 15 600 620
743 15 602 621
744 15 606 622
745 15 608 623
746 15 617 624
747 15 625 606
748 15 627 626
749 15 628 625
750 15 629 627
751 15 631 630
752 15 633 632
753 15 634 631
754 15 635 633
755 15 637 636
756 15 638 637
757 15 640 639
758 15 643 642
759 15 644 515
760 15 645 515
761 15 647 646
762 15 650 649
763 15 651 517
764 15 653 652
765 15 654 521
766 15 656 655
767 15 658 657
768 15 B 525
769 16 660 659
770 16 662 661
771 16 659 663
772 16 661 664
773 16 665 660
774 16 666 662
775 16 668 667
776 16 667 669
777 16 670 668
778 16 663 671
779 16 664 672
780 16 669 673
781 16 675 674
782 16 674 676
783 16 677 675
784 16 676 678
785 16 671 679
786 16 672 680
787 16 673 681
788 16 678 682
789 16 684 683
790 16 683 685
791 16 686 684
792 16 685 687
793 16 687 678
794 16 679 688
795 16 680 689
796 16 681 690
797 16 682 681
798 16 560 691
799 16 559 692
800 16 415 693
801 16 561 694
802 16 562 694
803 16 696 695
804 16 695 697
805 16 698 696
806 16 697 685
807 16 700 699
808 16 702 701
809 16 704 703
810 16 706 705
811 16 708 707
812 16 710 709
813 16 712 711
814 16 714 713
815 16 716 715
816 16 718 717
817 16 720 719
818 16 722 721
819 16 724 723
820 16 726 725
821 16 728 727
822 16 730 729
823 16 732 731
824 16 734 733
825 16 B 735
826 16 B 736
827 16 B 737
828 16 B 738
829 16 B 739
830 16 B 740
831 16 741 713
832 16 743 742
833 16 745 744
834 16 B 746
835 16 748 747
836 16 750 749
837 16 752 751
838 16 754 753
839 16 B 755
840 16 B 756
841 16 641 757
842 16 759 758
843 16 760 758
844 16 648 761
845 16 763 762
846 16 765 764
847 16 B 766
848 16 768 767
849 17 770 769
850 17 772 771
851 17 774 773
852 17 775 770
853 17 776 772
854 17 777 774
855 17 779 778
856 17 780 779
857 17 781 775
858 17 782 776
859 17 783 777
860 17 784 780
861 17 786 785
862 17 787 786
863 17 788 787
864 17 789 781
865 17 790 782
866 17 791 783
867 17 792 784
868 17 793 788
869 17 795 794
870 17 796 795
871 17 797 796
872 17 788 797
873 17 B 798
874 17 799 772
875 17 B 800
876 17 798 769
877 17 B 799
878 17 801 780
879 17 B 801
880 17 802 788
881 17 B 802
882 17 803 789
883 17 804 790
884 17 805 791
885 17 806 792
886 17 792 793
887 17 808 807
888 17 811 810
889 17 813 808
890 17 814 811
891 17 816 815
892 17 818 816
893 17 819 813
894 17 820 808
895 17 821 814
896 17 822 811
897 17 808 809
898 17 811 812
899 17 823 818
900 17 824 816
901 17 816 817
902 17 826 825
903 17 828 826
904 17 829 828
905 17 830 826
906 17 826 827
907 17 831 819
908 17 832 821
909 17 833 823
910 17 834 829
911 17 821 831
912 17 822 819
913 17 835 832
914 17 836 821
915 17 819 820
916 17 821 822
917 17 837 833
918 17 838 823
919 17 823 824
920 17 839 834
921 17 840 829
922 17 829 830
923 17 841 821
924 17 842 788
925 17 B 841
926 17 B 793
927 17 B 842
928 17 B 843
929 17 B 788
930 17 843 780
931 17 B 844
932 17 B 784
933 17 B 845
934 17 B 780
935 17 B 776
936 17 845 772
937 17 B 846
938 17 B 772
939 17 844 816
940 17 846 769
941 17 B 847
942 17 B 770
943 17 B 848
944 17 B 769
945 17 B 773
946 18 850 849
947 18 771 769
948 18 849 851
949 18 769 773
950 18 853 852
951 18 852 854
952 18 855 850
953 18 778 771
954 18 856 853
955 18 858 857
956 18 857 859
957 18 860 858
958 18 861 855
959 18 785 778
960 18 862 856
961 18 863 860
962 18 865 864
963 18 864 866
964 18 867 865
965 18 868 867
966 18 869 861
967 18 794 785
968 18 870 862
969 18 871 863
970 18 872 868
971 18 874 873
972 18 876 875
973 18 878 877
974 18 880 879
975 18 880 881
976 18 883 882
977 18 882 884
978 18 885 883
979 18 886 885
980 18 868 886
981 18 887 869
982 18 809 794
983 18 B 888
984 18 B 812
985 18 889 870
986 18 B 890
987 18 888 855
988 18 812 778
989 18 B 891
990 18 B 817
991 18 890 856
992 18 B 892
993 18 893 871
994 18 894 870
995 18 B 895
996 18 B 896
997 18 897 869
998 18 B 898
999 18 895 860
1000 18 896 856
1001 18 B 899
1002 18 B 900
1003 18 898 855
1004 18 B 901
1005 18 891 849
1006 18 817 769
1007 18 B 902
1008 18 B 827
1009 18 892 852
1010 18 B 903
1011 18 899 857
1012 18 900 852
1013 18 B 904
1014 18 B 905
1015 18 901 849
1016 18 B 906
1017 18 907 872
1018 18 B 908
1019 18 908 867
1020 18 B 909
1021 18 909 864
1022 18 B 910
1023 18 911 868
1024 18 912 872
1025 18 B 913
1026 18 B 914
1027 18 915 871
1028 18 B 916
1029 18 913 885
1030 18 914 867
1031 18 B 917
1032 18 B 918
1033 18 916 860
1034 18 B 919
1035 18 917 882
1036 18 918 864
1037 18 B 920
1038 18 B 921
1039 18 919 857
1040 18 B 922
1041 18 923 881
1042 18 911 924
1043 18 B 925
1044 18 924 926
1045 18 872 924
1046 18 929 928
1047 18 923 879
1048 18 895 930
1049 18 B 931
1050 18 924 932
1051 18 863 930
1052 18 934 933
1053 18 930 935
1054 18 856 936
1055 18 938 937
1056 18 939 873
1057 18 891 940
1058 18 B 941
1059 18 936 942
1060 18 850 940
1061 18 944 943
1062 18 940 945
1063 18 769 848
1064 19 947 946
1065 19 949 948
1066 19 946 950
1067 19 948 951
1068 19 953 952
1069 19 952 954
1070 19 773 851
1071 19 851 854
1072 19 950 955
1073 19 951 956
1074 19 954 957
1075 19 854 859
1076 19 959 958
1077 19 958 960
1078 19 960 961
1079 19 955 962
1080 19 956 963
1081 19 957 964
1082 19 859 866
1083 19 961 965
1084 19 967 966
1085 19 966 968
1086 19 968 969
1087 19 969 970
1088 19 946 971
1089 19 954 973
1090 19 949 972
1091 19 961 974
1092 19 970 975
1093 19 962 976
1094 19 963 977
1095 19 964 978
1096 19 866 884
1097 19 965 979
1098 19 970 980
1099 19 982 981
1100 19 984 983
1101 19 981 985
1102 19 983 986
1103 19 988 987
1104 19 990 989
1105 19 987 991
1106 19 989 992
1107 19 994 993
1108 19 996 995
1109 19 997 994
1110 19 998 996
1111 19 1000 999
1112 19 1002 1001
1113 19 1003 1000
1114 19 1004 1002
1115 19 1006 1005
1116 19 1008 1007
1117 19 1005 1009
1118 19 1007 1010
1119 19 1012 1011
1120 19 1014 1013
1121 19 1015 1012
1122 19 1016 1014
1123 19 993 1017
1124 19 995 1018
1125 19 999 1019
1126 19 1001 1020
1127 19 1011 1021
1128 19 1013 1022
1129 19 1024 1023
1130 19 1026 1025
1131 19 1027 1024
1132 19 1028 1026
1133 19 1030 1029
1134 19 1032 1031
1135 19 1033 1030
1136 19 1034 1032
1137 19 1036 1035
1138 19 1038 1037
1139 19 1039 1036
1140 19 1040 1038
1141 19 1042 1041
1142 19 1045 1044
1143 19 1046 927
1144 19 1048 1047
1145 19 1051 1050
1146 19 1052 928
1147 19 1054 1053
1148 19 1055 933
1149 19 1057 1056
1150 19 1060 1059
1151 19 1061 937
1152 19 1063 1062
1153 19 B 943
1154 20 1065 1064
1155 20 1067 1066
1156 20 1064 1068
1157 20 1066 1069
1158 20 1070 1065
1159 20 1071 1067
1160 20 1073 1072
1161 20 1072 1074
1162 20 1075 1073
1163 20 1068 1076
1164 20 1069 1077
1165 20 1074 1078
1166 20 1080 1079
1167 20 1079 1081
1168 20 1082 1080
1169 20 1081 1083
1170 20 1076 1084
1171 20 1077 1085
1172 20 1078 1086
1173 20 1083 1087
1174 20 972 1088
1175 20 971 1089
1176 20 800 1090
1177 20 973 1091
1178 20 974 1092
1179 20 1094 1093
1180 20 1093 1095
1181 20 1096 1094
1182 20 1095 1097
1183 20 1097 1098
1184 20 1100 1099
1185 20 1102 1101
1186 20 1104 1103
1187 20 1106 1105
1188 20 1108 1107
1189 20 1110 1109
1190 20 1112 1111
1191 20 1114 1113
1192 20 1116 1115
1193 20 1118 1117
1194 20 1120 1119
1195 20 1122 1121
1196 20 1124 1123
1197 20 1126 1125
1198 20 1128 1127
1199 20 1130 1129
1200 20 1132 1131
1201 20 1134 1133
1202 20 1136 1135
1203 20 1138 1137
1204 20 1140 1139
1205 20 1043 1141
1206 20 1143 1142
1207 20 1049 1144
1208 20 1146 1145
1209 20 1148 1147
1210 20 1058 1149
1211 20 1151 1150
1212 20 1153 1152
1213 21 1155 1154
1214 21 1157 1156
1215 21 1159 1158
1216 21 1160 1155
1217 21 1161 1157
1218 21 1162 1159
1219 21 1164 1163
1220 21 1165 1164
1221 21 1166 1160
1222 21 1167 1161
1223 21 1168 1162
1224 21 1169 1165
1225 21 1171 1170
1226 21 1172 1171
1227 21 1173 1172
1228 21 B 1174
1229 21 1175 1157
1230 21 B 1176
1231 21 1174 1154
1232 21 B 1175
1233 21 1177 1165
1234 21 B 1177
1235 21 1178 1173
1236 21 1179 1166
1237 21 1180 1167
1238 21 1181 1168
1239 21 1182 1169
1240 21 1183 1173
1241 21 1185 1184
1242 21 1187 1186
1243 21 1188 1185
1244 21 1189 1184
1245 21 1190 1187
1246 21 1191 1186
1247 21 1193 1192
1248 21 1194 1193
1249 21 1195 1192
1250 21 1196 1188
1251 21 1197 1190
1252 21 1198 1194
1253 21 1199 1196
1254 21 1200 1188
1255 21 1201 1197
1256 21 1202 1190
1257 21 1188 1189
1258 21 1190 1191
1259 21 1203 1198
1260 21 1204 1194
1261 21 1194 1195
1262 21 B 1178
1263 21 1205 1199
1264 21 1206 1173
1265 21 B 1207
1266 21 B 1169
1267 21 1208 1165
1268 21 B 1208
1269 21 B 1209
1270 21 B 1165
1271 21 1207 1190
1272 21 1209 1157
1273 21 B 1210
1274 21 B 1161
1275 21 B 1211
1276 21 B 1157
1277 21 B 1155
1278 21 1211 1154
1279 21 B 1212
1280 21 B 1154
1281 21 1210 1192
1282 21 B 1158
1283 22 1214 1213
1284 22 1156 1154
1285 22 1213 1215
1286 22 1154 1158
1287 22 1217 1216
1288 22 1216 1218
1289 22 1219 1214
1290 22 1163 1156
1291 22 1220 1217
1292 22 1222 1221
1293 22 1221 1223
1294 22 1224 1222
1295 22 1225 1219
1296 22 1170 1163
1297 22 1226 1220
1298 22 1227 1224
1299 22 1229 1228
1300 22 1231 1230
1301 22 1233 1232
1302 22 1235 1234
1303 22 1237 1236
1304 22 1236 1238
1305 22 1239 1237
1306 22 1240 1239
1307 22 1241 1225
1308 22 1184 1170
1309 22 B 1242
1310 22 B 1186
1311 22 1243 1226
1312 22 1244 1225
1313 22 B 1245
1314 22 B 1246
1315 22 1242 1214
1316 22 1186 1156
1317 22 B 1247
1318 22 B 1192
1319 22 1245 1217
1320 22 1246 1214
1321 22 B 1248
1322 22 B 1249
1323 22 1250 1227
1324 22 B 1251
1325 22 1251 1222
1326 22 B 1252
1327 22 1247 1215
1328 22 1192 1158
1329 22 1248 1218
1330 22 1249 1215
1331 22 1252 1223
1332 22 1253 1240
1333 22 1254 1227
1334 22 B 1255
1335 22 B 1256
1336 22 1257 1226
1337 22 B 1258
1338 22 1255 1237
1339 22 1256 1222
1340 22 B 1259
1341 22 B 1260
1342 22 1258 1217
1343 22 B 1261
1344 22 1259 1238
1345 22 1260 1223
1346 22 1261 1218
1347 22 1263 1262
1348 22 1253 1264
1349 22 B 1265
1350 22 1264 1266
1351 22 1227 1267
1352 22 1270 1269
1353 22 1271 1232
1354 22 1245 1272
1355 22 B 1273
1356 22 1267 1274
1357 22 1220 1272
1358 22 1276 1275
1359 22 1272 1277
1360 22 1214 1278
1361 22 1280 1279
1362 22 1281 1230
1363 22 1192 1212
1364 22 1278 1282
1365 22 1154 1212
1366 23 1284 1283
1367 23 1286 1285
1368 23 1283 1287
1369 23 1285 1288
1370 23 1290 1289
1371 23 1289 1291
1372 23 1158 1215
1373 23 1215 1218
1374 23 1287 1292
1375 23 1288 1293
1376 23 1291 1294
1377 23 1218 1223
1378 23 1296 1295
1379 23 1295 1297
1380 23 1297 1298
1381 23 1283 1299
1382 23 1291 1301
1383 23 1286 1300
1384 23 1298 1302
1385 23 1292 1303
1386 23 1293 1304
1387 23 1294 1305
1388 23 1223 1238
1389 23 1298 1306
1390 23 1308 1307
1391 23 1310 1309
1392 23 1312 1311
1393 23 1314 1313
1394 23 1308 1312
1395 23 1310 1314
1396 23 1316 1315
1397 23 1318 1317
1398 23 1320 1319
1399 23 1322 1321
1400 23 1316 1320
1401 23 1318 1322
1402 23 1311 1323
1403 23 1313 1324
1404 23 1319 1325
1405 23 1321 1326
1406 23 1328 1327
1407 23 1330 1329
1408 23 1328 1330
1409 23 1329 1331
1410 23 1333 1332
1411 23 1335 1334
1412 23 1336 1333
1413 23 1337 1335
1414 23 1339 1338
1415 23 1341 1340
1416 23 1342 1339
1417 23 1343 1341
1418 23 1345 1344
1419 23 1346 1345
1420 23 1348 1347
1421 23 1351 1350
1422 23 1352 1268
1423 23 1354 1353
1424 23 1357 1356
1425 23 1358 1269
1426 23 1360 1359
1427 23 1361 1275
1428 23 1363 1362
1429 23 1365 1364
1430 23 B 1279
1431 24 1367 1366
1432 24 1369 1368
1433 24 1366 1370
1434 24 1368 1371
1435 24 1372 1367
1436 24 1373 1369
1437 24 1375 1374
1438 24 1374 1376
1439 24 1377 1375
1440 24 1370 1378
1441 24 1371 1379
1442 24 1376 1380
1443 24 1300 1381
1444 24 1299 1382
1445 24 1176 1383
1446 24 1301 1384
1447 24 1386 1385
1448 24 1385 1387
1449 24 1388 1386
1450 24 1387 1389
1451 24 1391 1390
1452 24 1393 1392
1453 24 1395 1394
1454 24 1397 1396
1455 24 1399 1398
1456 24 1401 1400
1457 24 1403 1402
1458 24 1405 1404
1459 24 B 1406
1460 24 B 1407
1461 24 B 1408
1462 24 B 1409
1463 24 1411 1410
1464 24 1413 1412
1465 24 1415 1414
1466 24 1417 1416
1467 24 B 1418
1468 24 B 1419
1469 24 1349 1420
1470 24 1422 1421
1471 24 1355 1423
1472 24 1425 1424
1473 24 1427 1426
1474 24 B 1428
1475 24 1430 1429
1476 25 1432 1431
1477 25 1434 1433
1478 25 1436 1435
1479 25 1437 1432
1480 25 1438 1434
1481 25 1439 1436
1482 25 1441 1440
1483 25 1442 1441
1484 25 B 1443
1485 25 1444 1434
1486 25 B 1445
1487 25 1443 1431
1488 25 B 1444
1489 25 1446 1442
1490 25 1447 1437
1491 25 1448 1438
1492 25 1449 1439
1493 25 1450 1442
1494 25 1452 1451
1495 25 1455 1454
1496 25 1457 1452
1497 25 1458 1455
1498 25 1460 1459
1499 25 1462 1460
1500 25 1463 1457
1501 25 1464 1452
1502 25 1465 1458
1503 25 1466 1455
1504 25 1452 1453
1505 25 1455 1456
1506 25 1467 1462
1507 25 1468 1460
1508 25 1460 1461
1509 25 B 1446
1510 25 1469 1463
1511 25 1470 1442
1512 25 B 1471
1513 25 B 1438
1514 25 1472 1434
1515 25 B 1472
1516 25 B 1473
1517 25 B 1434
1518 25 1471 1455
1519 25 1473 1431
1520 25 B 1474
1521 25 B 1432
1522 25 B 1475
1523 25 B 1431
1524 25 B 1435
1525 26 1477 1476
1526 26 1433 1431
1527 26 1476 1478
1528 26 1431 1435
1529 26 1480 1479
1530 26 1479 1481
1531 26 1482 1477
1532 26 1440 1433
1533 26 1483 1480
1534 26 1485 1484
1535 26 1487 1486
1536 26 1489 1488
1537 26 1491 1490
1538 26 1490 1492
1539 26 1493 1491
1540 26 1494 1482
1541 26 1453 1440
1542 26 B 1495
1543 26 B 1456
1544 26 1496 1483
1545 26 B 1497
1546 26 1495 1476
1547 26 1456 1431
1548 26 B 1498
1549 26 B 1461
1550 26 1497 1479
1551 26 B 1499
1552 26 1500 1493
1553 26 1501 1483
1554 26 B 1502
1555 26 B 1503
1556 26 1504 1482
1557 26 B 1505
1558 26 1502 1490
1559 26 1503 1479
1560 26 B 1506
1561 26 B 1507
1562 26 1505 1476
1563 26 B 1508
1564 26 1510 1509
1565 26 1500 1511
1566 26 B 1512
1567 26 1511 1513
1568 26 1483 1514
1569 26 1517 1516
1570 26 1518 1484
1571 26 1495 1519
1572 26 B 1520
1573 26 1514 1521
1574 26 1477 1519
1575 26 1523 1522
1576 26 1519 1524
1577 26 1431 1475
1578 27 1526 1525
1579 27 1528 1527
1580 27 1525 1529
1581 27 1527 1530
1582 27 1532 1531
1583 27 1531 1533
1584 27 1435 1478
1585 27 1478 1481
1586 27 1525 1534
1587 27 1533 1536
1588 27 1528 1535
1589 27 1529 1537
1590 27 1530 1538
1591 27 1533 1539
1592 27 1481 1492
1593 27 1541 1540
1594 27 1543 1542
1595 27 1540 1544
1596 27 1542 1545
1597 27 1547 1546
1598 27 1549 1548
1599 27 1546 1550
1600 27 1548 1551
1601 27 1553 1552
1602 27 1555 1554
1603 27 1556 1553
1604 27 1557 1555
1605 27 1559 1558
1606 27 1561 1560
1607 27 1562 1559
1608 27 1563 1561
1609 27 1565 1564
1610 27 1568 1567
1611 27 1569 1515
1612 27 1571 1570
1613 27 1574 1573
1614 27 1575 1516
1615 27 1577 1576
1616 27 B 1522
1617 28 1579 1578
1618 28 1581 1580
1619 28 1578 1582
1620 28 1580 1583
1621 28 1584 1579
1622 28 1585 1581
1623 28 1535 1586
1624 28 1534 1587
1625 28 1445 1588
1626 28 1590 1589
1627 28 1589 1591
1628 28 1592 1590
1629 28 1594 1593
1630 28 1596 1595
1631 28 1598 1597
1632 28 1600 1599
1633 28 1602 1601
1634 28 1604 1603
1635 28 1606 1605
1636 28 1608 1607
1637 28 1566 1609
1638 28 1611 1610
1639 28 1572 1612
1640 28 1614 1613
1641 28 1616 1615
1642 29 1618 1617
1643 29 1620 1619
1644 29 1622 1621
1645 29 B 1623
1646 29 1624 1620
1647 29 B 1625
1648 29 1623 1617
1649 29 1626 1618
1650 29 1627 1620
1651 29 1628 1622
1652 29 1630 1629
1653 29 1632 1631
1654 29 1633 1630
1655 29 1634 1629
1656 29 1635 1632
1657 29 1636 1631
1658 29 B 1624
1659 29 1637 1633
1660 29 1638 1620
1661 29 B 1639
1662 29 B 1618
1663 29 1640 1617
1664 29 B 1640
1665 29 B 1641
1666 29 B 1617
1667 29 1639 1631
1668 29 B 1621
1669 30 1643 1642
1670 30 1619 1617
1671 30 1642 1644
1672 30 1617 1621
1673 30 1646 1645
1674 30 1648 1647
1675 30 1650 1649
1676 30 1649 1651
1677 30 1652 1643
1678 30 1629 1619
1679 30 B 1653
1680 30 B 1631
1681 30 1654 1650
1682 30 1655 1643
1683 30 B 1656
1684 30 B 1657
1685 30 1653 1644
1686 30 1631 1621
1687 30 1656 1651
1688 30 1657 1644
1689 30 1659 1658
1690 30 1654 1660
1691 30 B 1661
1692 30 1660 1662
1693 30 1643 1663
1694 30 1666 1665
1695 30 1667 1647
1696 30 1631 1641
1697 30 1663 1668
1698 30 1617 1641
1699 31 1670 1669
1700 31 1672 1671
1701 31 1669 1673
1702 31 1621 1644
1703 31 1672 1674
1704 31 1669 1675
1705 31 1671 1676
1706 31 1678 1677
1707 31 1680 1679
1708 31 1682 1681
1709 31 1684 1683
1710 31 1678 1682
1711 31 1680 1684
1712 31 1686 1685
1713 31 1688 1687
1714 31 1686 1688
1715 31 1690 1689
1716 31 1693 1692
1717 31 1694 1664
1718 31 1696 1695
1719 31 1698 1697
1720 31 B 1665
1721 32 1700 1699
1722 32 1674 1701
1723 32 1702 1700
1724 32 1625 1703
1725 32 1705 1704
1726 32 1707 1706
1727 32 1709 1708
1728 32 1711 1710
1729 32 B 1712
1730 32 B 1713
1731 32 B 1714
1732 32 1691 1715
1733 32 1717 1716
1734 32 B 1718
1735 32 1720 1719
1736 33 B 1724
1737 33 1722 1721
1738 33 1725 1721
1739 33 1727 1726
1740 33 1730 1729
1741 33 B 1722
1742 33 1732 1727
1743 33 1733 1721
1744 33 B 1734
1745 33 B 1723
1746 33 B 1735
1747 34 1737 1736
1748 34 1721 1723
1749 34 1739 1738
1750 34 1728 1721
1751 34 B 1740
1752 34 B 1731
1753 34 1742 1741
1754 34 1739 1743
1755 34 B 1744
1756 34 1743 1745
1757 34 1721 1735
1758 35 1748 1747
1759 35 1750 1749
1760 35 1752 1751
1761 35 1754 1753
1762 35 1757 1756
1763 35 B 1746
1764 36 1724 1758
1765 36 1760 1759
1766 36 1755 1761
1767 36 1763 1762
1768 37 B 1764
1769 37 1766 1765
1770 38 1769 1768
1771 38 1765 1767
1772 39 1771 1770
1773 40 B 1772
1774 43 B 1773
1775 44 B 1774