1 1 B T
2 2 B T
3 2 T 1
4 2 B 1
5 3 B 2
6 3 2 3
7 3 3 1
8 3 T 1
9 3 B 4
10 3 4 1
11 3 2 4
12 3 B 1
13 4 6 5
14 4 7 6
15 4 8 6
16 4 1 7
17 4 B 1
18 4 3 6
19 4 T 6
20 4 9 5
21 4 4 6
22 4 B 10
23 4 B 11
24 4 B 6
25 4 10 6
26 4 12 6
27 5 14 13
28 5 13 5
29 5 16 15
30 5 16 14
31 5 17 16
32 5 B 17
33 5 B 18
34 5 18 13
35 5 B 19
36 5 20 5
37 5 21 20
38 5 22 21
39 5 23 20
40 5 22 24
41 5 17 22
42 5 B 22
43 5 22 23
44 5 25 13
45 5 B 21
46 5 B 14
47 5 B 25
48 5 B 13
49 5 B 24
50 5 B 26
51 5 B 15
52 6 28 27
53 6 5 13
54 6 27 29
55 6 13 15
56 6 27 30
57 6 30 31
58 6 5 28
59 6 B 5
60 6 31 32
61 6 34 33
62 6 34 35
63 6 B 36
64 6 B 37
65 6 36 27
66 6 B 28
67 6 B 38
68 6 B 39
69 6 B 20
70 6 B 13
71 6 B 40
72 6 B 23
73 6 37 30
74 6 B 41
75 6 38 31
76 6 39 30
77 6 B 32
78 6 B 42
79 6 20 27
80 6 B 43
81 6 41 32
82 6 42 32
83 6 43 31
84 6 37 33
85 6 36 44
86 6 B 45
87 6 44 46
88 6 28 44
89 6 48 47
90 6 B 49
91 6 48 50
92 6 44 51
93 6 13 26
94 7 53 52
95 7 55 54
96 7 52 56
97 7 54 57
98 7 59 58
99 7 58 52
100 7 15 29
101 7 29 31
102 7 56 57
103 7 57 60
104 7 31 32
105 7 B 59
106 7 60 32
107 7 52 61
108 7 55 62
109 7 B 63
110 7 63 64
111 7 66 65
112 7 68 67
113 7 59 66
114 7 69 68
115 7 70 65
116 7 72 71
117 7 65 73
118 7 71 74
119 7 76 75
120 7 78 77
121 7 79 76
122 7 80 78
123 7 67 74
124 7 75 81
125 7 82 32
126 7 83 82
127 7 85 84
128 7 88 87
129 7 89 47
130 7 91 47
131 7 93 92
132 7 B 50
133 8 95 94
134 8 97 96
135 8 94 98
136 8 96 99
137 8 100 95
138 8 101 97
139 8 103 102
140 8 102 96
141 8 104 103
142 8 98 105
143 8 99 98
144 8 106 103
145 8 32 106
146 8 62 107
147 8 61 107
148 8 19 108
149 8 B 32
150 8 109 105
151 8 110 98
152 8 112 111
153 8 114 113
154 8 116 115
155 8 118 117
156 8 120 119
157 8 122 121
158 8 123 117
159 8 77 124
160 8 B 125
161 8 B 126
162 8 86 127
163 8 129 128
164 8 90 127
165 8 130 128
166 8 132 131
167 9 134 133
168 9 136 135
169 9 138 137
170 9 139 134
171 9 140 136
172 9 141 138
173 9 143 142
174 9 136 143
175 9 144 139
176 9 139 140
177 9 145 141
178 9 142 105
179 9 B 146
180 9 147 136
181 9 B 148
182 9 146 133
183 9 B 147
184 9 145 144
185 9 149 145
186 9 151 150
187 9 150 105
188 9 152 151
189 9 153 150
190 9 155 154
191 9 156 155
192 9 157 154
193 9 158 152
194 9 159 156
195 9 156 158
196 9 157 152
197 9 152 153
198 9 160 159
199 9 161 156
200 9 156 157
201 9 162 152
202 9 163 136
203 9 B 162
204 9 B 140
205 9 B 163
206 9 B 136
207 9 B 164
208 9 B 165
209 9 B 134
210 9 165 133
211 9 B 166
212 9 B 133
213 9 164 154
214 9 B 137
215 10 168 167
216 10 135 133
217 10 167 169
218 10 133 137
219 10 171 170
220 10 170 172
221 10 173 168
222 10 142 135
223 10 174 171
224 10 176 175
225 10 175 177
226 10 171 176
227 10 178 173
228 10 105 142
229 10 173 174
230 10 180 179
231 10 182 181
232 10 180 183
233 10 175 184
234 10 184 185
235 10 105 178
236 10 B 105
237 10 B 186
238 10 B 150
239 10 187 173
240 10 B 178
241 10 B 188
242 10 B 189
243 10 186 168
244 10 150 135
245 10 B 190
246 10 B 154
247 10 188 171
248 10 189 168
249 10 B 191
250 10 B 192
251 10 186 174
252 10 B 193
253 10 193 176
254 10 B 194
255 10 190 169
256 10 154 137
257 10 191 172
258 10 192 169
259 10 194 177
260 10 189 174
261 10 B 195
262 10 B 196
263 10 150 173
264 10 B 197
265 10 195 175
266 10 196 176
267 10 B 198
268 10 B 199
269 10 197 171
270 10 B 200
271 10 198 185
272 10 199 177
273 10 200 172
274 10 201 183
275 10 188 202
276 10 B 203
277 10 202 204
278 10 174 202
279 10 206 205
280 10 B 207
281 10 206 208
282 10 202 209
283 10 168 210
284 10 212 211
285 10 213 181
286 10 154 166
287 10 210 214
288 10 133 166
289 11 216 215
290 11 218 217
291 11 215 219
292 11 217 220
293 11 222 221
294 11 221 223
295 11 137 169
296 11 169 172
297 11 219 224
298 11 220 225
299 11 223 226
300 11 172 177
301 11 228 227
302 11 227 229
303 11 229 223
304 11 215 230
305 11 223 232
306 11 218 231
307 11 224 233
308 11 225 234
309 11 226 224
310 11 177 185
311 11 236 235
312 11 238 237
313 11 240 239
314 11 242 241
315 11 236 240
316 11 238 242
317 11 244 243
318 11 246 245
319 11 248 247
320 11 250 249
321 11 244 248
322 11 246 250
323 11 239 251
324 11 241 252
325 11 247 253
326 11 249 254
327 11 256 255
328 11 258 257
329 11 256 258
330 11 257 259
331 11 260 247
332 11 262 261
333 11 263 260
334 11 264 262
335 11 266 265
336 11 268 267
337 11 269 266
338 11 270 268
339 11 272 271
340 11 273 272
341 11 275 274
342 11 278 277
343 11 279 205
344 11 281 205
345 11 283 282
346 11 284 208
347 11 286 285
348 11 288 287
349 11 B 211
350 12 290 289
351 12 292 291
352 12 289 293
353 12 291 294
354 12 295 290
355 12 296 292
356 12 298 297
357 12 297 299
358 12 300 298
359 12 293 301
360 12 294 302
361 12 299 303
362 12 231 304
363 12 230 305
364 12 148 306
365 12 232 305
366 12 308 307
367 12 307 309
368 12 310 308
369 12 309 299
370 12 312 311
371 12 314 313
372 12 316 315
373 12 318 317
374 12 320 319
375 12 322 321
376 12 324 323
377 12 326 325
378 12 B 327
379 12 B 328
380 12 B 329
381 12 B 330
382 12 332 331
383 12 334 333
384 12 336 335
385 12 338 337
386 12 B 339
387 12 B 340
388 12 276 341
389 12 343 342
390 12 280 341
391 12 344 342
392 12 346 345
393 12 B 347
394 12 349 348
395 13 351 350
396 13 353 352
397 13 355 354
398 13 356 351
399 13 357 353
400 13 358 355
401 13 360 359
402 13 361 360
403 13 B 362
404 13 363 353
405 13 B 364
406 13 362 350
407 13 B 363
408 13 365 361
409 13 366 356
410 13 367 357
411 13 368 358
412 13 369 361
413 13 371 370
414 13 374 373
415 13 376 371
416 13 377 374
417 13 379 378
418 13 381 379
419 13 382 376
420 13 383 371
421 13 384 377
422 13 385 374
423 13 371 372
424 13 374 375
425 13 386 381
426 13 387 379
427 13 379 380
428 13 B 365
429 13 388 382
430 13 389 361
431 13 B 390
432 13 B 357
433 13 391 353
434 13 B 391
435 13 B 392
436 13 B 353
437 13 390 374
438 13 392 350
439 13 B 393
440 13 B 351
441 13 B 394
442 13 B 350
443 13 B 354
444 14 396 395
445 14 352 350
446 14 395 397
447 14 350 354
448 14 399 398
449 14 398 400
450 14 401 396
451 14 359 352
452 14 402 399
453 14 404 403
454 14 406 405
455 14 408 407
456 14 410 409
457 14 409 411
458 14 412 410
459 14 413 401
460 14 372 359
461 14 B 414
462 14 B 375
463 14 415 402
464 14 B 416
465 14 414 395
466 14 375 350
467 14 B 417
468 14 B 380
469 14 416 398
470 14 B 418
471 14 419 412
472 14 420 402
473 14 B 421
474 14 B 422
475 14 423 401
476 14 B 424
477 14 421 409
478 14 422 398
479 14 B 425
480 14 B 426
481 14 424 395
482 14 B 427
483 14 429 428
484 14 419 430
485 14 B 431
486 14 430 432
487 14 402 433
488 14 436 435
489 14 437 403
490 14 414 438
491 14 B 439
492 14 433 440
493 14 396 438
494 14 442 441
495 14 438 443
496 14 350 394
497 15 445 444
498 15 447 446
499 15 444 448
500 15 446 449
501 15 451 450
502 15 450 452
503 15 354 397
504 15 397 400
505 15 444 453
506 15 452 455
507 15 447 454
508 15 448 456
509 15 449 457
510 15 452 458
511 15 400 411
512 15 460 459
513 15 462 461
514 15 459 463
515 15 461 464
516 15 466 465
517 15 468 467
518 15 465 469
519 15 467 470
520 15 472 471
521 15 474 473
522 15 475 472
523 15 476 474
524 15 478 477
525 15 480 479
526 15 481 478
527 15 482 480
528 15 484 483
529 15 487 486
530 15 488 434
531 15 490 489
532 15 493 492
533 15 494 435
534 15 496 495
535 15 B 441
536 16 498 497
537 16 500 499
538 16 497 501
539 16 499 502
540 16 503 498
541 16 504 500
542 16 454 505
543 16 453 506
544 16 364 507
545 16 509 508
546 16 508 510
547 16 511 509
548 16 513 512
549 16 515 514
550 16 517 516
551 16 519 518
552 16 521 520
553 16 523 522
554 16 525 524
555 16 527 526
556 16 485 528
557 16 530 529
558 16 491 531
559 16 533 532
560 16 535 534
561 17 537 536
562 17 539 538
563 17 541 540
564 17 B 542
565 17 543 539
566 17 B 544
567 17 542 536
568 17 545 537
569 17 546 539
570 17 547 541
571 17 549 548
572 17 551 550
573 17 552 549
574 17 553 548
575 17 554 551
576 17 555 550
577 17 B 543
578 17 556 552
579 17 557 539
580 17 B 558
581 17 B 537
582 17 559 536
583 17 B 559
584 17 B 560
585 17 B 536
586 17 558 550
587 17 B 540
588 18 562 561
589 18 538 536
590 18 561 563
591 18 536 540
592 18 565 564
593 18 567 566
594 18 569 568
595 18 568 570
596 18 571 562
597 18 548 538
598 18 B 572
599 18 B 550
600 18 573 569
601 18 574 562
602 18 B 575
603 18 B 576
604 18 572 563
605 18 550 540
606 18 575 570
607 18 576 563
608 18 578 577
609 18 573 579
610 18 B 580
611 18 579 581
612 18 562 582
613 18 585 584
614 18 586 566
615 18 550 560
616 18 582 587
617 18 536 560
618 19 589 588
619 19 591 590
620 19 588 592
621 19 540 563
622 19 591 593
623 19 588 594
624 19 590 595
625 19 597 596
626 19 599 598
627 19 601 600
628 19 603 602
629 19 597 601
630 19 599 603
631 19 605 604
632 19 607 606
633 19 605 607
634 19 609 608
635 19 612 611
636 19 613 583
637 19 615 614
638 19 617 616
639 19 B 584
640 20 619 618
641 20 593 620
642 20 621 619
643 20 544 622
644 20 624 623
645 20 626 625
646 20 628 627
647 20 630 629
648 20 B 631
649 20 B 632
650 20 B 633
651 20 610 634
652 20 636 635
653 20 B 637
654 20 639 638
655 21 B 643
656 21 641 640
657 21 644 640
658 21 646 645
659 21 649 648
660 21 B 641
661 21 651 646
662 21 652 640
663 21 B 653
664 21 B 642
665 21 B 654
666 22 656 655
667 22 640 642
668 22 658 657
669 22 647 640
670 22 B 659
671 22 B 650
672 22 661 660
673 22 658 662
674 22 B 663
675 22 662 664
676 22 640 654
677 23 667 666
678 23 669 668
679 23 671 670
680 23 673 672
681 23 676 675
682 23 B 665
683 24 643 677
684 24 679 678
685 24 674 680
686 24 682 681
687 25 B 683
688 25 685 684
689 26 688 687
690 26 684 686
691 27 690 689
692 28 B 691
693 31 B 692
694 32 B 693