1 1 B T
2 2 B T
3 2 T 1
4 2 B 1
5 3 B 2
6 3 2 3
7 3 3 1
8 3 T 1
9 3 B 4
10 3 4 1
11 3 2 4
12 3 B 1
13 4 6 5
14 4 7 6
15 4 8 6
16 4 1 7
17 4 3 6
18 4 T 6
19 4 B 1
20 4 9 5
21 4 4 6
22 4 B 10
23 4 B 11
24 4 10 6
25 4 12 6
26 5 14 13
27 5 13 5
28 5 16 15
29 5 B 17
30 5 17 13
31 5 B 18
32 5 16 14
33 5 19 16
34 5 21 20
35 5 20 5
36 5 22 21
37 5 23 20
38 5 24 13
39 5 B 21
40 5 B 14
41 5 B 24
42 5 B 25
43 5 B 13
44 5 B 15
45 6 27 26
46 6 5 13
47 6 26 28
48 6 13 15
49 6 30 29
50 6 30 31
51 6 26 32
52 6 32 33
53 6 5 27
54 6 B 5
55 6 B 34
56 6 B 20
57 6 35 26
58 6 B 27
59 6 B 36
60 6 B 37
61 6 34 28
62 6 20 15
63 6 36 33
64 6 37 28
65 6 34 29
66 6 35 38
67 6 B 39
68 6 38 40
69 6 27 38
70 6 43 42
71 6 34 31
72 6 20 25
73 6 38 44
74 6 13 25
75 7 46 45
76 7 48 47
77 7 45 49
78 7 15 28
79 7 48 50
80 7 45 51
81 7 47 52
82 7 54 53
83 7 56 55
84 7 58 57
85 7 60 59
86 7 54 58
87 7 56 60
88 7 62 61
89 7 64 63
90 7 62 64
91 7 66 65
92 7 69 68
93 7 70 41
94 7 72 71
95 7 74 73
96 7 B 42
97 8 76 75
98 8 50 77
99 8 78 76
100 8 18 79
101 8 81 80
102 8 83 82
103 8 85 84
104 8 87 86
105 8 B 88
106 8 B 89
107 8 B 90
108 8 67 91
109 8 93 92
110 8 B 94
111 8 96 95
112 9 B 100
113 9 98 97
114 9 101 97
115 9 103 102
116 9 106 105
117 9 B 98
118 9 108 103
119 9 109 97
120 9 B 110
121 9 B 99
122 9 B 111
123 10 113 112
124 10 97 99
125 10 115 114
126 10 104 97
127 10 B 116
128 10 B 107
129 10 118 117
130 10 115 119
131 10 B 120
132 10 119 121
133 10 97 111
134 11 124 123
135 11 126 125
136 11 128 127
137 11 130 129
138 11 133 132
139 11 B 122
140 12 100 134
141 12 136 135
142 12 131 137
143 12 139 138
144 13 B 140
145 13 142 141
146 14 145 144
147 14 141 143
148 15 147 146
149 16 B 148
150 19 B 149
151 20 B 150