1 1 B T
2 2 B T
3 2 T 1
4 2 B 1
5 3 B 2
6 3 2 3
7 3 3 1
8 3 T 1
9 3 B 4
10 3 4 1
11 3 2 4
12 3 B 1
13 4 6 5
14 4 7 6
15 4 8 6
16 4 1 7
17 4 B 1
18 4 3 6
19 4 T 6
20 4 9 5
21 4 4 6
22 4 B 10
23 4 B 11
24 4 B 6
25 4 10 6
26 4 12 6
27 5 14 13
28 5 13 5
29 5 16 15
30 5 16 14
31 5 17 16
32 5 B 17
33 5 B 18
34 5 18 13
35 5 B 19
36 5 20 5
37 5 21 20
38 5 22 21
39 5 23 20
40 5 17 22
41 5 B 22
42 5 22 23
43 5 22 24
44 5 25 13
45 5 B 21
46 5 B 14
47 5 B 25
48 5 B 13
49 5 B 24
50 5 B 26
51 5 B 15
52 6 28 27
53 6 5 13
54 6 27 29
55 6 13 15
56 6 27 30
57 6 30 31
58 6 5 28
59 6 B 5
60 6 31 32
61 6 34 33
62 6 34 35
63 6 B 36
64 6 B 37
65 6 36 27
66 6 B 28
67 6 B 38
68 6 B 39
69 6 B 20
70 6 37 30
71 6 B 40
72 6 38 31
73 6 39 30
74 6 B 32
75 6 B 41
76 6 20 27
77 6 B 42
78 6 B 13
79 6 B 43
80 6 B 23
81 6 40 32
82 6 41 32
83 6 42 31
84 6 37 33
85 6 36 44
86 6 B 45
87 6 44 46
88 6 28 44
89 6 48 47
90 6 B 49
91 6 48 50
92 6 44 51
93 6 13 26
94 7 53 52
95 7 55 54
96 7 52 56
97 7 54 57
98 7 59 58
99 7 58 52
100 7 15 29
101 7 29 31
102 7 56 57
103 7 57 60
104 7 31 32
105 7 B 59
106 7 60 32
107 7 52 61
108 7 55 62
109 7 B 63
110 7 63 64
111 7 66 65
112 7 68 67
113 7 59 66
114 7 69 68
115 7 65 70
116 7 67 71
117 7 73 72
118 7 75 74
119 7 76 73
120 7 77 75
121 7 78 65
122 7 80 79
123 7 79 71
124 7 72 81
125 7 82 32
126 7 83 82
127 7 85 84
128 7 88 87
129 7 89 47
130 7 91 47
131 7 93 92
132 7 B 50
133 8 95 94
134 8 97 96
135 8 94 98
136 8 96 99
137 8 100 95
138 8 101 97
139 8 103 102
140 8 102 96
141 8 104 103
142 8 98 105
143 8 99 98
144 8 106 103
145 8 32 106
146 8 B 32
147 8 62 107
148 8 61 107
149 8 19 108
150 8 109 105
151 8 110 98
152 8 112 111
153 8 114 113
154 8 116 115
155 8 118 117
156 8 120 119
157 8 122 121
158 8 123 115
159 8 74 124
160 8 B 125
161 8 B 126
162 8 86 127
163 8 129 128
164 8 90 127
165 8 130 128
166 8 132 131
167 9 134 133
168 9 136 135
169 9 138 137
170 9 139 134
171 9 140 136
172 9 141 138
173 9 143 142
174 9 136 143
175 9 144 139
176 9 139 140
177 9 145 141
178 9 142 105
179 9 145 144
180 9 146 145
181 9 B 146
182 9 B 147
183 9 148 136
184 9 B 149
185 9 147 133
186 9 B 148
187 9 150 105
188 9 151 150
189 9 152 151
190 9 153 150
191 9 154 152
192 9 155 154
193 9 156 152
194 9 152 153
195 9 158 157
196 9 155 158
197 9 156 157
198 9 159 155
199 9 160 159
200 9 161 155
201 9 155 156
202 9 146 160
203 9 B 160
204 9 160 161
205 9 162 152
206 9 163 136
207 9 B 162
208 9 B 140
209 9 B 163
210 9 B 136
211 9 B 164
212 9 B 165
213 9 B 134
214 9 165 133
215 9 B 166
216 9 B 133
217 9 164 157
218 9 B 137
219 10 168 167
220 10 135 133
221 10 167 169
222 10 133 137
223 10 171 170
224 10 170 172
225 10 173 168
226 10 142 135
227 10 174 171
228 10 176 175
229 10 175 177
230 10 171 176
231 10 178 173
232 10 105 142
233 10 173 174
234 10 175 179
235 10 179 180
236 10 105 178
237 10 B 105
238 10 180 181
239 10 183 182
240 10 185 184
241 10 183 186
242 10 B 187
243 10 B 188
244 10 B 150
245 10 187 173
246 10 B 178
247 10 B 189
248 10 B 190
249 10 188 174
250 10 B 191
251 10 189 171
252 10 190 174
253 10 B 192
254 10 B 193
255 10 150 173
256 10 B 194
257 10 188 168
258 10 150 135
259 10 B 195
260 10 B 157
261 10 190 168
262 10 B 196
263 10 B 197
264 10 191 176
265 10 B 198
266 10 192 175
267 10 193 176
268 10 B 199
269 10 B 200
270 10 194 171
271 10 B 201
272 10 198 179
273 10 B 202
274 10 195 169
275 10 157 137
276 10 196 172
277 10 197 169
278 10 198 177
279 10 199 180
280 10 200 177
281 10 201 172
282 10 202 181
283 10 200 179
284 10 B 181
285 10 B 203
286 10 201 175
287 10 B 204
288 10 203 181
289 10 204 180
290 10 205 186
291 10 189 206
292 10 B 207
293 10 206 208
294 10 174 206
295 10 210 209
296 10 B 211
297 10 210 212
298 10 206 213
299 10 168 214
300 10 216 215
301 10 217 184
302 10 157 166
303 10 214 218
304 10 133 166
305 11 220 219
306 11 222 221
307 11 219 223
308 11 221 224
309 11 226 225
310 11 225 227
311 11 137 169
312 11 169 172
313 11 223 228
314 11 224 229
315 11 227 230
316 11 172 177
317 11 232 231
318 11 231 233
319 11 233 227
320 11 228 234
321 11 229 235
322 11 230 228
323 11 177 180
324 11 237 236
325 11 236 231
326 11 234 235
327 11 235 238
328 11 180 181
329 11 B 237
330 11 238 181
331 11 219 239
332 11 227 241
333 11 222 240
334 11 B 242
335 11 242 243
336 11 244 243
337 11 246 245
338 11 248 247
339 11 237 246
340 11 244 248
341 11 245 249
342 11 247 250
343 11 252 251
344 11 254 253
345 11 255 252
346 11 256 254
347 11 258 257
348 11 260 259
349 11 261 251
350 11 263 262
351 11 258 261
352 11 260 263
353 11 251 264
354 11 262 265
355 11 267 266
356 11 269 268
357 11 270 267
358 11 271 269
359 11 253 265
360 11 266 272
361 11 268 273
362 11 275 274
363 11 277 276
364 11 275 277
365 11 276 278
366 11 280 279
367 11 281 280
368 11 279 282
369 11 283 279
370 11 285 284
371 11 286 283
372 11 287 285
373 11 288 181
374 11 289 288
375 11 291 290
376 11 294 293
377 11 295 209
378 11 297 209
379 11 299 298
380 11 300 212
381 11 302 301
382 11 304 303
383 11 B 215
384 12 306 305
385 12 308 307
386 12 305 309
387 12 307 310
388 12 311 306
389 12 312 308
390 12 314 313
391 12 313 315
392 12 316 314
393 12 309 317
394 12 310 318
395 12 315 319
396 12 321 320
397 12 320 322
398 12 323 321
399 12 322 315
400 12 317 324
401 12 318 325
402 12 319 318
403 12 327 326
404 12 326 320
405 12 328 327
406 12 324 329
407 12 325 324
408 12 330 327
409 12 181 330
410 12 B 181
411 12 240 331
412 12 239 332
413 12 149 333
414 12 241 332
415 12 334 329
416 12 335 324
417 12 336 324
418 12 338 337
419 12 340 339
420 12 342 341
421 12 344 343
422 12 346 345
423 12 348 347
424 12 350 349
425 12 352 351
426 12 354 353
427 12 356 355
428 12 358 357
429 12 359 353
430 12 361 360
431 12 B 362
432 12 B 363
433 12 B 364
434 12 B 365
435 12 B 366
436 12 B 367
437 12 B 368
438 12 370 369
439 12 372 371
440 12 B 373
441 12 B 374
442 12 284 368
443 12 292 375
444 12 377 376
445 12 296 375
446 12 378 376
447 12 380 379
448 12 B 381
449 12 383 382
450 13 385 384
451 13 387 386
452 13 389 388
453 13 390 385
454 13 391 387
455 13 392 389
456 13 394 393
457 13 395 394
458 13 396 390
459 13 397 391
460 13 398 392
461 13 399 395
462 13 401 400
463 13 402 401
464 13 395 402
465 13 403 396
466 13 404 397
467 13 405 398
468 13 397 399
469 13 407 406
470 13 401 407
471 13 408 403
472 13 403 404
473 13 409 405
474 13 406 329
475 13 409 408
476 13 410 409
477 13 B 411
478 13 412 387
479 13 B 413
480 13 411 384
481 13 B 412
482 13 414 395
483 13 B 414
484 13 B 410
485 13 415 329
486 13 416 415
487 13 418 417
488 13 420 418
489 13 418 416
490 13 419 415
491 13 421 420
492 13 422 418
493 13 418 419
494 13 424 423
495 13 426 424
496 13 427 426
497 13 428 424
498 13 424 425
499 13 429 421
500 13 430 427
501 13 432 431
502 13 434 432
503 13 435 434
504 13 436 432
505 13 432 433
506 13 437 435
507 13 427 429
508 13 428 421
509 13 421 422
510 13 438 430
511 13 439 427
512 13 427 428
513 13 440 437
514 13 441 435
515 13 435 436
516 13 442 438
517 13 410 440
518 13 440 442
519 13 441 438
520 13 438 439
521 13 B 440
522 13 440 441
523 13 443 421
524 13 444 395
525 13 B 443
526 13 B 399
527 13 B 444
528 13 B 395
529 13 B 445
530 13 B 446
531 13 B 391
532 13 446 387
533 13 B 447
534 13 B 387
535 13 445 424
536 13 447 384
537 13 B 448
538 13 B 385
539 13 B 449
540 13 B 384
541 13 B 388
542 14 451 450
543 14 386 384
544 14 450 452
545 14 384 388
546 14 454 453
547 14 453 455
548 14 456 451
549 14 393 386
550 14 457 454
551 14 459 458
552 14 458 460
553 14 461 459
554 14 462 456
555 14 400 393
556 14 463 457
557 14 464 461
558 14 466 465
559 14 465 467
560 14 468 466
561 14 461 468
562 14 469 462
563 14 406 400
564 14 470 463
565 14 463 464
566 14 472 471
567 14 471 473
568 14 466 472
569 14 474 469
570 14 329 406
571 14 469 470
572 14 471 475
573 14 475 476
574 14 329 474
575 14 B 329
576 14 478 477
577 14 480 479
578 14 482 481
579 14 482 483
580 14 476 484
581 14 B 485
582 14 B 486
583 14 485 469
584 14 B 406
585 14 B 487
586 14 B 419
587 14 486 470
588 14 B 488
589 14 B 474
590 14 B 489
591 14 B 490
592 14 B 415
593 14 489 463
594 14 490 470
595 14 B 491
596 14 B 492
597 14 415 469
598 14 B 493
599 14 487 456
600 14 419 393
601 14 B 494
602 14 B 425
603 14 488 457
604 14 B 495
605 14 491 461
606 14 492 457
607 14 B 496
608 14 B 497
609 14 493 456
610 14 B 498
611 14 488 464
612 14 B 499
613 14 499 468
614 14 B 500
615 14 494 450
616 14 425 384
617 14 B 501
618 14 B 433
619 14 495 453
620 14 B 502
621 14 496 458
622 14 497 453
623 14 B 503
624 14 B 504
625 14 498 450
626 14 B 505
627 14 500 465
628 14 B 506
629 14 492 464
630 14 B 507
631 14 B 508
632 14 493 463
633 14 B 509
634 14 507 466
635 14 508 468
636 14 B 510
637 14 B 511
638 14 509 461
639 14 B 512
640 14 510 471
641 14 511 465
642 14 B 513
643 14 B 514
644 14 512 458
645 14 B 515
646 14 500 472
647 14 B 516
648 14 516 475
649 14 B 517
650 14 511 472
651 14 B 518
652 14 B 519
653 14 512 466
654 14 B 520
655 14 518 476
656 14 519 475
657 14 B 484
658 14 B 521
659 14 520 471
660 14 B 522
661 14 523 483
662 14 491 524
663 14 B 525
664 14 524 526
665 14 464 524
666 14 528 527
667 14 B 529
668 14 528 530
669 14 524 531
670 14 457 532
671 14 534 533
672 14 535 477
673 14 494 536
674 14 B 537
675 14 532 538
676 14 451 536
677 14 540 539
678 14 536 541
679 14 384 449
680 15 543 542
681 15 545 544
682 15 542 546
683 15 544 547
684 15 549 548
685 15 548 550
686 15 388 452
687 15 452 455
688 15 546 551
689 15 547 552
690 15 550 553
691 15 455 460
692 15 555 554
693 15 554 556
694 15 556 557
695 15 551 558
696 15 552 559
697 15 553 560
698 15 460 467
699 15 557 561
700 15 563 562
701 15 562 564
702 15 564 565
703 15 565 557
704 15 558 566
705 15 559 567
706 15 560 568
707 15 467 473
708 15 561 560
709 15 570 569
710 15 569 571
711 15 571 564
712 15 566 572
713 15 567 573
714 15 568 566
715 15 473 476
716 15 575 574
717 15 574 569
718 15 542 576
719 15 550 578
720 15 545 577
721 15 557 579
722 15 572 573
723 15 573 580
724 15 476 484
725 15 B 575
726 15 B 581
727 15 581 582
728 15 584 583
729 15 586 585
730 15 583 587
731 15 585 588
732 15 589 583
733 15 591 590
734 15 575 589
735 15 592 591
736 15 594 593
737 15 596 595
738 15 597 594
739 15 598 596
740 15 600 599
741 15 602 601
742 15 599 603
743 15 601 604
744 15 606 605
745 15 608 607
746 15 609 606
747 15 610 608
748 15 590 588
749 15 593 611
750 15 595 612
751 15 605 613
752 15 607 614
753 15 616 615
754 15 618 617
755 15 615 619
756 15 617 620
757 15 622 621
758 15 624 623
759 15 625 622
760 15 626 624
761 15 621 627
762 15 623 628
763 15 629 605
764 15 631 630
765 15 632 629
766 15 633 631
767 15 635 634
768 15 637 636
769 15 638 635
770 15 639 637
771 15 641 640
772 15 643 642
773 15 644 641
774 15 645 643
775 15 630 614
776 15 634 646
777 15 636 647
778 15 640 648
779 15 642 649
780 15 650 640
781 15 652 651
782 15 653 650
783 15 654 652
784 15 656 655
785 15 658 657
786 15 659 656
787 15 660 658
788 15 662 661
789 15 665 664
790 15 666 527
791 15 668 527
792 15 670 669
793 15 671 530
794 15 673 672
795 15 676 675
796 15 677 533
797 15 679 678
798 15 B 539
799 16 681 680
800 16 683 682
801 16 680 684
802 16 682 685
803 16 686 681
804 16 687 683
805 16 689 688
806 16 688 690
807 16 691 689
808 16 684 692
809 16 685 693
810 16 690 694
811 16 696 695
812 16 695 697
813 16 698 696
814 16 697 699
815 16 692 700
816 16 693 701
817 16 694 702
818 16 699 703
819 16 705 704
820 16 704 706
821 16 707 705
822 16 706 708
823 16 708 699
824 16 700 709
825 16 701 710
826 16 702 711
827 16 703 702
828 16 713 712
829 16 712 714
830 16 715 713
831 16 714 706
832 16 709 716
833 16 710 717
834 16 711 710
835 16 577 718
836 16 576 719
837 16 413 720
838 16 578 721
839 16 579 721
840 16 723 722
841 16 722 712
842 16 724 723
843 16 726 725
844 16 727 716
845 16 729 728
846 16 731 730
847 16 733 732
848 16 735 734
849 16 737 736
850 16 739 738
851 16 741 740
852 16 743 742
853 16 745 744
854 16 747 746
855 16 748 730
856 16 750 749
857 16 752 751
858 16 754 753
859 16 756 755
860 16 758 757
861 16 760 759
862 16 762 761
863 16 764 763
864 16 766 765
865 16 768 767
866 16 770 769
867 16 772 771
868 16 774 773
869 16 775 751
870 16 777 776
871 16 779 778
872 16 781 780
873 16 783 782
874 16 785 784
875 16 787 786
876 16 663 788
877 16 790 789
878 16 667 788
879 16 791 789
880 16 793 792
881 16 674 794
882 16 796 795
883 16 798 797
884 17 800 799
885 17 802 801
886 17 804 803
887 17 805 800
888 17 806 802
889 17 807 804
890 17 809 808
891 17 810 809
892 17 811 805
893 17 812 806
894 17 813 807
895 17 814 810
896 17 816 815
897 17 817 816
898 17 818 817
899 17 819 811
900 17 820 812
901 17 821 813
902 17 822 814
903 17 823 818
904 17 825 824
905 17 826 825
906 17 827 826
907 17 818 827
908 17 828 819
909 17 829 820
910 17 830 821
911 17 831 822
912 17 822 823
913 17 833 832
914 17 834 833
915 17 826 834
916 17 B 835
917 17 836 802
918 17 B 837
919 17 835 799
920 17 B 836
921 17 838 810
922 17 B 838
923 17 839 818
924 17 B 839
925 17 840 828
926 17 841 829
927 17 842 830
928 17 829 831
929 17 844 843
930 17 846 845
931 17 847 844
932 17 848 843
933 17 849 846
934 17 850 845
935 17 852 851
936 17 853 852
937 17 854 851
938 17 855 847
939 17 856 849
940 17 857 853
941 17 859 858
942 17 860 859
943 17 861 858
944 17 862 860
945 17 849 855
946 17 850 847
947 17 863 856
948 17 864 849
949 17 847 848
950 17 849 850
951 17 865 857
952 17 866 853
953 17 853 854
954 17 867 862
955 17 868 860
956 17 860 861
957 17 869 863
958 17 870 865
959 17 871 867
960 17 865 869
961 17 866 863
962 17 863 864
963 17 872 870
964 17 873 865
965 17 865 866
966 17 874 871
967 17 875 867
968 17 867 868
969 17 876 863
970 17 877 818
971 17 B 876
972 17 B 823
973 17 B 877
974 17 B 818
975 17 B 878
976 17 B 879
977 17 B 814
978 17 879 810
979 17 B 880
980 17 B 810
981 17 878 853
982 17 880 802
983 17 B 881
984 17 B 806
985 17 B 882
986 17 B 802
987 17 B 800
988 17 882 799
989 17 B 883
990 17 B 799
991 17 881 858
992 17 B 803
993 18 885 884
994 18 801 799
995 18 884 886
996 18 799 803
997 18 888 887
998 18 887 889
999 18 890 885
1000 18 808 801
1001 18 891 888
1002 18 893 892
1003 18 892 894
1004 18 895 893
1005 18 896 890
1006 18 815 808
1007 18 897 891
1008 18 898 895
1009 18 900 899
1010 18 899 901
1011 18 902 900
1012 18 903 902
1013 18 904 896
1014 18 824 815
1015 18 905 897
1016 18 906 898
1017 18 907 903
1018 18 909 908
1019 18 908 910
1020 18 911 909
1021 18 912 911
1022 18 903 912
1023 18 913 904
1024 18 832 824
1025 18 914 905
1026 18 915 906
1027 18 906 907
1028 18 917 916
1029 18 919 918
1030 18 921 920
1031 18 923 922
1032 18 923 924
1033 18 926 925
1034 18 925 927
1035 18 928 926
1036 18 911 928
1037 18 929 913
1038 18 843 832
1039 18 B 930
1040 18 B 845
1041 18 931 914
1042 18 932 913
1043 18 B 933
1044 18 B 934
1045 18 930 896
1046 18 845 815
1047 18 B 935
1048 18 B 851
1049 18 933 897
1050 18 934 896
1051 18 B 936
1052 18 B 937
1053 18 938 915
1054 18 B 939
1055 18 939 898
1056 18 B 940
1057 18 935 885
1058 18 851 801
1059 18 B 941
1060 18 B 858
1061 18 936 888
1062 18 937 885
1063 18 B 942
1064 18 B 943
1065 18 940 893
1066 18 B 944
1067 18 945 906
1068 18 946 915
1069 18 B 947
1070 18 B 948
1071 18 949 914
1072 18 B 950
1073 18 947 903
1074 18 948 898
1075 18 B 951
1076 18 B 952
1077 18 950 897
1078 18 B 953
1079 18 951 900
1080 18 952 893
1081 18 B 954
1082 18 B 955
1083 18 953 888
1084 18 B 956
1085 18 941 886
1086 18 858 803
1087 18 942 889
1088 18 943 886
1089 18 944 894
1090 18 954 901
1091 18 955 894
1092 18 956 889
1093 18 939 907
1094 18 B 957
1095 18 957 912
1096 18 B 958
1097 18 958 909
1098 18 B 959
1099 18 959 910
1100 18 948 907
1101 18 B 960
1102 18 B 961
1103 18 950 906
1104 18 B 962
1105 18 960 911
1106 18 961 912
1107 18 B 963
1108 18 B 964
1109 18 962 903
1110 18 B 965
1111 18 963 926
1112 18 964 909
1113 18 B 966
1114 18 B 967
1115 18 965 900
1116 18 B 968
1117 18 966 927
1118 18 967 910
1119 18 968 901
1120 18 969 924
1121 18 947 970
1122 18 B 971
1123 18 970 972
1124 18 907 970
1125 18 974 973
1126 18 B 975
1127 18 974 976
1128 18 970 977
1129 18 898 978
1130 18 980 979
1131 18 981 920
1132 18 936 982
1133 18 B 983
1134 18 978 984
1135 18 891 982
1136 18 986 985
1137 18 982 987
1138 18 885 988
1139 18 990 989
1140 18 991 918
1141 18 858 883
1142 18 988 992
1143 18 799 883
1144 19 994 993
1145 19 996 995
1146 19 993 997
1147 19 995 998
1148 19 1000 999
1149 19 999 1001
1150 19 803 886
1151 19 886 889
1152 19 997 1002
1153 19 998 1003
1154 19 1001 1004
1155 19 889 894
1156 19 1006 1005
1157 19 1005 1007
1158 19 1007 1008
1159 19 1002 1009
1160 19 1003 1010
1161 19 1004 1011
1162 19 894 901
1163 19 1008 1012
1164 19 1014 1013
1165 19 1013 1015
1166 19 1015 1016
1167 19 1016 1017
1168 19 1009 1018
1169 19 1010 1019
1170 19 1011 1020
1171 19 901 910
1172 19 1012 1021
1173 19 1017 1022
1174 19 1024 1023
1175 19 1023 1025
1176 19 1025 1026
1177 19 1026 1027
1178 19 1027 1017
1179 19 993 1028
1180 19 1001 1030
1181 19 996 1029
1182 19 1008 1031
1183 19 1017 1032
1184 19 1018 1033
1185 19 1019 1034
1186 19 1020 1035
1187 19 910 927
1188 19 1021 1036
1189 19 1022 1021
1190 19 1038 1037
1191 19 1040 1039
1192 19 1042 1041
1193 19 1044 1043
1194 19 1038 1042
1195 19 1040 1044
1196 19 1046 1045
1197 19 1048 1047
1198 19 1050 1049
1199 19 1052 1051
1200 19 1046 1050
1201 19 1048 1052
1202 19 1041 1053
1203 19 1043 1054
1204 19 1049 1055
1205 19 1051 1056
1206 19 1058 1057
1207 19 1060 1059
1208 19 1062 1061
1209 19 1064 1063
1210 19 1058 1062
1211 19 1060 1064
1212 19 1061 1065
1213 19 1063 1066
1214 19 1068 1067
1215 19 1070 1069
1216 19 1071 1068
1217 19 1072 1070
1218 19 1074 1073
1219 19 1076 1075
1220 19 1077 1074
1221 19 1078 1076
1222 19 1080 1079
1223 19 1082 1081
1224 19 1083 1080
1225 19 1084 1082
1226 19 1086 1085
1227 19 1088 1087
1228 19 1086 1088
1229 19 1087 1089
1230 19 1091 1090
1231 19 1092 1091
1232 19 1067 1093
1233 19 1069 1094
1234 19 1073 1095
1235 19 1075 1096
1236 19 1079 1097
1237 19 1081 1098
1238 19 1090 1099
1239 19 1100 1073
1240 19 1102 1101
1241 19 1103 1100
1242 19 1104 1102
1243 19 1106 1105
1244 19 1108 1107
1245 19 1109 1106
1246 19 1110 1108
1247 19 1112 1111
1248 19 1114 1113
1249 19 1115 1112
1250 19 1116 1114
1251 19 1118 1117
1252 19 1119 1118
1253 19 1121 1120
1254 19 1124 1123
1255 19 1125 973
1256 19 1127 973
1257 19 1129 1128
1258 19 1130 976
1259 19 1132 1131
1260 19 1135 1134
1261 19 1136 979
1262 19 1138 1137
1263 19 1139 985
1264 19 1141 1140
1265 19 1143 1142
1266 19 B 989
1267 20 1145 1144
1268 20 1147 1146
1269 20 1144 1148
1270 20 1146 1149
1271 20 1150 1145
1272 20 1151 1147
1273 20 1153 1152
1274 20 1152 1154
1275 20 1155 1153
1276 20 1148 1156
1277 20 1149 1157
1278 20 1154 1158
1279 20 1160 1159
1280 20 1159 1161
1281 20 1162 1160
1282 20 1161 1163
1283 20 1156 1164
1284 20 1157 1165
1285 20 1158 1166
1286 20 1163 1167
1287 20 1169 1168
1288 20 1168 1170
1289 20 1171 1169
1290 20 1170 1172
1291 20 1172 1173
1292 20 1164 1174
1293 20 1165 1175
1294 20 1166 1176
1295 20 1167 1177
1296 20 1173 1178
1297 20 1029 1179
1298 20 1028 1180
1299 20 837 1181
1300 20 1030 1182
1301 20 1031 1183
1302 20 1032 1183
1303 20 1185 1184
1304 20 1184 1186
1305 20 1187 1185
1306 20 1186 1188
1307 20 1188 1189
1308 20 1189 1173
1309 20 1191 1190
1310 20 1193 1192
1311 20 1195 1194
1312 20 1197 1196
1313 20 1199 1198
1314 20 1201 1200
1315 20 1203 1202
1316 20 1205 1204
1317 20 1207 1206
1318 20 1209 1208
1319 20 1211 1210
1320 20 1213 1212
1321 20 1215 1214
1322 20 1217 1216
1323 20 1219 1218
1324 20 1221 1220
1325 20 1223 1222
1326 20 1225 1224
1327 20 B 1226
1328 20 B 1227
1329 20 B 1228
1330 20 B 1229
1331 20 B 1230
1332 20 B 1231
1333 20 1233 1232
1334 20 1235 1234
1335 20 1237 1236
1336 20 B 1238
1337 20 1240 1239
1338 20 1242 1241
1339 20 1244 1243
1340 20 1246 1245
1341 20 1248 1247
1342 20 1250 1249
1343 20 B 1251
1344 20 B 1252
1345 20 1122 1253
1346 20 1255 1254
1347 20 1126 1253
1348 20 1256 1254
1349 20 1258 1257
1350 20 1133 1259
1351 20 1261 1260
1352 20 1263 1262
1353 20 B 1264
1354 20 1266 1265
1355 21 1268 1267
1356 21 1270 1269
1357 21 1272 1271
1358 21 1273 1268
1359 21 1274 1270
1360 21 1275 1272
1361 21 1277 1276
1362 21 1278 1277
1363 21 1279 1273
1364 21 1280 1274
1365 21 1281 1275
1366 21 1282 1278
1367 21 1284 1283
1368 21 1285 1284
1369 21 1286 1285
1370 21 1287 1279
1371 21 1288 1280
1372 21 1289 1281
1373 21 1290 1282
1374 21 1291 1286
1375 21 1293 1292
1376 21 1294 1293
1377 21 1295 1294
1378 21 1296 1295
1379 21 B 1297
1380 21 1298 1270
1381 21 B 1299
1382 21 1297 1267
1383 21 B 1298
1384 21 1300 1278
1385 21 B 1300
1386 21 1301 1286
1387 21 B 1301
1388 21 1302 1296
1389 21 1303 1287
1390 21 1304 1288
1391 21 1305 1289
1392 21 1306 1290
1393 21 1307 1291
1394 21 1308 1296
1395 21 1310 1309
1396 21 1313 1312
1397 21 1315 1310
1398 21 1316 1313
1399 21 1318 1317
1400 21 1320 1318
1401 21 1321 1315
1402 21 1322 1310
1403 21 1323 1316
1404 21 1324 1313
1405 21 1310 1311
1406 21 1313 1314
1407 21 1325 1320
1408 21 1326 1318
1409 21 1318 1319
1410 21 1328 1327
1411 21 1330 1328
1412 21 1331 1330
1413 21 1332 1328
1414 21 1328 1329
1415 21 1333 1321
1416 21 1334 1323
1417 21 1335 1325
1418 21 1336 1331
1419 21 1337 1333
1420 21 1338 1321
1421 21 1339 1334
1422 21 1340 1323
1423 21 1321 1322
1424 21 1323 1324
1425 21 1341 1335
1426 21 1342 1325
1427 21 1325 1326
1428 21 1343 1336
1429 21 1344 1331
1430 21 1331 1332
1431 21 B 1302
1432 21 1345 1337
1433 21 1346 1296
1434 21 B 1347
1435 21 B 1291
1436 21 1348 1286
1437 21 B 1348
1438 21 B 1349
1439 21 B 1286
1440 21 1347 1323
1441 21 1349 1278
1442 21 B 1350
1443 21 B 1282
1444 21 B 1351
1445 21 B 1278
1446 21 B 1274
1447 21 1351 1270
1448 21 B 1352
1449 21 B 1270
1450 21 1350 1318
1451 21 1352 1267
1452 21 B 1353
1453 21 B 1268
1454 21 B 1354
1455 21 B 1267
1456 21 B 1271
1457 22 1356 1355
1458 22 1269 1267
1459 22 1355 1357
1460 22 1267 1271
1461 22 1359 1358
1462 22 1358 1360
1463 22 1361 1356
1464 22 1276 1269
1465 22 1362 1359
1466 22 1364 1363
1467 22 1363 1365
1468 22 1366 1364
1469 22 1367 1361
1470 22 1283 1276
1471 22 1368 1362
1472 22 1369 1366
1473 22 1371 1370
1474 22 1370 1372
1475 22 1373 1371
1476 22 1374 1373
1477 22 1375 1367
1478 22 1292 1283
1479 22 1376 1368
1480 22 1377 1369
1481 22 1378 1374
1482 22 1380 1379
1483 22 1382 1381
1484 22 1384 1383
1485 22 1386 1385
1486 22 1388 1387
1487 22 1390 1389
1488 22 1389 1391
1489 22 1392 1390
1490 22 1393 1392
1491 22 1394 1393
1492 22 1395 1375
1493 22 1311 1292
1494 22 B 1396
1495 22 B 1314
1496 22 1397 1376
1497 22 B 1398
1498 22 1396 1361
1499 22 1314 1276
1500 22 B 1399
1501 22 B 1319
1502 22 1398 1362
1503 22 B 1400
1504 22 1401 1377
1505 22 1402 1376
1506 22 B 1403
1507 22 B 1404
1508 22 1405 1375
1509 22 B 1406
1510 22 1403 1366
1511 22 1404 1362
1512 22 B 1407
1513 22 B 1408
1514 22 1406 1361
1515 22 B 1409
1516 22 1399 1355
1517 22 1319 1267
1518 22 B 1410
1519 22 B 1329
1520 22 1400 1358
1521 22 B 1411
1522 22 1407 1363
1523 22 1408 1358
1524 22 B 1412
1525 22 B 1413
1526 22 1409 1355
1527 22 B 1414
1528 22 1415 1378
1529 22 B 1416
1530 22 1416 1373
1531 22 B 1417
1532 22 1417 1370
1533 22 B 1418
1534 22 1419 1394
1535 22 1420 1378
1536 22 B 1421
1537 22 B 1422
1538 22 1423 1377
1539 22 B 1424
1540 22 1421 1392
1541 22 1422 1373
1542 22 B 1425
1543 22 B 1426
1544 22 1424 1366
1545 22 B 1427
1546 22 1425 1389
1547 22 1426 1370
1548 22 B 1428
1549 22 B 1429
1550 22 1427 1363
1551 22 B 1430
1552 22 1432 1431
1553 22 1419 1433
1554 22 B 1434
1555 22 1433 1435
1556 22 1378 1436
1557 22 1439 1438
1558 22 1440 1385
1559 22 1403 1441
1560 22 B 1442
1561 22 1436 1443
1562 22 1369 1441
1563 22 1445 1444
1564 22 1441 1446
1565 22 1362 1447
1566 22 1449 1448
1567 22 1450 1379
1568 22 1399 1451
1569 22 B 1452
1570 22 1447 1453
1571 22 1356 1451
1572 22 1455 1454
1573 22 1451 1456
1574 22 1267 1354
1575 23 1458 1457
1576 23 1460 1459
1577 23 1457 1461
1578 23 1459 1462
1579 23 1464 1463
1580 23 1463 1465
1581 23 1271 1357
1582 23 1357 1360
1583 23 1461 1466
1584 23 1462 1467
1585 23 1465 1468
1586 23 1360 1365
1587 23 1470 1469
1588 23 1469 1471
1589 23 1471 1472
1590 23 1466 1473
1591 23 1467 1474
1592 23 1468 1475
1593 23 1365 1372
1594 23 1472 1476
1595 23 1478 1477
1596 23 1477 1479
1597 23 1479 1480
1598 23 1480 1481
1599 23 1457 1482
1600 23 1465 1484
1601 23 1460 1483
1602 23 1472 1485
1603 23 1481 1486
1604 23 1473 1487
1605 23 1474 1488
1606 23 1475 1489
1607 23 1372 1391
1608 23 1476 1490
1609 23 1481 1491
1610 23 1493 1492
1611 23 1495 1494
1612 23 1492 1496
1613 23 1494 1497
1614 23 1499 1498
1615 23 1501 1500
1616 23 1498 1502
1617 23 1500 1503
1618 23 1505 1504
1619 23 1507 1506
1620 23 1508 1505
1621 23 1509 1507
1622 23 1511 1510
1623 23 1513 1512
1624 23 1514 1511
1625 23 1515 1513
1626 23 1517 1516
1627 23 1519 1518
1628 23 1516 1520
1629 23 1518 1521
1630 23 1523 1522
1631 23 1525 1524
1632 23 1526 1523
1633 23 1527 1525
1634 23 1504 1528
1635 23 1506 1529
1636 23 1510 1530
1637 23 1512 1531
1638 23 1522 1532
1639 23 1524 1533
1640 23 1535 1534
1641 23 1537 1536
1642 23 1538 1535
1643 23 1539 1537
1644 23 1541 1540
1645 23 1543 1542
1646 23 1544 1541
1647 23 1545 1543
1648 23 1547 1546
1649 23 1549 1548
1650 23 1550 1547
1651 23 1551 1549
1652 23 1553 1552
1653 23 1556 1555
1654 23 1557 1437
1655 23 1559 1558
1656 23 1562 1561
1657 23 1563 1438
1658 23 1565 1564
1659 23 1566 1444
1660 23 1568 1567
1661 23 1571 1570
1662 23 1572 1448
1663 23 1574 1573
1664 23 B 1454
1665 24 1576 1575
1666 24 1578 1577
1667 24 1575 1579
1668 24 1577 1580
1669 24 1581 1576
1670 24 1582 1578
1671 24 1584 1583
1672 24 1583 1585
1673 24 1586 1584
1674 24 1579 1587
1675 24 1580 1588
1676 24 1585 1589
1677 24 1591 1590
1678 24 1590 1592
1679 24 1593 1591
1680 24 1592 1594
1681 24 1587 1595
1682 24 1588 1596
1683 24 1589 1597
1684 24 1594 1598
1685 24 1483 1599
1686 24 1482 1600
1687 24 1299 1601
1688 24 1484 1602
1689 24 1485 1603
1690 24 1605 1604
1691 24 1604 1606
1692 24 1607 1605
1693 24 1606 1608
1694 24 1608 1609
1695 24 1611 1610
1696 24 1613 1612
1697 24 1615 1614
1698 24 1617 1616
1699 24 1619 1618
1700 24 1621 1620
1701 24 1623 1622
1702 24 1625 1624
1703 24 1627 1626
1704 24 1629 1628
1705 24 1631 1630
1706 24 1633 1632
1707 24 1635 1634
1708 24 1637 1636
1709 24 1639 1638
1710 24 1641 1640
1711 24 1643 1642
1712 24 1645 1644
1713 24 1647 1646
1714 24 1649 1648
1715 24 1651 1650
1716 24 1554 1652
1717 24 1654 1653
1718 24 1560 1655
1719 24 1657 1656
1720 24 1659 1658
1721 24 1569 1660
1722 24 1662 1661
1723 24 1664 1663
1724 25 1666 1665
1725 25 1668 1667
1726 25 1670 1669
1727 25 1671 1666
1728 25 1672 1668
1729 25 1673 1670
1730 25 1675 1674
1731 25 1676 1675
1732 25 1677 1671
1733 25 1678 1672
1734 25 1679 1673
1735 25 1680 1676
1736 25 1682 1681
1737 25 1683 1682
1738 25 1684 1683
1739 25 B 1685
1740 25 1686 1668
1741 25 B 1687
1742 25 1685 1665
1743 25 B 1686
1744 25 1688 1676
1745 25 B 1688
1746 25 1689 1684
1747 25 1690 1677
1748 25 1691 1678
1749 25 1692 1679
1750 25 1693 1680
1751 25 1694 1684
1752 25 1696 1695
1753 25 1698 1697
1754 25 1699 1696
1755 25 1700 1695
1756 25 1701 1698
1757 25 1702 1697
1758 25 1704 1703
1759 25 1705 1704
1760 25 1706 1703
1761 25 1707 1699
1762 25 1708 1701
1763 25 1709 1705
1764 25 1710 1707
1765 25 1711 1699
1766 25 1712 1708
1767 25 1713 1701
1768 25 1699 1700
1769 25 1701 1702
1770 25 1714 1709
1771 25 1715 1705
1772 25 1705 1706
1773 25 B 1689
1774 25 1716 1710
1775 25 1717 1684
1776 25 B 1718
1777 25 B 1680
1778 25 1719 1676
1779 25 B 1719
1780 25 B 1720
1781 25 B 1676
1782 25 1718 1701
1783 25 1720 1668
1784 25 B 1721
1785 25 B 1672
1786 25 B 1722
1787 25 B 1668
1788 25 B 1666
1789 25 1722 1665
1790 25 B 1723
1791 25 B 1665
1792 25 1721 1703
1793 25 B 1669
1794 26 1725 1724
1795 26 1667 1665
1796 26 1724 1726
1797 26 1665 1669
1798 26 1728 1727
1799 26 1727 1729
1800 26 1730 1725
1801 26 1674 1667
1802 26 1731 1728
1803 26 1733 1732
1804 26 1732 1734
1805 26 1735 1733
1806 26 1736 1730
1807 26 1681 1674
1808 26 1737 1731
1809 26 1738 1735
1810 26 1740 1739
1811 26 1742 1741
1812 26 1744 1743
1813 26 1746 1745
1814 26 1748 1747
1815 26 1747 1749
1816 26 1750 1748
1817 26 1751 1750
1818 26 1752 1736
1819 26 1695 1681
1820 26 B 1753
1821 26 B 1697
1822 26 1754 1737
1823 26 1755 1736
1824 26 B 1756
1825 26 B 1757
1826 26 1753 1725
1827 26 1697 1667
1828 26 B 1758
1829 26 B 1703
1830 26 1756 1728
1831 26 1757 1725
1832 26 B 1759
1833 26 B 1760
1834 26 1761 1738
1835 26 B 1762
1836 26 1762 1733
1837 26 B 1763
1838 26 1758 1726
1839 26 1703 1669
1840 26 1759 1729
1841 26 1760 1726
1842 26 1763 1734
1843 26 1764 1751
1844 26 1765 1738
1845 26 B 1766
1846 26 B 1767
1847 26 1768 1737
1848 26 B 1769
1849 26 1766 1748
1850 26 1767 1733
1851 26 B 1770
1852 26 B 1771
1853 26 1769 1728
1854 26 B 1772
1855 26 1770 1749
1856 26 1771 1734
1857 26 1772 1729
1858 26 1774 1773
1859 26 1764 1775
1860 26 B 1776
1861 26 1775 1777
1862 26 1738 1778
1863 26 1781 1780
1864 26 1782 1743
1865 26 1756 1783
1866 26 B 1784
1867 26 1778 1785
1868 26 1731 1783
1869 26 1787 1786
1870 26 1783 1788
1871 26 1725 1789
1872 26 1791 1790
1873 26 1792 1741
1874 26 1703 1723
1875 26 1789 1793
1876 26 1665 1723
1877 27 1795 1794
1878 27 1797 1796
1879 27 1794 1798
1880 27 1796 1799
1881 27 1801 1800
1882 27 1800 1802
1883 27 1669 1726
1884 27 1726 1729
1885 27 1798 1803
1886 27 1799 1804
1887 27 1802 1805
1888 27 1729 1734
1889 27 1807 1806
1890 27 1806 1808
1891 27 1808 1809
1892 27 1794 1810
1893 27 1802 1812
1894 27 1797 1811
1895 27 1809 1813
1896 27 1803 1814
1897 27 1804 1815
1898 27 1805 1816
1899 27 1734 1749
1900 27 1809 1817
1901 27 1819 1818
1902 27 1821 1820
1903 27 1823 1822
1904 27 1825 1824
1905 27 1819 1823
1906 27 1821 1825
1907 27 1827 1826
1908 27 1829 1828
1909 27 1831 1830
1910 27 1833 1832
1911 27 1827 1831
1912 27 1829 1833
1913 27 1822 1834
1914 27 1824 1835
1915 27 1830 1836
1916 27 1832 1837
1917 27 1839 1838
1918 27 1841 1840
1919 27 1839 1841
1920 27 1840 1842
1921 27 1844 1843
1922 27 1846 1845
1923 27 1847 1844
1924 27 1848 1846
1925 27 1850 1849
1926 27 1852 1851
1927 27 1853 1850
1928 27 1854 1852
1929 27 1856 1855
1930 27 1857 1856
1931 27 1859 1858
1932 27 1862 1861
1933 27 1863 1779
1934 27 1865 1864
1935 27 1868 1867
1936 27 1869 1780
1937 27 1871 1870
1938 27 1872 1786
1939 27 1874 1873
1940 27 1876 1875
1941 27 B 1790
1942 28 1878 1877
1943 28 1880 1879
1944 28 1877 1881
1945 28 1879 1882
1946 28 1883 1878
1947 28 1884 1880
1948 28 1886 1885
1949 28 1885 1887
1950 28 1888 1886
1951 28 1881 1889
1952 28 1882 1890
1953 28 1887 1891
1954 28 1811 1892
1955 28 1810 1893
1956 28 1687 1894
1957 28 1812 1895
1958 28 1897 1896
1959 28 1896 1898
1960 28 1899 1897
1961 28 1898 1900
1962 28 1902 1901
1963 28 1904 1903
1964 28 1906 1905
1965 28 1908 1907
1966 28 1910 1909
1967 28 1912 1911
1968 28 1914 1913
1969 28 1916 1915
1970 28 B 1917
1971 28 B 1918
1972 28 B 1919
1973 28 B 1920
1974 28 1922 1921
1975 28 1924 1923
1976 28 1926 1925
1977 28 1928 1927
1978 28 B 1929
1979 28 B 1930
1980 28 1860 1931
1981 28 1933 1932
1982 28 1866 1934
1983 28 1936 1935
1984 28 1938 1937
1985 28 B 1939
1986 28 1941 1940
1987 29 1943 1942
1988 29 1945 1944
1989 29 1947 1946
1990 29 1948 1943
1991 29 1949 1945
1992 29 1950 1947
1993 29 1952 1951
1994 29 1953 1952
1995 29 B 1954
1996 29 1955 1945
1997 29 B 1956
1998 29 1954 1942
1999 29 B 1955
2000 29 1957 1953
2001 29 1958 1948
2002 29 1959 1949
2003 29 1960 1950
2004 29 1961 1953
2005 29 1963 1962
2006 29 1966 1965
2007 29 1968 1963
2008 29 1969 1966
2009 29 1971 1970
2010 29 1973 1971
2011 29 1974 1968
2012 29 1975 1963
2013 29 1976 1969
2014 29 1977 1966
2015 29 1963 1964
2016 29 1966 1967
2017 29 1978 1973
2018 29 1979 1971
2019 29 1971 1972
2020 29 B 1957
2021 29 1980 1974
2022 29 1981 1953
2023 29 B 1982
2024 29 B 1949
2025 29 1983 1945
2026 29 B 1983
2027 29 B 1984
2028 29 B 1945
2029 29 1982 1966
2030 29 1984 1942
2031 29 B 1985
2032 29 B 1943
2033 29 B 1986
2034 29 B 1942
2035 29 B 1946
2036 30 1988 1987
2037 30 1944 1942
2038 30 1987 1989
2039 30 1942 1946
2040 30 1991 1990
2041 30 1990 1992
2042 30 1993 1988
2043 30 1951 1944
2044 30 1994 1991
2045 30 1996 1995
2046 30 1998 1997
2047 30 2000 1999
2048 30 2002 2001
2049 30 2001 2003
2050 30 2004 2002
2051 30 2005 1993
2052 30 1964 1951
2053 30 B 2006
2054 30 B 1967
2055 30 2007 1994
2056 30 B 2008
2057 30 2006 1987
2058 30 1967 1942
2059 30 B 2009
2060 30 B 1972
2061 30 2008 1990
2062 30 B 2010
2063 30 2011 2004
2064 30 2012 1994
2065 30 B 2013
2066 30 B 2014
2067 30 2015 1993
2068 30 B 2016
2069 30 2013 2001
2070 30 2014 1990
2071 30 B 2017
2072 30 B 2018
2073 30 2016 1987
2074 30 B 2019
2075 30 2021 2020
2076 30 2011 2022
2077 30 B 2023
2078 30 2022 2024
2079 30 1994 2025
2080 30 2028 2027
2081 30 2029 1995
2082 30 2006 2030
2083 30 B 2031
2084 30 2025 2032
2085 30 1988 2030
2086 30 2034 2033
2087 30 2030 2035
2088 30 1942 1986
2089 31 2037 2036
2090 31 2039 2038
2091 31 2036 2040
2092 31 2038 2041
2093 31 2043 2042
2094 31 2042 2044
2095 31 1946 1989
2096 31 1989 1992
2097 31 2036 2045
2098 31 2044 2047
2099 31 2039 2046
2100 31 2040 2048
2101 31 2041 2049
2102 31 2044 2050
2103 31 1992 2003
2104 31 2052 2051
2105 31 2054 2053
2106 31 2051 2055
2107 31 2053 2056
2108 31 2058 2057
2109 31 2060 2059
2110 31 2057 2061
2111 31 2059 2062
2112 31 2064 2063
2113 31 2066 2065
2114 31 2067 2064
2115 31 2068 2066
2116 31 2070 2069
2117 31 2072 2071
2118 31 2073 2070
2119 31 2074 2072
2120 31 2076 2075
2121 31 2079 2078
2122 31 2080 2026
2123 31 2082 2081
2124 31 2085 2084
2125 31 2086 2027
2126 31 2088 2087
2127 31 B 2033
2128 32 2090 2089
2129 32 2092 2091
2130 32 2089 2093
2131 32 2091 2094
2132 32 2095 2090
2133 32 2096 2092
2134 32 2046 2097
2135 32 2045 2098
2136 32 1956 2099
2137 32 2101 2100
2138 32 2100 2102
2139 32 2103 2101
2140 32 2105 2104
2141 32 2107 2106
2142 32 2109 2108
2143 32 2111 2110
2144 32 2113 2112
2145 32 2115 2114
2146 32 2117 2116
2147 32 2119 2118
2148 32 2077 2120
2149 32 2122 2121
2150 32 2083 2123
2151 32 2125 2124
2152 32 2127 2126
2153 33 2129 2128
2154 33 2131 2130
2155 33 2133 2132
2156 33 B 2134
2157 33 2135 2131
2158 33 B 2136
2159 33 2134 2128
2160 33 2137 2129
2161 33 2138 2131
2162 33 2139 2133
2163 33 2141 2140
2164 33 2143 2142
2165 33 2144 2141
2166 33 2145 2140
2167 33 2146 2143
2168 33 2147 2142
2169 33 B 2135
2170 33 2148 2144
2171 33 2149 2131
2172 33 B 2150
2173 33 B 2129
2174 33 2151 2128
2175 33 B 2151
2176 33 B 2152
2177 33 B 2128
2178 33 2150 2142
2179 33 B 2132
2180 34 2154 2153
2181 34 2130 2128
2182 34 2153 2155
2183 34 2128 2132
2184 34 2157 2156
2185 34 2159 2158
2186 34 2161 2160
2187 34 2160 2162
2188 34 2163 2154
2189 34 2140 2130
2190 34 B 2164
2191 34 B 2142
2192 34 2165 2161
2193 34 2166 2154
2194 34 B 2167
2195 34 B 2168
2196 34 2164 2155
2197 34 2142 2132
2198 34 2167 2162
2199 34 2168 2155
2200 34 2170 2169
2201 34 2165 2171
2202 34 B 2172
2203 34 2171 2173
2204 34 2154 2174
2205 34 2177 2176
2206 34 2178 2158
2207 34 2142 2152
2208 34 2174 2179
2209 34 2128 2152
2210 35 2181 2180
2211 35 2183 2182
2212 35 2180 2184
2213 35 2132 2155
2214 35 2183 2185
2215 35 2180 2186
2216 35 2182 2187
2217 35 2189 2188
2218 35 2191 2190
2219 35 2193 2192
2220 35 2195 2194
2221 35 2189 2193
2222 35 2191 2195
2223 35 2197 2196
2224 35 2199 2198
2225 35 2197 2199
2226 35 2201 2200
2227 35 2204 2203
2228 35 2205 2175
2229 35 2207 2206
2230 35 2209 2208
2231 35 B 2176
2232 36 2211 2210
2233 36 2185 2212
2234 36 2213 2211
2235 36 2136 2214
2236 36 2216 2215
2237 36 2218 2217
2238 36 2220 2219
2239 36 2222 2221
2240 36 B 2223
2241 36 B 2224
2242 36 B 2225
2243 36 2202 2226
2244 36 2228 2227
2245 36 B 2229
2246 36 2231 2230
2247 37 B 2235
2248 37 2233 2232
2249 37 2236 2232
2250 37 2238 2237
2251 37 2241 2240
2252 37 B 2233
2253 37 2243 2238
2254 37 2244 2232
2255 37 B 2245
2256 37 B 2234
2257 37 B 2246
2258 38 2248 2247
2259 38 2232 2234
2260 38 2250 2249
2261 38 2239 2232
2262 38 B 2251
2263 38 B 2242
2264 38 2253 2252
2265 38 2250 2254
2266 38 B 2255
2267 38 2254 2256
2268 38 2232 2246
2269 39 2259 2258
2270 39 2261 2260
2271 39 2263 2262
2272 39 2265 2264
2273 39 2268 2267
2274 39 B 2257
2275 40 2235 2269
2276 40 2271 2270
2277 40 2266 2272
2278 40 2274 2273
2279 41 B 2275
2280 41 2277 2276
2281 42 2280 2279
2282 42 2276 2278
2283 43 2282 2281
2284 44 B 2283
2285 47 B 2284
2286 48 B 2285