1 1 B T
2 2 B T
3 2 T 1
4 2 B 1
5 3 B 2
6 3 2 3
7 3 T 1
8 3 3 1
9 3 B 4
10 3 4 1
11 3 2 4
12 3 B 1
13 4 6 5
14 4 3 6
15 4 7 6
16 4 T 6
17 4 8 6
18 4 9 5
19 4 B 6
20 4 B 10
21 4 B 11
22 4 4 6
23 4 10 6
24 4 12 6
25 5 B 16
26 5 14 13
27 5 17 13
28 5 18 5
29 5 20 19
30 5 B 14
31 5 22 18
32 5 23 13
33 5 B 19
34 5 B 15
35 5 B 24
36 6 26 25
37 6 13 15
38 6 28 27
39 6 B 13
40 6 B 29
41 6 B 21
42 6 31 30
43 6 28 32
44 6 B 33
45 6 32 34
46 6 13 24
47 7 37 36
48 7 39 38
49 7 41 40
50 7 43 42
51 7 46 45
52 7 B 35
53 8 16 47
54 8 49 48
55 8 44 50
56 8 52 51
57 9 B 53
58 9 55 54
59 10 58 57
60 10 54 56
61 11 60 59
62 12 B 61
63 15 B 62
64 16 B 63