1 1 B T
2 2 B T
3 2 T 1
4 2 B 1
5 3 B 2
6 3 2 3
7 3 3 1
8 3 T 1
9 3 B 4
10 3 4 1
11 3 2 4
12 3 B 1
13 4 6 5
14 4 7 6
15 4 8 6
16 4 1 7
17 4 B 1
18 4 3 6
19 4 T 6
20 4 9 5
21 4 4 6
22 4 B 10
23 4 B 11
24 4 10 6
25 4 12 6
26 5 14 13
27 5 13 5
28 5 16 15
29 5 16 14
30 5 17 16
31 5 B 17
32 5 B 18
33 5 18 13
34 5 B 19
35 5 20 5
36 5 21 20
37 5 22 21
38 5 23 20
39 5 17 22
40 5 B 22
41 5 22 23
42 5 24 13
43 5 B 21
44 5 B 14
45 5 B 24
46 5 B 13
47 5 B 25
48 5 B 15
49 6 27 26
50 6 5 13
51 6 26 28
52 6 13 15
53 6 26 29
54 6 29 30
55 6 5 27
56 6 B 5
57 6 30 31
58 6 33 32
59 6 33 34
60 6 B 35
61 6 B 36
62 6 B 20
63 6 35 26
64 6 B 27
65 6 B 37
66 6 B 38
67 6 36 29
68 6 B 39
69 6 37 30
70 6 38 29
71 6 B 31
72 6 B 40
73 6 20 26
74 6 B 41
75 6 36 28
76 6 20 15
77 6 38 28
78 6 39 31
79 6 40 31
80 6 41 30
81 6 36 32
82 6 35 42
83 6 B 43
84 6 42 44
85 6 27 42
86 6 46 45
87 6 46 47
88 6 36 34
89 6 20 25
90 6 42 48
91 6 13 25
92 7 50 49
93 7 52 51
94 7 49 53
95 7 51 54
96 7 56 55
97 7 55 49
98 7 15 28
99 7 28 30
100 7 53 54
101 7 54 57
102 7 30 31
103 7 B 56
104 7 57 31
105 7 49 58
106 7 52 59
107 7 B 60
108 7 60 61
109 7 62 61
110 7 64 63
111 7 66 65
112 7 56 64
113 7 62 66
114 7 63 67
115 7 65 68
116 7 70 69
117 7 72 71
118 7 73 70
119 7 74 72
120 7 76 75
121 7 77 69
122 7 76 77
123 7 69 78
124 7 79 31
125 7 80 79
126 7 82 81
127 7 85 84
128 7 86 45
129 7 87 45
130 7 89 88
131 7 91 90
132 7 B 47
133 8 93 92
134 8 95 94
135 8 92 96
136 8 94 97
137 8 98 93
138 8 99 95
139 8 101 100
140 8 100 94
141 8 102 101
142 8 96 103
143 8 97 96
144 8 104 101
145 8 31 104
146 8 B 31
147 8 59 105
148 8 58 105
149 8 19 106
150 8 107 103
151 8 108 96
152 8 109 96
153 8 111 110
154 8 113 112
155 8 115 114
156 8 117 116
157 8 119 118
158 8 B 120
159 8 B 121
160 8 B 122
161 8 B 123
162 8 B 124
163 8 B 125
164 8 71 123
165 8 83 126
166 8 128 127
167 8 129 127
168 8 B 130
169 8 132 131
170 9 134 133
171 9 136 135
172 9 138 137
173 9 139 134
174 9 140 136
175 9 141 138
176 9 143 142
177 9 136 143
178 9 144 139
179 9 139 140
180 9 145 141
181 9 142 103
182 9 145 144
183 9 146 145
184 9 B 147
185 9 148 136
186 9 B 149
187 9 147 133
188 9 B 148
189 9 B 146
190 9 150 103
191 9 151 150
192 9 153 152
193 9 155 153
194 9 153 151
195 9 154 150
196 9 156 155
197 9 157 153
198 9 153 154
199 9 159 158
200 9 161 159
201 9 162 161
202 9 163 159
203 9 159 160
204 9 164 156
205 9 146 162
206 9 162 164
207 9 163 156
208 9 156 157
209 9 B 162
210 9 162 163
211 9 165 153
212 9 166 136
213 9 B 165
214 9 B 140
215 9 B 166
216 9 B 136
217 9 B 167
218 9 167 133
219 9 B 168
220 9 B 134
221 9 B 169
222 9 B 133
223 9 B 137
224 10 171 170
225 10 135 133
226 10 170 172
227 10 133 137
228 10 174 173
229 10 173 175
230 10 176 171
231 10 142 135
232 10 177 174
233 10 179 178
234 10 178 180
235 10 174 179
236 10 181 176
237 10 103 142
238 10 176 177
239 10 178 182
240 10 182 183
241 10 103 181
242 10 B 103
243 10 185 184
244 10 187 186
245 10 185 188
246 10 183 189
247 10 B 190
248 10 B 191
249 10 190 176
250 10 B 142
251 10 B 192
252 10 B 154
253 10 191 177
254 10 B 193
255 10 B 181
256 10 B 194
257 10 B 195
258 10 B 150
259 10 194 174
260 10 195 177
261 10 B 196
262 10 B 197
263 10 150 176
264 10 B 198
265 10 192 170
266 10 154 133
267 10 B 199
268 10 B 160
269 10 193 173
270 10 B 200
271 10 196 178
272 10 197 173
273 10 B 201
274 10 B 202
275 10 198 170
276 10 B 203
277 10 193 179
278 10 B 204
279 10 204 182
280 10 B 205
281 10 197 179
282 10 B 206
283 10 B 207
284 10 198 174
285 10 B 208
286 10 206 183
287 10 207 182
288 10 B 189
289 10 B 209
290 10 208 178
291 10 B 210
292 10 211 188
293 10 194 212
294 10 B 213
295 10 212 214
296 10 177 212
297 10 216 215
298 10 216 217
299 10 211 184
300 10 192 218
301 10 B 219
302 10 212 220
303 10 171 218
304 10 222 221
305 10 218 223
306 10 133 169
307 11 225 224
308 11 227 226
309 11 224 228
310 11 226 229
311 11 231 230
312 11 230 232
313 11 137 172
314 11 172 175
315 11 228 233
316 11 229 234
317 11 232 235
318 11 175 180
319 11 237 236
320 11 236 238
321 11 238 232
322 11 233 239
323 11 234 240
324 11 235 233
325 11 180 183
326 11 242 241
327 11 241 236
328 11 224 243
329 11 232 245
330 11 227 244
331 11 239 240
332 11 240 246
333 11 183 189
334 11 B 242
335 11 B 247
336 11 247 248
337 11 250 249
338 11 252 251
339 11 249 253
340 11 251 254
341 11 255 249
342 11 257 256
343 11 242 255
344 11 258 257
345 11 260 259
346 11 262 261
347 11 263 260
348 11 264 262
349 11 266 265
350 11 268 267
351 11 265 269
352 11 267 270
353 11 272 271
354 11 274 273
355 11 275 272
356 11 276 274
357 11 256 254
358 11 259 277
359 11 261 278
360 11 271 279
361 11 273 280
362 11 281 271
363 11 283 282
364 11 284 281
365 11 285 283
366 11 287 286
367 11 289 288
368 11 290 287
369 11 291 289
370 11 293 292
371 11 296 295
372 11 297 215
373 11 298 215
374 11 300 299
375 11 303 302
376 11 304 217
377 11 306 305
378 11 B 221
379 12 308 307
380 12 310 309
381 12 307 311
382 12 309 312
383 12 313 308
384 12 314 310
385 12 316 315
386 12 315 317
387 12 318 316
388 12 311 319
389 12 312 320
390 12 317 321
391 12 323 322
392 12 322 324
393 12 325 323
394 12 324 317
395 12 319 326
396 12 320 327
397 12 321 320
398 12 244 328
399 12 243 329
400 12 149 330
401 12 245 329
402 12 332 331
403 12 331 322
404 12 333 332
405 12 335 334
406 12 336 326
407 12 338 337
408 12 340 339
409 12 342 341
410 12 344 343
411 12 346 345
412 12 348 347
413 12 350 349
414 12 352 351
415 12 354 353
416 12 356 355
417 12 357 339
418 12 359 358
419 12 361 360
420 12 363 362
421 12 365 364
422 12 367 366
423 12 369 368
424 12 294 370
425 12 372 371
426 12 373 371
427 12 301 374
428 12 376 375
429 12 378 377
430 13 380 379
431 13 382 381
432 13 384 383
433 13 385 380
434 13 386 382
435 13 387 384
436 13 389 388
437 13 390 389
438 13 391 385
439 13 392 386
440 13 393 387
441 13 394 390
442 13 396 395
443 13 397 396
444 13 390 397
445 13 B 398
446 13 399 382
447 13 B 400
448 13 398 379
449 13 B 399
450 13 401 390
451 13 B 401
452 13 402 391
453 13 403 392
454 13 404 393
455 13 392 394
456 13 406 405
457 13 408 407
458 13 409 406
459 13 410 405
460 13 411 408
461 13 412 407
462 13 414 413
463 13 415 414
464 13 416 413
465 13 417 409
466 13 418 411
467 13 419 415
468 13 411 417
469 13 412 409
470 13 420 418
471 13 421 411
472 13 409 410
473 13 411 412
474 13 422 419
475 13 423 415
476 13 415 416
477 13 424 411
478 13 425 390
479 13 B 424
480 13 B 394
481 13 B 425
482 13 B 426
483 13 B 390
484 13 426 382
485 13 B 427
486 13 B 386
487 13 B 428
488 13 B 382
489 13 B 380
490 13 428 379
491 13 B 429
492 13 B 379
493 13 427 413
494 13 B 383
495 14 431 430
496 14 381 379
497 14 430 432
498 14 379 383
499 14 434 433
500 14 433 435
501 14 436 431
502 14 388 381
503 14 437 434
504 14 439 438
505 14 438 440
506 14 441 439
507 14 442 436
508 14 395 388
509 14 443 437
510 14 444 441
511 14 446 445
512 14 448 447
513 14 450 449
514 14 450 451
515 14 453 452
516 14 452 454
517 14 455 453
518 14 441 455
519 14 456 442
520 14 405 395
521 14 B 457
522 14 B 407
523 14 458 443
524 14 459 442
525 14 B 460
526 14 B 461
527 14 457 431
528 14 407 381
529 14 B 462
530 14 B 413
531 14 460 434
532 14 461 431
533 14 B 463
534 14 B 464
535 14 465 444
536 14 B 466
537 14 466 439
538 14 B 467
539 14 462 432
540 14 413 383
541 14 463 435
542 14 464 432
543 14 467 440
544 14 468 441
545 14 469 444
546 14 B 470
547 14 B 471
548 14 472 443
549 14 B 473
550 14 470 453
551 14 471 439
552 14 B 474
553 14 B 475
554 14 473 434
555 14 B 476
556 14 474 454
557 14 475 440
558 14 476 435
559 14 477 451
560 14 468 478
561 14 B 479
562 14 478 480
563 14 444 478
564 14 483 482
565 14 477 449
566 14 460 484
567 14 B 485
568 14 478 486
569 14 437 484
570 14 488 487
571 14 484 489
572 14 431 490
573 14 492 491
574 14 493 447
575 14 413 429
576 14 490 494
577 14 379 429
578 15 496 495
579 15 498 497
580 15 495 499
581 15 497 500
582 15 502 501
583 15 501 503
584 15 383 432
585 15 432 435
586 15 499 504
587 15 500 505
588 15 503 506
589 15 435 440
590 15 508 507
591 15 507 509
592 15 509 510
593 15 495 511
594 15 503 513
595 15 498 512
596 15 510 514
597 15 504 515
598 15 505 516
599 15 506 517
600 15 440 454
601 15 510 518
602 15 520 519
603 15 522 521
604 15 524 523
605 15 526 525
606 15 520 524
607 15 522 526
608 15 528 527
609 15 530 529
610 15 532 531
611 15 534 533
612 15 528 532
613 15 530 534
614 15 523 535
615 15 525 536
616 15 531 537
617 15 533 538
618 15 540 539
619 15 542 541
620 15 540 542
621 15 541 543
622 15 545 544
623 15 547 546
624 15 548 545
625 15 549 547
626 15 551 550
627 15 553 552
628 15 554 551
629 15 555 553
630 15 557 556
631 15 558 557
632 15 560 559
633 15 563 562
634 15 564 481
635 15 566 565
636 15 569 568
637 15 570 482
638 15 572 571
639 15 573 487
640 15 575 574
641 15 577 576
642 15 B 491
643 16 579 578
644 16 581 580
645 16 578 582
646 16 580 583
647 16 584 579
648 16 585 581
649 16 587 586
650 16 586 588
651 16 589 587
652 16 582 590
653 16 583 591
654 16 588 592
655 16 512 593
656 16 511 594
657 16 400 595
658 16 513 596
659 16 598 597
660 16 597 599
661 16 600 598
662 16 599 601
663 16 603 602
664 16 605 604
665 16 607 606
666 16 609 608
667 16 611 610
668 16 613 612
669 16 615 614
670 16 617 616
671 16 B 618
672 16 B 619
673 16 B 620
674 16 B 621
675 16 623 622
676 16 625 624
677 16 627 626
678 16 629 628
679 16 B 630
680 16 B 631
681 16 561 632
682 16 634 633
683 16 567 635
684 16 637 636
685 16 639 638
686 16 B 640
687 16 642 641
688 17 644 643
689 17 646 645
690 17 648 647
691 17 649 644
692 17 650 646
693 17 651 648
694 17 653 652
695 17 654 653
696 17 B 655
697 17 656 646
698 17 B 657
699 17 655 643
700 17 B 656
701 17 658 654
702 17 659 649
703 17 660 650
704 17 661 651
705 17 662 654
706 17 664 663
707 17 667 666
708 17 669 664
709 17 670 667
710 17 672 671
711 17 674 672
712 17 675 669
713 17 676 664
714 17 677 670
715 17 678 667
716 17 664 665
717 17 667 668
718 17 679 674
719 17 680 672
720 17 672 673
721 17 B 658
722 17 681 675
723 17 682 654
724 17 B 683
725 17 B 650
726 17 684 646
727 17 B 684
728 17 B 685
729 17 B 646
730 17 683 667
731 17 685 643
732 17 B 686
733 17 B 644
734 17 B 687
735 17 B 643
736 17 B 647
737 18 689 688
738 18 645 643
739 18 688 690
740 18 643 647
741 18 692 691
742 18 691 693
743 18 694 689
744 18 652 645
745 18 695 692
746 18 697 696
747 18 699 698
748 18 701 700
749 18 703 702
750 18 702 704
751 18 705 703
752 18 706 694
753 18 665 652
754 18 B 707
755 18 B 668
756 18 708 695
757 18 B 709
758 18 707 688
759 18 668 643
760 18 B 710
761 18 B 673
762 18 709 691
763 18 B 711
764 18 712 705
765 18 713 695
766 18 B 714
767 18 B 715
768 18 716 694
769 18 B 717
770 18 714 702
771 18 715 691
772 18 B 718
773 18 B 719
774 18 717 688
775 18 B 720
776 18 722 721
777 18 712 723
778 18 B 724
779 18 723 725
780 18 695 726
781 18 729 728
782 18 730 696
783 18 707 731
784 18 B 732
785 18 726 733
786 18 689 731
787 18 735 734
788 18 731 736
789 18 643 687
790 19 738 737
791 19 740 739
792 19 737 741
793 19 739 742
794 19 744 743
795 19 743 745
796 19 647 690
797 19 690 693
798 19 737 746
799 19 745 748
800 19 740 747
801 19 741 749
802 19 742 750
803 19 745 751
804 19 693 704
805 19 753 752
806 19 755 754
807 19 752 756
808 19 754 757
809 19 759 758
810 19 761 760
811 19 758 762
812 19 760 763
813 19 765 764
814 19 767 766
815 19 768 765
816 19 769 767
817 19 771 770
818 19 773 772
819 19 774 771
820 19 775 773
821 19 777 776
822 19 780 779
823 19 781 727
824 19 783 782
825 19 786 785
826 19 787 728
827 19 789 788
828 19 B 734
829 20 791 790
830 20 793 792
831 20 790 794
832 20 792 795
833 20 796 791
834 20 797 793
835 20 747 798
836 20 746 799
837 20 657 800
838 20 802 801
839 20 801 803
840 20 804 802
841 20 806 805
842 20 808 807
843 20 810 809
844 20 812 811
845 20 814 813
846 20 816 815
847 20 818 817
848 20 820 819
849 20 778 821
850 20 823 822
851 20 784 824
852 20 826 825
853 20 828 827
854 21 830 829
855 21 832 831
856 21 834 833
857 21 B 835
858 21 836 832
859 21 B 837
860 21 835 829
861 21 838 830
862 21 839 832
863 21 840 834
864 21 842 841
865 21 844 843
866 21 845 842
867 21 846 841
868 21 847 844
869 21 848 843
870 21 B 836
871 21 849 845
872 21 850 832
873 21 B 851
874 21 B 830
875 21 852 829
876 21 B 852
877 21 B 853
878 21 B 829
879 21 851 843
880 21 B 833
881 22 855 854
882 22 831 829
883 22 854 856
884 22 829 833
885 22 858 857
886 22 860 859
887 22 862 861
888 22 861 863
889 22 864 855
890 22 841 831
891 22 B 865
892 22 B 843
893 22 866 862
894 22 867 855
895 22 B 868
896 22 B 869
897 22 865 856
898 22 843 833
899 22 868 863
900 22 869 856
901 22 871 870
902 22 866 872
903 22 B 873
904 22 872 874
905 22 855 875
906 22 878 877
907 22 879 859
908 22 843 853
909 22 875 880
910 22 829 853
911 23 882 881
912 23 884 883
913 23 881 885
914 23 833 856
915 23 884 886
916 23 881 887
917 23 883 888
918 23 890 889
919 23 892 891
920 23 894 893
921 23 896 895
922 23 890 894
923 23 892 896
924 23 898 897
925 23 900 899
926 23 898 900
927 23 902 901
928 23 905 904
929 23 906 876
930 23 908 907
931 23 910 909
932 23 B 877
933 24 912 911
934 24 886 913
935 24 914 912
936 24 837 915
937 24 917 916
938 24 919 918
939 24 921 920
940 24 923 922
941 24 B 924
942 24 B 925
943 24 B 926
944 24 903 927
945 24 929 928
946 24 B 930
947 24 932 931
948 25 B 936
949 25 934 933
950 25 937 933
951 25 939 938
952 25 942 941
953 25 B 934
954 25 944 939
955 25 945 933
956 25 B 946
957 25 B 935
958 25 B 947
959 26 949 948
960 26 933 935
961 26 951 950
962 26 940 933
963 26 B 952
964 26 B 943
965 26 954 953
966 26 951 955
967 26 B 956
968 26 955 957
969 26 933 947
970 27 960 959
971 27 962 961
972 27 964 963
973 27 966 965
974 27 969 968
975 27 B 958
976 28 936 970
977 28 972 971
978 28 967 973
979 28 975 974
980 29 B 976
981 29 978 977
982 30 981 980
983 30 977 979
984 31 983 982
985 32 B 984
986 35 B 985
987 36 B 986