1 1 B T
2 1 T B
3 1 B B
4 1 B T
5 1 B T
6 1 T B
7 1 B T
8 1 T B
9 1 B B
10 1 B T
11 1 B T
12 1 T B
13 1 B T
14 1 T B
15 1 B B
16 1 B B
17 1 B B
18 1 B T
19 1 B B
20 1 B B
21 1 B T
22 1 T B
23 1 T B
24 1 B B
25 1 B T
26 1 T B
27 1 B T
28 1 T B
29 1 B B
30 1 B T
31 1 B T
32 1 T B
33 1 T B
34 1 B B
35 1 B T
36 1 T B
37 1 B B
38 1 B B
39 1 T B
40 1 B B
41 1 B B
42 1 B B
43 1 B B
44 1 B B
45 1 B B
46 1 B B
47 1 B B
48 1 B T
49 1 B B
50 1 B B
51 1 B T
52 1 T B
53 1 B T
54 1 T B
55 1 B B
56 1 B T
57 1 B T
58 1 T B
59 1 B B
60 1 B B
61 1 T B
62 1 B B
63 1 T B
64 1 B B
65 1 B B
66 1 B B
67 1 B B
68 1 B B
69 1 B T
70 1 T B
71 1 B B
72 1 B B
73 1 B B
74 1 B B
75 1 B B
76 1 B B
77 1 B B
78 1 B B
79 1 B B
80 1 B T
81 1 B B
82 1 B B
83 1 B B
84 1 B B
85 1 B B
86 1 B B
87 1 B B
88 1 B B
89 1 B T
90 1 B B
91 1 B B
92 1 B B
93 1 B B
94 1 B B
95 1 B B
96 1 B B
97 1 B B
98 1 B B
99 1 B T
100 1 B B
101 1 T B
102 1 B B
103 1 B T
104 1 B B
105 1 B B
106 1 B B
107 1 B T
108 1 B B
109 1 B B
110 1 B B
111 1 B B
112 1 B B
113 1 B B
114 1 B T
115 1 B B
116 1 B B
117 1 B B
118 1 B B
119 1 T B
120 1 B B
121 1 B B
122 1 B T
123 1 B T
124 1 B B
125 1 B B
126 1 B B
127 1 B T
128 1 B B
129 1 B B
130 1 B B
131 1 T B
132 1 B B
133 1 B B
134 1 B B
135 1 B B
136 1 B B
137 1 B T
138 1 B B
139 1 B T
140 1 B B
141 1 B B
142 1 B B
143 1 B B
144 1 B B
145 1 B T
146 1 B B
147 1 B T
148 1 B B
149 1 B T
150 1 B B
151 1 B T
152 1 B B
153 1 B T
154 1 B B
155 1 B B
156 1 B B
157 1 B B
158 1 B B
159 1 B T
160 1 B B
161 1 B T
162 1 B B
163 1 B T
164 1 B B
165 1 B T
166 1 B B
167 1 B T
168 1 B B
169 1 B B
170 1 B B
171 2 2 1
172 2 4 3
173 2 6 5
174 2 8 7
175 2 10 9
176 2 12 11
177 2 14 13
178 2 16 15
179 2 18 17
180 2 20 19
181 2 22 21
182 2 24 23
183 2 4 3
184 2 14 13
185 2 8 7
186 2 10 9
187 2 26 25
188 2 28 27
189 2 30 29
190 2 32 31
191 2 22 21
192 2 24 23
193 2 34 33
194 2 36 35
195 2 38 37
196 2 34 33
197 2 40 39
198 2 28 27
199 2 42 41
200 2 44 43
201 2 46 45
202 2 16 15
203 2 18 17
204 2 20 19
205 2 48 47
206 2 50 49
207 2 36 35
208 2 30 29
209 2 38 37
210 2 40 39
211 2 52 51
212 2 54 53
213 2 56 55
214 2 58 57
215 2 60 59
216 2 62 61
217 2 64 63
218 2 66 65
219 2 60 59
220 2 68 67
221 2 64 63
222 2 70 69
223 2 62 61
224 2 54 53
225 2 66 65
226 2 68 67
227 2 72 71
228 2 74 73
229 2 76 75
230 2 78 77
231 2 80 79
232 2 82 81
233 2 84 83
234 2 86 85
235 2 88 87
236 2 90 89
237 2 92 91
238 2 94 93
239 2 96 95
240 2 98 97
241 2 78 77
242 2 80 79
243 2 82 81
244 2 100 99
245 2 102 101
246 2 104 103
247 2 90 89
248 2 92 91
249 2 94 93
250 2 106 105
251 2 108 107
252 2 110 109
253 2 98 97
254 2 112 111
255 2 114 113
256 2 116 115
257 2 118 117
258 2 120 119
259 2 122 121
260 2 124 123
261 2 126 125
262 2 128 127
263 2 120 119
264 2 122 121
265 2 124 123
266 2 130 129
267 2 132 131
268 2 134 133
269 2 128 127
270 2 136 135
271 2 138 137
272 2 140 139
273 2 142 141
274 2 144 143
275 2 146 145
276 2 148 147
277 2 150 149
278 2 152 151
279 2 154 153
280 2 156 155
281 2 158 157
282 2 160 159
283 2 154 153
284 2 162 161
285 2 152 151
286 2 164 163
287 2 166 165
288 2 164 163
289 2 166 165
290 2 168 167
291 2 158 157
292 2 170 169
293 3 B 171
294 3 173 172
295 3 174 B
296 3 175 B
297 3 176 B
298 3 177 172
299 3 179 178
300 3 180 B
301 3 182 181
302 3 184 183
303 3 185 B
304 3 186 B
305 3 B 173
306 3 187 179
307 3 188 175
308 3 189 180
309 3 B 176
310 3 190 186
311 3 192 191
312 3 193 177
313 3 194 179
314 3 195 182
315 3 196 184
316 3 197 185
317 3 198 186
318 3 200 199
319 3 201 B
320 3 203 202
321 3 204 B
322 3 205 200
323 3 206 201
324 3 207 203
325 3 208 204
326 3 209 192
327 3 210 174
328 3 B 187
329 3 211 205
330 3 212 189
331 3 213 206
332 3 B 190
333 3 214 208
334 3 215 193
335 3 216 194
336 3 217 188
337 3 218 195
338 3 219 196
339 3 220 197
340 3 221 198
341 3 222 205
342 3 223 207
343 3 224 208
344 3 225 209
345 3 226 210
346 3 228 227
347 3 229 B
348 3 231 230
349 3 232 B
350 3 233 228
351 3 235 234
352 3 236 231
353 3 238 237
354 3 239 227
355 3 229 B
356 3 240 230
357 3 232 B
358 3 242 241
359 3 243 B
360 3 245 244
361 3 246 B
362 3 247 242
363 3 249 248
364 3 250 245
365 3 252 251
366 3 253 241
367 3 243 B
368 3 254 244
369 3 246 B
370 3 255 233
371 3 257 256
372 3 258 236
373 3 260 259
374 3 261 228
375 3 235 229
376 3 262 231
377 3 238 232
378 3 263 247
379 3 265 264
380 3 266 250
381 3 268 267
382 3 269 242
383 3 249 243
384 3 270 245
385 3 252 246
386 3 B 211
387 3 271 255
388 3 272 213
389 3 274 273
390 3 B 275
391 3 B 194
392 3 276 205
393 3 277 189
394 3 213 206
395 3 B B
396 3 B 278
397 3 B 279
398 3 B 208
399 3 280 233
400 3 257 235
401 3 281 236
402 3 260 238
403 3 B 173
404 3 282 242
405 3 283 175
406 3 249 248
407 3 B 284
408 3 B 177
409 3 285 179
410 3 189 180
411 3 B B
412 3 B 286
413 3 B 287
414 3 B 186
415 3 B 191
416 3 288 172
417 3 289 B
418 3 175 B
419 3 B 290
420 3 B B
421 3 291 247
422 3 265 249
423 3 292 250
424 3 268 252
425 4 294 293
426 4 296 295
427 4 297 B
428 4 299 298
429 4 300 296
430 4 302 301
431 4 304 303
432 4 306 305
433 4 308 307
434 4 310 309
435 4 298 311
436 4 301 B
437 4 303 B
438 4 313 312
439 4 315 314
440 4 317 316
441 4 318 299
442 4 319 300
443 4 320 302
444 4 321 304
445 4 322 313
446 4 323 308
447 4 324 315
448 4 325 317
449 4 312 326
450 4 307 327
451 4 314 B
452 4 316 B
453 4 329 328
454 4 331 330
455 4 333 332
456 4 335 334
457 4 330 336
458 4 338 337
459 4 340 339
460 4 341 335
461 4 342 338
462 4 343 340
463 4 334 344
464 4 336 345
465 4 337 B
466 4 339 B
467 4 346 318
468 4 347 319
469 4 B 348
470 4 B 349
471 4 350 322
472 4 351 323
473 4 B 352
474 4 B 353
475 4 354 318
476 4 355 319
477 4 B 356
478 4 B 357
479 4 358 298
480 4 359 296
481 4 B 360
482 4 B 361
483 4 362 312
484 4 363 307
485 4 B 364
486 4 B 365
487 4 366 298
488 4 367 296
489 4 B 368
490 4 B 369
491 4 370 341
492 4 371 331
493 4 B 372
494 4 B 373
495 4 374 322
496 4 375 323
497 4 B 376
498 4 B 377
499 4 378 334
500 4 379 336
501 4 B 380
502 4 B 381
503 4 382 312
504 4 383 307
505 4 B 384
506 4 B 385
507 4 387 386
508 4 389 388
509 4 B 390
510 4 392 391
511 4 394 393
512 4 396 395
513 4 398 397
514 4 399 341
515 4 400 331
516 4 B 401
517 4 B 402
518 4 404 403
519 4 406 405
520 4 B 407
521 4 409 408
522 4 410 405
523 4 412 411
524 4 414 413
525 4 416 415
526 4 418 417
527 4 419 B
528 4 420 B
529 4 421 334
530 4 422 336
531 4 B 423
532 4 B 424
533 5 426 425
534 5 427 B
535 5 429 428
536 5 431 430
537 5 433 432
538 5 434 B
539 5 426 435
540 5 437 436
541 5 429 428
542 5 431 430
543 5 426 425
544 5 427 B
545 5 433 438
546 5 440 439
547 5 442 441
548 5 444 443
549 5 446 445
550 5 448 447
551 5 442 441
552 5 444 443
553 5 426 435
554 5 437 436
555 5 450 449
556 5 452 451
557 5 454 453
558 5 455 B
559 5 433 438
560 5 440 439
561 5 446 445
562 5 448 447
563 5 433 432
564 5 434 B
565 5 457 456
566 5 459 458
567 5 454 460
568 5 462 461
569 5 464 463
570 5 466 465
571 5 450 449
572 5 452 451
573 5 468 467
574 5 470 469
575 5 472 471
576 5 474 473
577 5 476 475
578 5 478 477
579 5 480 479
580 5 482 481
581 5 484 483
582 5 486 485
583 5 488 487
584 5 490 489
585 5 492 491
586 5 494 493
587 5 468 467
588 5 470 469
589 5 496 495
590 5 498 497
591 5 500 499
592 5 502 501
593 5 480 479
594 5 482 481
595 5 504 503
596 5 506 505
597 5 496 495
598 5 498 497
599 5 504 503
600 5 506 505
601 5 508 507
602 5 509 B
603 5 511 510
604 5 513 512
605 5 472 471
606 5 474 473
607 5 515 514
608 5 517 516
609 5 519 518
610 5 520 B
611 5 511 510
612 5 513 512
613 5 522 521
614 5 524 523
615 5 522 521
616 5 524 523
617 5 526 525
618 5 528 527
619 5 515 514
620 5 517 516
621 5 530 529
622 5 532 531
623 5 519 518
624 5 520 B
625 5 526 525
626 5 528 527
627 6 534 533
628 6 536 535
629 6 538 537
630 6 540 539
631 6 542 541
632 6 544 543
633 6 546 545
634 6 548 547
635 6 550 549
636 6 552 551
637 6 554 553
638 6 556 555
639 6 536 535
640 6 546 545
641 6 540 539
642 6 542 541
643 6 558 557
644 6 560 559
645 6 562 561
646 6 564 563
647 6 554 553
648 6 556 555
649 6 566 565
650 6 568 567
651 6 570 569
652 6 566 565
653 6 572 571
654 6 560 559
655 6 574 573
656 6 576 575
657 6 578 577
658 6 580 579
659 6 582 581
660 6 584 583
661 6 586 585
662 6 588 587
663 6 590 589
664 6 592 591
665 6 594 593
666 6 596 595
667 6 598 597
668 6 600 599
669 6 580 579
670 6 582 581
671 6 584 583
672 6 570 569
673 6 592 591
674 6 572 571
675 6 594 593
676 6 596 595
677 6 600 599
678 6 602 601
679 6 604 603
680 6 606 605
681 6 608 607
682 6 610 609
683 6 612 611
684 6 614 613
685 6 616 615
686 6 618 617
687 6 620 619
688 6 622 621
689 6 624 623
690 6 618 617
691 6 616 615
692 6 626 625
693 6 622 621
694 7 B 627
695 7 629 628
696 7 630 B
697 7 631 B
698 7 632 B
699 7 633 628
700 7 635 634
701 7 636 B
702 7 638 637
703 7 640 639
704 7 641 B
705 7 642 B
706 7 B 629
707 7 643 635
708 7 644 631
709 7 645 636
710 7 B 632
711 7 646 642
712 7 648 647
713 7 649 633
714 7 650 635
715 7 651 638
716 7 652 640
717 7 653 641
718 7 654 642
719 7 656 655
720 7 657 B
721 7 659 658
722 7 660 B
723 7 661 656
724 7 663 662
725 7 664 659
726 7 666 665
727 7 667 655
728 7 657 B
729 7 668 658
730 7 660 B
731 7 670 669
732 7 671 B
733 7 672 648
734 7 673 670
735 7 674 630
736 7 676 675
737 7 677 669
738 7 671 B
739 7 B 643
740 7 678 661
741 7 679 645
742 7 681 680
743 7 B 682
744 7 B 633
745 7 683 635
746 7 684 631
747 7 645 636
748 7 B B
749 7 B 685
750 7 B 686
751 7 B 642
752 7 687 656
753 7 663 657
754 7 688 659
755 7 666 660
756 7 B 627
757 7 689 669
758 7 690 B
759 7 671 B
760 7 B 647
761 7 691 628
762 7 631 B
763 7 B 692
764 7 B B
765 7 693 670
766 7 676 671
767 8 695 694
768 8 697 696
769 8 698 B
770 8 700 699
771 8 701 697
772 8 703 702
773 8 705 704
774 8 707 706
775 8 709 708
776 8 711 710
777 8 699 712
778 8 702 B
779 8 704 B
780 8 714 713
781 8 716 715
782 8 718 717
783 8 719 700
784 8 720 701
785 8 B 721
786 8 B 722
787 8 723 714
788 8 724 709
789 8 B 725
790 8 B 726
791 8 727 700
792 8 728 701
793 8 B 729
794 8 B 730
795 8 731 712
796 8 732 696
797 8 B B
798 8 B B
799 8 734 733
800 8 736 735
801 8 B B
802 8 B B
803 8 737 712
804 8 738 696
805 8 B B
806 8 B B
807 8 740 739
808 8 742 741
809 8 B 743
810 8 745 744
811 8 747 746
812 8 749 748
813 8 751 750
814 8 752 714
815 8 753 709
816 8 B 754
817 8 B 755
818 8 757 756
819 8 759 758
820 8 B B
821 8 761 760
822 8 762 758
823 8 763 B
824 8 764 B
825 8 765 733
826 8 766 735
827 8 B B
828 8 B B
829 9 768 767
830 9 769 B
831 9 771 770
832 9 773 772
833 9 775 774
834 9 776 B
835 9 768 777
836 9 779 778
837 9 771 770
838 9 773 772
839 9 768 767
840 9 769 B
841 9 775 780
842 9 782 781
843 9 784 783
844 9 786 785
845 9 788 787
846 9 790 789
847 9 792 791
848 9 794 793
849 9 796 795
850 9 798 797
851 9 800 799
852 9 802 801
853 9 804 803
854 9 806 805
855 9 808 807
856 9 809 B
857 9 811 810
858 9 813 812
859 9 784 783
860 9 786 785
861 9 815 814
862 9 817 816
863 9 819 818
864 9 820 B
865 9 768 777
866 9 779 778
867 9 811 810
868 9 813 812
869 9 822 821
870 9 824 823
871 9 822 821
872 9 824 823
873 9 815 814
874 9 817 816
875 9 826 825
876 9 828 827
877 10 830 829
878 10 832 831
879 10 834 833
880 10 836 835
881 10 838 837
882 10 840 839
883 10 842 841
884 10 844 843
885 10 846 845
886 10 848 847
887 10 850 849
888 10 852 851
889 10 854 853
890 10 856 855
891 10 858 857
892 10 860 859
893 10 862 861
894 10 864 863
895 10 866 865
896 10 868 867
897 10 870 869
898 10 872 871
899 10 874 873
900 10 876 875
901 11 B 877
902 11 879 878
903 11 880 B
904 11 881 B
905 11 882 B
906 11 883 878
907 11 885 884
908 11 886 B
909 11 888 887
910 11 889 B
911 11 B 879
912 11 890 885
913 11 891 881
914 11 893 892
915 11 B 894
916 11 B 895
917 11 896 878
918 11 897 B
919 11 881 B
920 11 B 898
921 11 B B
922 11 899 884
923 11 886 B
924 11 900 887
925 11 889 B
926 12 902 901
927 12 904 903
928 12 905 B
929 12 907 906
930 12 908 904
931 12 B 909
932 12 B 910
933 12 912 911
934 12 914 913
935 12 B 915
936 12 917 916
937 12 919 918
938 12 920 B
939 12 921 B
940 12 922 906
941 12 923 904
942 12 B 924
943 12 B 925
944 13 927 926
945 13 928 B
946 13 930 929
947 13 932 931
948 13 934 933
949 13 935 B
950 13 937 936
951 13 939 938
952 13 941 940
953 13 943 942
954 14 945 944
955 14 947 946
956 14 949 948
957 14 951 950
958 14 953 952
959 15 B 954
960 15 956 955
961 15 957 B
962 15 958 B
963 16 960 959
964 16 962 961
965 17 964 963
966 18 B 965
967 19 966 B
968 20 967 B
969 21 B 968
970 22 B 969