1 1 B T
2 1 T B
3 1 T B
4 1 B B
5 1 T B
6 1 T B
7 1 B B
8 1 B B
9 1 B T
10 1 T B
11 1 T B
12 1 B B
13 1 B T
14 1 T B
15 1 T B
16 1 B B
17 1 B T
18 1 T B
19 1 B T
20 1 B T
21 1 T B
22 1 B B
23 1 B T
24 1 B T
25 1 T B
26 1 B B
27 1 B B
28 1 B B
29 1 B B
30 1 B B
31 1 B B
32 1 T B
33 1 B B
34 1 B B
35 1 B T
36 1 B T
37 1 T B
38 1 T B
39 1 B B
40 1 B T
41 1 T B
42 1 B B
43 1 B T
44 1 B T
45 1 B B
46 1 B B
47 1 B B
48 1 B T
49 1 T B
50 1 B T
51 1 T B
52 1 B B
53 1 B B
54 1 B B
55 1 B B
56 1 B B
57 1 B B
58 1 B B
59 1 B B
60 1 B B
61 1 B B
62 1 B B
63 1 B B
64 1 T B
65 1 B B
66 1 B T
67 1 T B
68 1 T B
69 1 B B
70 1 B T
71 1 T B
72 1 B B
73 1 B B
74 1 B B
75 1 B T
76 1 B B
77 1 B B
78 1 B B
79 1 B B
80 1 B T
81 1 B B
82 1 B T
83 1 B B
84 1 B B
85 1 T B
86 1 B T
87 1 T B
88 1 B B
89 1 B B
90 1 B B
91 1 B B
92 1 B B
93 1 B B
94 1 B B
95 1 B B
96 1 B B
97 1 B B
98 1 B B
99 1 B B
100 1 B B
101 1 B B
102 1 T B
103 1 B B
104 1 B B
105 1 B B
106 1 B T
107 1 B B
108 1 B B
109 1 B B
110 1 B B
111 1 B B
112 1 B B
113 1 B B
114 1 T B
115 1 B B
116 1 B B
117 1 B B
118 1 B B
119 1 B B
120 1 T B
121 1 B B
122 1 B B
123 1 B T
124 1 B B
125 1 B B
126 1 B T
127 1 B B
128 1 T B
129 1 B B
130 1 B T
131 1 B B
132 1 B B
133 1 B B
134 1 B B
135 1 B T
136 1 B T
137 1 B B
138 1 B B
139 1 B B
140 1 B T
141 1 B B
142 1 B B
143 1 B B
144 1 B B
145 1 B B
146 1 B T
147 1 B B
148 1 B B
149 1 B B
150 1 B B
151 1 B B
152 1 B B
153 1 B B
154 1 B B
155 1 B B
156 1 B B
157 1 B B
158 1 B T
159 1 T B
160 1 T B
161 1 B B
162 1 B T
163 1 B T
164 1 T B
165 1 T B
166 1 B B
167 1 B B
168 1 B T
169 1 B T
170 1 B B
171 1 B B
172 1 B B
173 1 B T
174 1 B B
175 1 B T
176 1 T B
177 1 T B
178 1 B B
179 1 B T
180 1 B T
181 1 T B
182 1 B B
183 1 B B
184 1 B T
185 1 B T
186 1 B B
187 1 B T
188 1 T B
189 1 T B
190 1 B B
191 1 B B
192 1 B T
193 1 B T
194 1 B B
195 1 B T
196 1 B B
197 1 B B
198 1 B B
199 1 B T
200 1 T B
201 1 T B
202 1 B B
203 1 B T
204 1 T B
205 1 B B
206 1 B T
207 1 B B
208 1 B B
209 1 B B
210 2 2 1
211 2 4 3
212 2 5 B
213 2 7 6
214 2 8 4
215 2 10 9
216 2 12 11
217 2 14 13
218 2 16 15
219 2 18 17
220 2 6 19
221 2 9 B
222 2 11 B
223 2 21 20
224 2 23 22
225 2 25 24
226 2 26 7
227 2 27 8
228 2 28 10
229 2 29 12
230 2 30 21
231 2 31 16
232 2 32 23
233 2 33 25
234 2 20 34
235 2 15 35
236 2 22 B
237 2 24 B
238 2 37 36
239 2 39 38
240 2 41 40
241 2 43 42
242 2 38 44
243 2 46 45
244 2 48 47
245 2 49 43
246 2 50 46
247 2 51 48
248 2 42 52
249 2 44 53
250 2 45 B
251 2 47 B
252 2 54 26
253 2 55 27
254 2 56 28
255 2 57 29
256 2 58 30
257 2 59 31
258 2 60 32
259 2 61 33
260 2 62 49
261 2 63 39
262 2 64 50
263 2 65 51
264 2 67 66
265 2 69 68
266 2 71 70
267 2 73 72
268 2 75 74
269 2 77 76
270 2 79 78
271 2 80 73
272 2 68 75
273 2 81 77
274 2 82 79
275 2 72 83
276 2 74 84
277 2 76 B
278 2 78 B
279 2 85 80
280 2 86 81
281 2 87 82
282 2 88 54
283 2 89 55
284 2 B 90
285 2 B 91
286 2 92 58
287 2 93 59
288 2 B 94
289 2 B 95
290 2 96 54
291 2 97 55
292 2 B 98
293 2 B 99
294 2 100 7
295 2 101 8
296 2 B 102
297 2 B 103
298 2 104 21
299 2 105 16
300 2 B 106
301 2 B 107
302 2 108 7
303 2 109 8
304 2 B 110
305 2 B 111
306 2 112 62
307 2 113 63
308 2 B 114
309 2 B 115
310 2 116 58
311 2 117 59
312 2 B 118
313 2 B 119
314 2 120 43
315 2 121 38
316 2 B 122
317 2 B 123
318 2 124 21
319 2 125 16
320 2 B 126
321 2 B 127
322 2 128 19
323 2 129 3
324 2 B B
325 2 B B
326 2 130 34
327 2 131 35
328 2 B B
329 2 B B
330 2 132 19
331 2 133 3
332 2 B B
333 2 B B
334 2 134 52
335 2 135 53
336 2 B B
337 2 B B
338 2 136 34
339 2 137 35
340 2 B B
341 2 B B
342 2 138 85
343 2 139 69
344 2 B 140
345 2 B 141
346 2 142 62
347 2 143 63
348 2 B 144
349 2 B 145
350 2 146 73
351 2 147 75
352 2 B 148
353 2 B 149
354 2 150 43
355 2 151 38
356 2 B 152
357 2 B 153
358 2 154 83
359 2 155 84
360 2 B B
361 2 B B
362 2 156 52
363 2 157 53
364 2 B B
365 2 B B
366 2 159 158
367 2 161 160
368 2 B 162
369 2 164 163
370 2 166 165
371 2 168 167
372 2 170 169
373 2 171 85
374 2 172 69
375 2 B 173
376 2 B 174
377 2 176 175
378 2 178 177
379 2 B 179
380 2 181 180
381 2 182 177
382 2 184 183
383 2 186 185
384 2 188 187
385 2 190 189
386 2 192 191
387 2 194 193
388 2 195 73
389 2 196 75
390 2 B 197
391 2 B 198
392 2 200 199
393 2 202 201
394 2 B B
395 2 204 203
396 2 205 201
397 2 206 B
398 2 207 B
399 2 208 83
400 2 209 84
401 2 B B
402 2 B B
403 3 211 210
404 3 212 B
405 3 214 213
406 3 216 215
407 3 218 217
408 3 219 B
409 3 211 220
410 3 222 221
411 3 214 213
412 3 216 215
413 3 211 210
414 3 212 B
415 3 218 223
416 3 225 224
417 3 227 226
418 3 229 228
419 3 231 230
420 3 233 232
421 3 227 226
422 3 229 228
423 3 211 220
424 3 222 221
425 3 235 234
426 3 237 236
427 3 239 238
428 3 240 B
429 3 218 223
430 3 225 224
431 3 231 230
432 3 233 232
433 3 218 217
434 3 219 B
435 3 242 241
436 3 244 243
437 3 239 245
438 3 247 246
439 3 249 248
440 3 251 250
441 3 235 234
442 3 237 236
443 3 253 252
444 3 255 254
445 3 257 256
446 3 259 258
447 3 253 252
448 3 255 254
449 3 261 260
450 3 263 262
451 3 257 256
452 3 259 258
453 3 265 264
454 3 266 B
455 3 239 245
456 3 247 246
457 3 261 260
458 3 263 262
459 3 239 238
460 3 240 B
461 3 268 267
462 3 270 269
463 3 272 271
464 3 274 273
465 3 242 241
466 3 244 243
467 3 276 275
468 3 278 277
469 3 249 248
470 3 251 250
471 3 265 279
472 3 281 280
473 3 283 282
474 3 285 284
475 3 287 286
476 3 289 288
477 3 291 290
478 3 293 292
479 3 295 294
480 3 297 296
481 3 299 298
482 3 301 300
483 3 303 302
484 3 305 304
485 3 307 306
486 3 309 308
487 3 283 282
488 3 285 284
489 3 311 310
490 3 313 312
491 3 315 314
492 3 317 316
493 3 295 294
494 3 297 296
495 3 319 318
496 3 321 320
497 3 311 310
498 3 313 312
499 3 319 318
500 3 321 320
501 3 323 322
502 3 325 324
503 3 327 326
504 3 329 328
505 3 331 330
506 3 333 332
507 3 335 334
508 3 337 336
509 3 323 322
510 3 325 324
511 3 339 338
512 3 341 340
513 3 339 338
514 3 341 340
515 3 343 342
516 3 345 344
517 3 287 286
518 3 289 288
519 3 347 346
520 3 349 348
521 3 351 350
522 3 353 352
523 3 299 298
524 3 301 300
525 3 355 354
526 3 357 356
527 3 347 346
528 3 349 348
529 3 355 354
530 3 357 356
531 3 359 358
532 3 361 360
533 3 327 326
534 3 329 328
535 3 363 362
536 3 365 364
537 3 363 362
538 3 365 364
539 3 367 366
540 3 368 B
541 3 370 369
542 3 372 371
543 3 307 306
544 3 309 308
545 3 374 373
546 3 376 375
547 3 378 377
548 3 379 B
549 3 370 369
550 3 372 371
551 3 381 380
552 3 383 382
553 3 381 380
554 3 383 382
555 3 385 384
556 3 387 386
557 3 374 373
558 3 376 375
559 3 389 388
560 3 391 390
561 3 378 377
562 3 379 B
563 3 393 392
564 3 394 B
565 3 385 384
566 3 387 386
567 3 396 395
568 3 398 397
569 3 396 395
570 3 398 397
571 3 400 399
572 3 402 401
573 4 404 403
574 4 406 405
575 4 408 407
576 4 410 409
577 4 412 411
578 4 414 413
579 4 416 415
580 4 418 417
581 4 420 419
582 4 422 421
583 4 424 423
584 4 426 425
585 4 406 405
586 4 416 415
587 4 410 409
588 4 412 411
589 4 428 427
590 4 430 429
591 4 432 431
592 4 434 433
593 4 424 423
594 4 426 425
595 4 436 435
596 4 438 437
597 4 440 439
598 4 436 435
599 4 442 441
600 4 430 429
601 4 444 443
602 4 446 445
603 4 448 447
604 4 418 417
605 4 420 419
606 4 422 421
607 4 450 449
608 4 452 451
609 4 438 437
610 4 432 431
611 4 440 439
612 4 442 441
613 4 454 453
614 4 456 455
615 4 458 457
616 4 460 459
617 4 462 461
618 4 464 463
619 4 466 465
620 4 468 467
621 4 462 461
622 4 470 469
623 4 466 465
624 4 472 471
625 4 464 463
626 4 456 455
627 4 468 467
628 4 470 469
629 4 474 473
630 4 476 475
631 4 478 477
632 4 480 479
633 4 482 481
634 4 484 483
635 4 486 485
636 4 488 487
637 4 490 489
638 4 492 491
639 4 494 493
640 4 496 495
641 4 498 497
642 4 500 499
643 4 480 479
644 4 482 481
645 4 484 483
646 4 502 501
647 4 504 503
648 4 506 505
649 4 492 491
650 4 494 493
651 4 496 495
652 4 508 507
653 4 510 509
654 4 512 511
655 4 500 499
656 4 514 513
657 4 516 515
658 4 518 517
659 4 520 519
660 4 522 521
661 4 524 523
662 4 526 525
663 4 528 527
664 4 530 529
665 4 522 521
666 4 524 523
667 4 526 525
668 4 532 531
669 4 534 533
670 4 536 535
671 4 530 529
672 4 538 537
673 4 540 539
674 4 542 541
675 4 544 543
676 4 546 545
677 4 548 547
678 4 550 549
679 4 552 551
680 4 554 553
681 4 556 555
682 4 558 557
683 4 560 559
684 4 562 561
685 4 556 555
686 4 564 563
687 4 554 553
688 4 566 565
689 4 568 567
690 4 566 565
691 4 568 567
692 4 570 569
693 4 560 559
694 4 572 571
695 5 B 573
696 5 575 574
697 5 576 B
698 5 577 B
699 5 578 B
700 5 579 574
701 5 581 580
702 5 582 B
703 5 584 583
704 5 586 585
705 5 587 B
706 5 588 B
707 5 B 575
708 5 589 581
709 5 590 577
710 5 591 582
711 5 B 578
712 5 592 588
713 5 594 593
714 5 595 579
715 5 596 581
716 5 597 584
717 5 598 586
718 5 599 587
719 5 600 588
720 5 602 601
721 5 603 B
722 5 605 604
723 5 606 B
724 5 607 602
725 5 608 603
726 5 609 605
727 5 610 606
728 5 611 594
729 5 612 576
730 5 B 589
731 5 613 607
732 5 614 591
733 5 615 608
734 5 B 592
735 5 616 610
736 5 617 595
737 5 618 596
738 5 619 590
739 5 620 597
740 5 621 598
741 5 622 599
742 5 623 600
743 5 624 607
744 5 625 609
745 5 626 610
746 5 627 611
747 5 628 612
748 5 630 629
749 5 631 B
750 5 633 632
751 5 634 B
752 5 635 630
753 5 637 636
754 5 638 633
755 5 640 639
756 5 641 629
757 5 631 B
758 5 642 632
759 5 634 B
760 5 644 643
761 5 645 B
762 5 647 646
763 5 648 B
764 5 649 644
765 5 651 650
766 5 652 647
767 5 654 653
768 5 655 643
769 5 645 B
770 5 656 646
771 5 648 B
772 5 657 635
773 5 659 658
774 5 660 638
775 5 662 661
776 5 663 630
777 5 637 631
778 5 664 633
779 5 640 634
780 5 665 649
781 5 667 666
782 5 668 652
783 5 670 669
784 5 671 644
785 5 651 645
786 5 672 647
787 5 654 648
788 5 B 613
789 5 673 657
790 5 674 615
791 5 676 675
792 5 B 677
793 5 B 596
794 5 678 607
795 5 679 591
796 5 615 608
797 5 B B
798 5 B 680
799 5 B 681
800 5 B 610
801 5 682 635
802 5 659 637
803 5 683 638
804 5 662 640
805 5 B 575
806 5 684 644
807 5 685 577
808 5 651 650
809 5 B 686
810 5 B 579
811 5 687 581
812 5 591 582
813 5 B B
814 5 B 688
815 5 B 689
816 5 B 588
817 5 B 593
818 5 690 574
819 5 691 B
820 5 577 B
821 5 B 692
822 5 B B
823 5 693 649
824 5 667 651
825 5 694 652
826 5 670 654
827 6 696 695
828 6 698 697
829 6 699 B
830 6 701 700
831 6 702 698
832 6 704 703
833 6 706 705
834 6 708 707
835 6 710 709
836 6 712 711
837 6 700 713
838 6 703 B
839 6 705 B
840 6 715 714
841 6 717 716
842 6 719 718
843 6 720 701
844 6 721 702
845 6 722 704
846 6 723 706
847 6 724 715
848 6 725 710
849 6 726 717
850 6 727 719
851 6 714 728
852 6 709 729
853 6 716 B
854 6 718 B
855 6 731 730
856 6 733 732
857 6 735 734
858 6 737 736
859 6 732 738
860 6 740 739
861 6 742 741
862 6 743 737
863 6 744 740
864 6 745 742
865 6 736 746
866 6 738 747
867 6 739 B
868 6 741 B
869 6 748 720
870 6 749 721
871 6 B 750
872 6 B 751
873 6 752 724
874 6 753 725
875 6 B 754
876 6 B 755
877 6 756 720
878 6 757 721
879 6 B 758
880 6 B 759
881 6 760 700
882 6 761 698
883 6 B 762
884 6 B 763
885 6 764 714
886 6 765 709
887 6 B 766
888 6 B 767
889 6 768 700
890 6 769 698
891 6 B 770
892 6 B 771
893 6 772 743
894 6 773 733
895 6 B 774
896 6 B 775
897 6 776 724
898 6 777 725
899 6 B 778
900 6 B 779
901 6 780 736
902 6 781 738
903 6 B 782
904 6 B 783
905 6 784 714
906 6 785 709
907 6 B 786
908 6 B 787
909 6 789 788
910 6 791 790
911 6 B 792
912 6 794 793
913 6 796 795
914 6 798 797
915 6 800 799
916 6 801 743
917 6 802 733
918 6 B 803
919 6 B 804
920 6 806 805
921 6 808 807
922 6 B 809
923 6 811 810
924 6 812 807
925 6 814 813
926 6 816 815
927 6 818 817
928 6 820 819
929 6 821 B
930 6 822 B
931 6 823 736
932 6 824 738
933 6 B 825
934 6 B 826
935 7 828 827
936 7 829 B
937 7 831 830
938 7 833 832
939 7 835 834
940 7 836 B
941 7 828 837
942 7 839 838
943 7 831 830
944 7 833 832
945 7 828 827
946 7 829 B
947 7 835 840
948 7 842 841
949 7 844 843
950 7 846 845
951 7 848 847
952 7 850 849
953 7 844 843
954 7 846 845
955 7 828 837
956 7 839 838
957 7 852 851
958 7 854 853
959 7 856 855
960 7 857 B
961 7 835 840
962 7 842 841
963 7 848 847
964 7 850 849
965 7 835 834
966 7 836 B
967 7 859 858
968 7 861 860
969 7 856 862
970 7 864 863
971 7 866 865
972 7 868 867
973 7 852 851
974 7 854 853
975 7 870 869
976 7 872 871
977 7 874 873
978 7 876 875
979 7 878 877
980 7 880 879
981 7 882 881
982 7 884 883
983 7 886 885
984 7 888 887
985 7 890 889
986 7 892 891
987 7 894 893
988 7 896 895
989 7 870 869
990 7 872 871
991 7 898 897
992 7 900 899
993 7 902 901
994 7 904 903
995 7 882 881
996 7 884 883
997 7 906 905
998 7 908 907
999 7 898 897
1000 7 900 899
1001 7 906 905
1002 7 908 907
1003 7 910 909
1004 7 911 B
1005 7 913 912
1006 7 915 914
1007 7 874 873
1008 7 876 875
1009 7 917 916
1010 7 919 918
1011 7 921 920
1012 7 922 B
1013 7 913 912
1014 7 915 914
1015 7 924 923
1016 7 926 925
1017 7 924 923
1018 7 926 925
1019 7 928 927
1020 7 930 929
1021 7 917 916
1022 7 919 918
1023 7 932 931
1024 7 934 933
1025 7 921 920
1026 7 922 B
1027 7 928 927
1028 7 930 929
1029 8 936 935
1030 8 938 937
1031 8 940 939
1032 8 942 941
1033 8 944 943
1034 8 946 945
1035 8 948 947
1036 8 950 949
1037 8 952 951
1038 8 954 953
1039 8 956 955
1040 8 958 957
1041 8 938 937
1042 8 948 947
1043 8 942 941
1044 8 944 943
1045 8 960 959
1046 8 962 961
1047 8 964 963
1048 8 966 965
1049 8 956 955
1050 8 958 957
1051 8 968 967
1052 8 970 969
1053 8 972 971
1054 8 968 967
1055 8 974 973
1056 8 962 961
1057 8 976 975
1058 8 978 977
1059 8 980 979
1060 8 982 981
1061 8 984 983
1062 8 986 985
1063 8 988 987
1064 8 990 989
1065 8 992 991
1066 8 994 993
1067 8 996 995
1068 8 998 997
1069 8 1000 999
1070 8 1002 1001
1071 8 982 981
1072 8 984 983
1073 8 986 985
1074 8 972 971
1075 8 994 993
1076 8 974 973
1077 8 996 995
1078 8 998 997
1079 8 1002 1001
1080 8 1004 1003
1081 8 1006 1005
1082 8 1008 1007
1083 8 1010 1009
1084 8 1012 1011
1085 8 1014 1013
1086 8 1016 1015
1087 8 1018 1017
1088 8 1020 1019
1089 8 1022 1021
1090 8 1024 1023
1091 8 1026 1025
1092 8 1020 1019
1093 8 1018 1017
1094 8 1028 1027
1095 8 1024 1023
1096 9 B 1029
1097 9 1031 1030
1098 9 1032 B
1099 9 1033 B
1100 9 1034 B
1101 9 1035 1030
1102 9 1037 1036
1103 9 1038 B
1104 9 1040 1039
1105 9 1042 1041
1106 9 1043 B
1107 9 1044 B
1108 9 B 1031
1109 9 1045 1037
1110 9 1046 1033
1111 9 1047 1038
1112 9 B 1034
1113 9 1048 1044
1114 9 1050 1049
1115 9 1051 1035
1116 9 1052 1037
1117 9 1053 1040
1118 9 1054 1042
1119 9 1055 1043
1120 9 1056 1044
1121 9 1058 1057
1122 9 1059 B
1123 9 1061 1060
1124 9 1062 B
1125 9 1063 1058
1126 9 1065 1064
1127 9 1066 1061
1128 9 1068 1067
1129 9 1069 1057
1130 9 1059 B
1131 9 1070 1060
1132 9 1062 B
1133 9 1072 1071
1134 9 1073 B
1135 9 1074 1050
1136 9 1075 1072
1137 9 1076 1032
1138 9 1078 1077
1139 9 1079 1071
1140 9 1073 B
1141 9 B 1045
1142 9 1080 1063
1143 9 1081 1047
1144 9 1083 1082
1145 9 B 1084
1146 9 B 1035
1147 9 1085 1037
1148 9 1086 1033
1149 9 1047 1038
1150 9 B B
1151 9 B 1087
1152 9 B 1088
1153 9 B 1044
1154 9 1089 1058
1155 9 1065 1059
1156 9 1090 1061
1157 9 1068 1062
1158 9 B 1029
1159 9 1091 1071
1160 9 1092 B
1161 9 1073 B
1162 9 B 1049
1163 9 1093 1030
1164 9 1033 B
1165 9 B 1094
1166 9 B B
1167 9 1095 1072
1168 9 1078 1073
1169 10 1097 1096
1170 10 1099 1098
1171 10 1100 B
1172 10 1102 1101
1173 10 1103 1099
1174 10 1105 1104
1175 10 1107 1106
1176 10 1109 1108
1177 10 1111 1110
1178 10 1113 1112
1179 10 1101 1114
1180 10 1104 B
1181 10 1106 B
1182 10 1116 1115
1183 10 1118 1117
1184 10 1120 1119
1185 10 1121 1102
1186 10 1122 1103
1187 10 B 1123
1188 10 B 1124
1189 10 1125 1116
1190 10 1126 1111
1191 10 B 1127
1192 10 B 1128
1193 10 1129 1102
1194 10 1130 1103
1195 10 B 1131
1196 10 B 1132
1197 10 1133 1114
1198 10 1134 1098
1199 10 B B
1200 10 B B
1201 10 1136 1135
1202 10 1138 1137
1203 10 B B
1204 10 B B
1205 10 1139 1114
1206 10 1140 1098
1207 10 B B
1208 10 B B
1209 10 1142 1141
1210 10 1144 1143
1211 10 B 1145
1212 10 1147 1146
1213 10 1149 1148
1214 10 1151 1150
1215 10 1153 1152
1216 10 1154 1116
1217 10 1155 1111
1218 10 B 1156
1219 10 B 1157
1220 10 1159 1158
1221 10 1161 1160
1222 10 B B
1223 10 1163 1162
1224 10 1164 1160
1225 10 1165 B
1226 10 1166 B
1227 10 1167 1135
1228 10 1168 1137
1229 10 B B
1230 10 B B
1231 11 1170 1169
1232 11 1171 B
1233 11 1173 1172
1234 11 1175 1174
1235 11 1177 1176
1236 11 1178 B
1237 11 1170 1179
1238 11 1181 1180
1239 11 1173 1172
1240 11 1175 1174
1241 11 1170 1169
1242 11 1171 B
1243 11 1177 1182
1244 11 1184 1183
1245 11 1186 1185
1246 11 1188 1187
1247 11 1190 1189
1248 11 1192 1191
1249 11 1194 1193
1250 11 1196 1195
1251 11 1198 1197
1252 11 1200 1199
1253 11 1202 1201
1254 11 1204 1203
1255 11 1206 1205
1256 11 1208 1207
1257 11 1210 1209
1258 11 1211 B
1259 11 1213 1212
1260 11 1215 1214
1261 11 1186 1185
1262 11 1188 1187
1263 11 1217 1216
1264 11 1219 1218
1265 11 1221 1220
1266 11 1222 B
1267 11 1170 1179
1268 11 1181 1180
1269 11 1213 1212
1270 11 1215 1214
1271 11 1224 1223
1272 11 1226 1225
1273 11 1224 1223
1274 11 1226 1225
1275 11 1217 1216
1276 11 1219 1218
1277 11 1228 1227
1278 11 1230 1229
1279 12 1232 1231
1280 12 1234 1233
1281 12 1236 1235
1282 12 1238 1237
1283 12 1240 1239
1284 12 1242 1241
1285 12 1244 1243
1286 12 1246 1245
1287 12 1248 1247
1288 12 1250 1249
1289 12 1252 1251
1290 12 1254 1253
1291 12 1256 1255
1292 12 1258 1257
1293 12 1260 1259
1294 12 1262 1261
1295 12 1264 1263
1296 12 1266 1265
1297 12 1268 1267
1298 12 1270 1269
1299 12 1272 1271
1300 12 1274 1273
1301 12 1276 1275
1302 12 1278 1277
1303 13 B 1279
1304 13 1281 1280
1305 13 1282 B
1306 13 1283 B
1307 13 1284 B
1308 13 1285 1280
1309 13 1287 1286
1310 13 1288 B
1311 13 1290 1289
1312 13 1291 B
1313 13 B 1281
1314 13 1292 1287
1315 13 1293 1283
1316 13 1295 1294
1317 13 B 1296
1318 13 B 1297
1319 13 1298 1280
1320 13 1299 B
1321 13 1283 B
1322 13 B 1300
1323 13 B B
1324 13 1301 1286
1325 13 1288 B
1326 13 1302 1289
1327 13 1291 B
1328 14 1304 1303
1329 14 1306 1305
1330 14 1307 B
1331 14 1309 1308
1332 14 1310 1306
1333 14 B 1311
1334 14 B 1312
1335 14 1314 1313
1336 14 1316 1315
1337 14 B 1317
1338 14 1319 1318
1339 14 1321 1320
1340 14 1322 B
1341 14 1323 B
1342 14 1324 1308
1343 14 1325 1306
1344 14 B 1326
1345 14 B 1327
1346 15 1329 1328
1347 15 1330 B
1348 15 1332 1331
1349 15 1334 1333
1350 15 1336 1335
1351 15 1337 B
1352 15 1339 1338
1353 15 1341 1340
1354 15 1343 1342
1355 15 1345 1344
1356 16 1347 1346
1357 16 1349 1348
1358 16 1351 1350
1359 16 1353 1352
1360 16 1355 1354
1361 17 B 1356
1362 17 1358 1357
1363 17 1359 B
1364 17 1360 B
1365 18 1362 1361
1366 18 1364 1363
1367 19 1366 1365
1368 20 B 1367
1369 21 1368 B
1370 22 1369 B
1371 23 B 1370
1372 24 B 1371