1 1 B T
2 2 T 1
3 2 B T
4 2 B 1
5 3 2 1
6 3 3 2
7 3 B 3
8 3 B 2
9 3 4 1
10 3 3 4
11 3 B 4
12 3 B 1
13 4 1 5
14 4 B 1
15 4 5 6
16 4 1 2
17 4 6 7
18 4 5 8
19 4 B 9
20 4 B 10
21 4 9 6
22 4 B 5
23 4 B 7
24 4 B 11
25 4 B 4
26 4 10 7
27 4 11 7
28 4 4 6
29 4 9 8
30 4 1 9
31 4 12 11
32 4 1 4
33 5 14 13
34 5 16 15
35 5 13 15
36 5 15 17
37 5 B 14
38 5 2 6
39 5 6 7
40 5 17 7
41 5 13 18
42 5 16 18
43 5 B 19
44 5 19 20
45 5 22 21
46 5 24 23
47 5 14 22
48 5 25 24
49 5 21 26
50 5 27 7
51 5 28 27
52 5 25 20
53 5 19 29
54 5 30 29
55 5 31 11
56 5 32 29
57 5 B 11
58 6 34 33
59 6 36 35
60 6 33 37
61 6 35 33
62 6 38 34
63 6 39 36
64 6 40 36
65 6 7 40
66 6 B 7
67 6 18 41
68 6 2 42
69 6 43 37
70 6 44 33
71 6 46 45
72 6 48 47
73 6 23 49
74 6 B 50
75 6 B 51
76 6 52 33
77 6 24 53
78 6 55 54
79 6 57 56
80 7 59 58
81 7 61 60
82 7 63 62
83 7 64 59
84 7 59 61
85 7 65 63
86 7 60 37
87 7 65 64
88 7 66 65
89 7 B 66
90 7 B 67
91 7 67 61
92 7 B 68
93 7 67 58
94 7 69 37
95 7 70 69
96 7 71 70
97 7 72 69
98 7 73 71
99 7 74 73
100 7 75 71
101 7 71 72
102 7 71 76
103 7 66 74
104 7 B 74
105 7 74 75
106 7 77 70
107 7 78 61
108 7 B 77
109 7 B 59
110 7 B 78
111 7 B 61
112 7 78 58
113 7 B 79
114 7 B 58
115 7 77 76
116 7 B 62
117 8 81 80
118 8 60 58
119 8 80 82
120 8 58 62
121 8 84 83
122 8 83 85
123 8 86 81
124 8 37 60
125 8 81 84
126 8 83 87
127 8 87 88
128 8 37 86
129 8 B 37
130 8 88 89
131 8 91 90
132 8 93 92
133 8 B 94
134 8 B 95
135 8 94 81
136 8 B 86
137 8 B 96
138 8 B 97
139 8 B 69
140 8 95 84
141 8 B 98
142 8 96 83
143 8 97 84
144 8 B 99
145 8 B 100
146 8 69 81
147 8 B 101
148 8 B 60
149 8 B 102
150 8 B 72
151 8 98 87
152 8 B 103
153 8 99 88
154 8 100 87
155 8 B 89
156 8 B 104
157 8 101 83
158 8 B 105
159 8 103 89
160 8 102 82
161 8 72 62
162 8 98 85
163 8 100 85
164 8 101 82
165 8 104 89
166 8 105 88
167 8 106 90
168 8 97 107
169 8 B 108
170 8 107 109
171 8 81 107
172 8 111 110
173 8 81 112
174 8 114 113
175 8 115 92
176 8 72 79
177 8 112 116
178 8 58 79
179 9 118 117
180 9 120 119
181 9 117 121
182 9 119 122
183 9 124 123
184 9 123 125
185 9 62 82
186 9 82 85
187 9 121 126
188 9 122 127
189 9 125 121
190 9 85 88
191 9 129 128
192 9 128 123
193 9 126 127
194 9 127 130
195 9 88 89
196 9 B 129
197 9 130 89
198 9 117 131
199 9 125 131
200 9 120 132
201 9 B 133
202 9 133 134
203 9 136 135
204 9 138 137
205 9 129 136
206 9 139 138
207 9 135 140
208 9 137 141
209 9 143 142
210 9 145 144
211 9 146 143
212 9 147 145
213 9 148 135
214 9 150 149
215 9 149 141
216 9 142 151
217 9 144 152
218 9 154 153
219 9 156 155
220 9 157 154
221 9 158 156
222 9 153 159
223 9 161 160
224 9 160 162
225 9 163 153
226 9 164 163
227 9 165 89
228 9 166 165
229 9 168 167
230 9 171 170
231 9 172 110
232 9 173 170
233 9 174 110
234 9 176 175
235 9 178 177
236 9 B 113
237 10 180 179
238 10 182 181
239 10 179 183
240 10 181 184
241 10 185 180
242 10 186 182
243 10 188 187
244 10 187 189
245 10 190 188
246 10 183 191
247 10 184 192
248 10 189 184
249 10 194 193
250 10 193 187
251 10 195 194
252 10 191 196
253 10 192 191
254 10 197 194
255 10 89 197
256 10 B 89
257 10 132 198
258 10 131 199
259 10 68 200
260 10 201 196
261 10 202 191
262 10 204 203
263 10 206 205
264 10 208 207
265 10 210 209
266 10 212 211
267 10 214 213
268 10 215 207
269 10 217 216
270 10 219 218
271 10 221 220
272 10 155 222
273 10 B 223
274 10 B 224
275 10 B 225
276 10 B 226
277 10 B 222
278 10 B 227
279 10 B 228
280 10 169 229
281 10 231 230
282 10 233 232
283 10 B 234
284 10 236 235
285 11 238 237
286 11 240 239
287 11 242 241
288 11 243 238
289 11 244 240
290 11 245 242
291 11 247 246
292 11 248 247
293 11 249 243
294 11 250 244
295 11 251 245
296 11 244 248
297 11 253 252
298 11 247 253
299 11 254 249
300 11 249 250
301 11 255 251
302 11 252 196
303 11 255 254
304 11 256 255
305 11 B 256
306 11 B 257
307 11 258 240
308 11 B 259
309 11 257 237
310 11 B 258
311 11 258 248
312 11 260 196
313 11 261 260
314 11 262 261
315 11 263 260
316 11 264 262
317 11 265 264
318 11 266 262
319 11 262 263
320 11 268 267
321 11 265 268
322 11 266 267
323 11 269 265
324 11 270 269
325 11 271 265
326 11 265 266
327 11 272 270
328 11 274 273
329 11 275 274
330 11 276 273
331 11 277 275
332 11 278 277
333 11 279 275
334 11 275 276
335 11 256 278
336 11 278 272
337 11 279 270
338 11 270 271
339 11 B 278
340 11 278 279
341 11 280 264
342 11 281 248
343 11 B 280
344 11 B 244
345 11 B 281
346 11 B 248
347 11 281 240
348 11 B 282
349 11 B 240
350 11 280 268
351 11 282 237
352 11 B 283
353 11 B 238
354 11 B 284
355 11 B 237
356 11 B 241
357 12 286 285
358 12 239 237
359 12 285 287
360 12 237 241
361 12 289 288
362 12 288 290
363 12 291 286
364 12 246 239
365 12 292 289
366 12 294 293
367 12 293 295
368 12 296 294
369 12 297 291
370 12 252 246
371 12 298 292
372 12 292 296
373 12 300 299
374 12 299 301
375 12 294 300
376 12 302 297
377 12 196 252
378 12 297 298
379 12 299 303
380 12 303 304
381 12 196 302
382 12 B 196
383 12 304 305
384 12 307 306
385 12 309 308
386 12 311 310
387 12 B 312
388 12 B 313
389 12 B 260
390 12 312 297
391 12 B 302
392 12 B 314
393 12 B 315
394 12 313 298
395 12 B 316
396 12 314 292
397 12 315 298
398 12 B 317
399 12 B 318
400 12 260 297
401 12 B 319
402 12 313 291
403 12 260 246
404 12 B 320
405 12 B 267
406 12 315 291
407 12 B 321
408 12 B 322
409 12 316 296
410 12 B 323
411 12 317 294
412 12 318 296
413 12 B 324
414 12 B 325
415 12 319 292
416 12 B 326
417 12 323 300
418 12 B 327
419 12 320 285
420 12 267 237
421 12 B 328
422 12 B 273
423 12 321 288
424 12 322 285
425 12 B 329
426 12 B 330
427 12 323 293
428 12 B 331
429 12 324 299
430 12 325 293
431 12 B 332
432 12 B 333
433 12 326 288
434 12 B 334
435 12 327 303
436 12 B 335
437 12 325 300
438 12 B 336
439 12 B 337
440 12 326 294
441 12 B 338
442 12 336 304
443 12 337 303
444 12 B 305
445 12 B 339
446 12 338 299
447 12 B 340
448 12 335 305
449 12 339 305
450 12 340 304
451 12 341 310
452 12 318 342
453 12 B 343
454 12 342 344
455 12 292 342
456 12 346 345
457 12 292 347
458 12 349 348
459 12 350 306
460 12 322 351
461 12 B 352
462 12 347 353
463 12 286 351
464 12 355 354
465 12 351 356
466 12 237 284
467 13 358 357
468 13 360 359
469 13 357 361
470 13 359 362
471 13 364 363
472 13 363 365
473 13 241 287
474 13 287 290
475 13 361 366
476 13 362 367
477 13 365 368
478 13 290 295
479 13 370 369
480 13 369 371
481 13 371 372
482 13 366 373
483 13 367 374
484 13 368 375
485 13 295 301
486 13 372 368
487 13 377 376
488 13 376 378
489 13 378 371
490 13 373 379
491 13 374 380
492 13 375 373
493 13 301 304
494 13 382 381
495 13 381 376
496 13 379 380
497 13 380 383
498 13 304 305
499 13 B 382
500 13 383 305
501 13 357 384
502 13 365 386
503 13 360 385
504 13 372 386
505 13 B 387
506 13 387 388
507 13 389 388
508 13 391 390
509 13 393 392
510 13 382 391
511 13 389 393
512 13 390 394
513 13 392 395
514 13 397 396
515 13 399 398
516 13 400 397
517 13 401 399
518 13 403 402
519 13 405 404
520 13 406 396
521 13 408 407
522 13 403 406
523 13 405 408
524 13 396 409
525 13 407 410
526 13 412 411
527 13 414 413
528 13 415 412
529 13 416 414
530 13 398 410
531 13 411 417
532 13 413 418
533 13 420 419
534 13 422 421
535 13 424 423
536 13 426 425
537 13 420 424
538 13 422 426
539 13 423 427
540 13 425 428
541 13 430 429
542 13 432 431
543 13 433 430
544 13 434 432
545 13 429 435
546 13 431 436
547 13 437 429
548 13 439 438
549 13 440 437
550 13 441 439
551 13 443 442
552 13 445 444
553 13 446 443
554 13 447 445
555 13 438 436
556 13 442 448
557 13 449 305
558 13 450 449
559 13 452 451
560 13 455 454
561 13 456 345
562 13 457 454
563 13 458 345
564 13 460 459
565 13 463 462
566 13 464 348
567 13 466 465
568 13 B 354
569 14 468 467
570 14 470 469
571 14 467 471
572 14 469 472
573 14 473 468
574 14 474 470
575 14 476 475
576 14 475 477
577 14 478 476
578 14 471 479
579 14 472 480
580 14 477 481
581 14 483 482
582 14 482 484
583 14 485 483
584 14 484 486
585 14 479 487
586 14 480 488
587 14 481 489
588 14 486 481
589 14 491 490
590 14 490 492
591 14 493 491
592 14 492 484
593 14 487 494
594 14 488 495
595 14 489 488
596 14 497 496
597 14 496 490
598 14 498 497
599 14 494 499
600 14 495 494
601 14 500 497
602 14 305 500
603 14 B 305
604 14 385 501
605 14 384 502
606 14 259 503
607 14 386 504
608 14 505 499
609 14 506 494
610 14 507 494
611 14 509 508
612 14 511 510
613 14 513 512
614 14 515 514
615 14 517 516
616 14 519 518
617 14 521 520
618 14 523 522
619 14 525 524
620 14 527 526
621 14 529 528
622 14 530 524
623 14 532 531
624 14 534 533
625 14 536 535
626 14 538 537
627 14 540 539
628 14 542 541
629 14 544 543
630 14 546 545
631 14 548 547
632 14 550 549
633 14 552 551
634 14 554 553
635 14 555 545
636 14 444 556
637 14 B 557
638 14 B 558
639 14 453 559
640 14 561 560
641 14 563 562
642 14 461 564
643 14 566 565
644 14 568 567
645 15 570 569
646 15 572 571
647 15 574 573
648 15 575 570
649 15 576 572
650 15 577 574
651 15 579 578
652 15 580 579
653 15 581 575
654 15 582 576
655 15 583 577
656 15 584 580
657 15 586 585
658 15 587 586
659 15 588 587
660 15 589 581
661 15 590 582
662 15 591 583
663 15 592 584
664 15 584 588
665 15 594 593
666 15 595 594
667 15 587 595
668 15 596 589
669 15 597 590
670 15 598 591
671 15 590 592
672 15 600 599
673 15 594 600
674 15 601 596
675 15 596 597
676 15 602 598
677 15 599 499
678 15 602 601
679 15 603 602
680 15 B 604
681 15 605 572
682 15 B 606
683 15 604 569
684 15 B 605
685 15 607 580
686 15 B 607
687 15 607 588
688 15 B 603
689 15 608 499
690 15 609 608
691 15 611 610
692 15 613 611
693 15 611 609
694 15 612 608
695 15 614 613
696 15 615 611
697 15 611 612
698 15 617 616
699 15 619 617
700 15 620 619
701 15 621 617
702 15 617 618
703 15 622 614
704 15 623 620
705 15 625 624
706 15 627 625
707 15 628 627
708 15 629 625
709 15 625 626
710 15 630 628
711 15 620 622
712 15 621 614
713 15 614 615
714 15 631 623
715 15 632 620
716 15 620 621
717 15 633 630
718 15 634 628
719 15 628 629
720 15 635 631
721 15 636 633
722 15 633 635
723 15 634 631
724 15 631 632
725 15 637 636
726 15 638 633
727 15 633 634
728 15 603 637
729 15 639 622
730 15 640 588
731 15 B 639
732 15 B 584
733 15 B 640
734 15 B 588
735 15 640 580
736 15 B 641
737 15 B 580
738 15 639 619
739 15 641 572
740 15 B 642
741 15 B 576
742 15 B 643
743 15 B 572
744 15 B 570
745 15 643 569
746 15 B 644
747 15 B 569
748 15 B 637
749 15 637 638
750 15 642 624
751 15 B 573
752 16 646 645
753 16 571 569
754 16 645 647
755 16 569 573
756 16 649 648
757 16 648 650
758 16 651 646
759 16 578 571
760 16 652 649
761 16 654 653
762 16 653 655
763 16 656 654
764 16 657 651
765 16 585 578
766 16 658 652
767 16 659 656
768 16 661 660
769 16 660 662
770 16 663 661
771 16 664 663
772 16 665 657
773 16 593 585
774 16 666 658
775 16 667 659
776 16 659 664
777 16 669 668
778 16 668 670
779 16 671 669
780 16 663 671
781 16 672 665
782 16 599 593
783 16 673 666
784 16 666 667
785 16 675 674
786 16 674 676
787 16 669 675
788 16 677 672
789 16 499 599
790 16 672 673
791 16 674 678
792 16 678 679
793 16 499 677
794 16 B 499
795 16 681 680
796 16 683 682
797 16 685 684
798 16 687 686
799 16 679 688
800 16 B 689
801 16 B 690
802 16 689 672
803 16 B 599
804 16 B 691
805 16 B 612
806 16 690 673
807 16 B 692
808 16 B 677
809 16 B 693
810 16 B 694
811 16 B 608
812 16 693 666
813 16 694 673
814 16 B 695
815 16 B 696
816 16 608 672
817 16 B 697
818 16 691 657
819 16 612 585
820 16 B 698
821 16 B 618
822 16 692 658
823 16 B 699
824 16 695 659
825 16 696 658
826 16 B 700
827 16 B 701
828 16 697 657
829 16 B 702
830 16 692 667
831 16 B 703
832 16 703 664
833 16 B 704
834 16 698 646
835 16 618 571
836 16 B 705
837 16 B 626
838 16 699 649
839 16 B 706
840 16 700 654
841 16 701 649
842 16 B 707
843 16 B 708
844 16 702 646
845 16 B 709
846 16 704 661
847 16 B 710
848 16 696 667
849 16 B 711
850 16 B 712
851 16 697 666
852 16 B 713
853 16 711 663
854 16 712 664
855 16 B 714
856 16 B 715
857 16 713 659
858 16 B 716
859 16 714 669
860 16 715 661
861 16 B 717
862 16 B 718
863 16 716 654
864 16 B 719
865 16 705 647
866 16 626 573
867 16 706 650
868 16 707 655
869 16 708 650
870 16 709 647
871 16 710 662
872 16 717 670
873 16 718 662
874 16 719 655
875 16 704 671
876 16 B 720
877 16 720 675
878 16 B 721
879 16 721 676
880 16 715 671
881 16 B 722
882 16 B 723
883 16 716 663
884 16 B 724
885 16 722 674
886 16 723 675
887 16 B 725
888 16 B 726
889 16 724 669
890 16 B 727
891 16 725 679
892 16 726 676
893 16 727 670
894 16 721 678
895 16 B 728
896 16 728 688
897 16 729 686
898 16 712 730
899 16 B 731
900 16 730 732
901 16 659 730
902 16 734 733
903 16 659 735
904 16 737 736
905 16 738 684
906 16 701 739
907 16 B 740
908 16 735 741
909 16 652 739
910 16 743 742
911 16 739 744
912 16 646 745
913 16 747 746
914 16 726 678
915 16 727 674
916 16 B 748
917 16 B 749
918 16 750 682
919 16 626 644
920 16 745 751
921 16 569 644
922 16 748 688
923 16 749 679
924 17 753 752
925 17 755 754
926 17 752 756
927 17 754 757
928 17 759 758
929 17 758 760
930 17 573 647
931 17 647 650
932 17 756 761
933 17 757 762
934 17 760 763
935 17 650 655
936 17 765 764
937 17 764 766
938 17 766 767
939 17 761 768
940 17 762 769
941 17 763 770
942 17 655 662
943 17 767 771
944 17 773 772
945 17 772 774
946 17 774 775
947 17 775 776
948 17 768 777
949 17 769 778
950 17 770 779
951 17 662 670
952 17 771 780
953 17 776 771
954 17 782 781
955 17 781 783
956 17 783 784
957 17 784 775
958 17 777 785
959 17 778 786
960 17 779 787
961 17 670 676
962 17 780 779
963 17 789 788
964 17 788 790
965 17 790 783
966 17 785 791
967 17 786 792
968 17 787 785
969 17 676 679
970 17 794 793
971 17 793 788
972 17 752 795
973 17 760 797
974 17 755 796
975 17 767 798
976 17 776 798
977 17 791 792
978 17 792 799
979 17 679 688
980 17 B 794
981 17 B 800
982 17 800 801
983 17 803 802
984 17 805 804
985 17 802 806
986 17 804 807
987 17 808 802
988 17 810 809
989 17 794 808
990 17 811 810
991 17 813 812
992 17 815 814
993 17 816 813
994 17 817 815
995 17 819 818
996 17 821 820
997 17 818 822
998 17 820 823
999 17 825 824
1000 17 827 826
1001 17 828 825
1002 17 829 827
1003 17 809 807
1004 17 812 830
1005 17 814 831
1006 17 824 832
1007 17 826 833
1008 17 835 834
1009 17 837 836
1010 17 834 838
1011 17 836 839
1012 17 841 840
1013 17 843 842
1014 17 844 841
1015 17 845 843
1016 17 840 846
1017 17 842 847
1018 17 848 824
1019 17 850 849
1020 17 851 848
1021 17 852 850
1022 17 854 853
1023 17 856 855
1024 17 857 854
1025 17 858 856
1026 17 860 859
1027 17 862 861
1028 17 863 860
1029 17 864 862
1030 17 866 865
1031 17 865 867
1032 17 869 868
1033 17 870 869
1034 17 868 871
1035 17 873 872
1036 17 874 873
1037 17 849 833
1038 17 853 875
1039 17 855 876
1040 17 859 877
1041 17 861 878
1042 17 872 879
1043 17 880 859
1044 17 882 881
1045 17 883 880
1046 17 884 882
1047 17 886 885
1048 17 888 887
1049 17 889 886
1050 17 890 888
1051 17 892 891
1052 17 893 892
1053 17 881 878
1054 17 885 894
1055 17 887 895
1056 17 891 896
1057 17 898 897
1058 17 901 900
1059 17 902 733
1060 17 903 900
1061 17 904 733
1062 17 906 905
1063 17 909 908
1064 17 910 736
1065 17 912 911
1066 17 913 742
1067 17 915 914
1068 17 917 916
1069 17 919 918
1070 17 921 920
1071 17 B 746
1072 17 923 922
1073 18 925 924
1074 18 927 926
1075 18 924 928
1076 18 926 929
1077 18 930 925
1078 18 931 927
1079 18 933 932
1080 18 932 934
1081 18 935 933
1082 18 928 936
1083 18 929 937
1084 18 934 938
1085 18 940 939
1086 18 939 941
1087 18 942 940
1088 18 941 943
1089 18 936 944
1090 18 937 945
1091 18 938 946
1092 18 943 947
1093 18 949 948
1094 18 948 950
1095 18 951 949
1096 18 950 952
1097 18 952 953
1098 18 944 954
1099 18 945 955
1100 18 946 956
1101 18 947 957
1102 18 953 947
1103 18 959 958
1104 18 958 960
1105 18 961 959
1106 18 960 962
1107 18 962 952
1108 18 954 963
1109 18 955 964
1110 18 956 965
1111 18 957 956
1112 18 967 966
1113 18 966 968
1114 18 969 967
1115 18 968 960
1116 18 963 970
1117 18 964 971
1118 18 965 964
1119 18 796 972
1120 18 795 973
1121 18 606 974
1122 18 797 975
1123 18 798 976
1124 18 978 977
1125 18 977 966
1126 18 979 978
1127 18 981 980
1128 18 982 970
1129 18 984 983
1130 18 986 985
1131 18 988 987
1132 18 990 989
1133 18 992 991
1134 18 994 993
1135 18 996 995
1136 18 998 997
1137 18 1000 999
1138 18 1002 1001
1139 18 1003 985
1140 18 1005 1004
1141 18 1007 1006
1142 18 1009 1008
1143 18 1011 1010
1144 18 1013 1012
1145 18 1015 1014
1146 18 1017 1016
1147 18 1019 1018
1148 18 1021 1020
1149 18 1023 1022
1150 18 1025 1024
1151 18 1027 1026
1152 18 1029 1028
1153 18 B 1030
1154 18 B 1031
1155 18 B 1032
1156 18 B 1033
1157 18 B 1034
1158 18 B 1035
1159 18 B 1036
1160 18 1037 1006
1161 18 1039 1038
1162 18 1041 1040
1163 18 B 1042
1164 18 1044 1043
1165 18 1046 1045
1166 18 1048 1047
1167 18 1050 1049
1168 18 B 1051
1169 18 B 1052
1170 18 1053 1040
1171 18 1055 1054
1172 18 B 1056
1173 18 899 1057
1174 18 1059 1058
1175 18 1061 1060
1176 18 907 1062
1177 18 1064 1063
1178 18 1066 1065
1179 18 1068 1067
1180 18 B 1069
1181 18 1071 1070
1182 18 B 1072
1183 19 1074 1073
1184 19 1076 1075
1185 19 1078 1077
1186 19 1079 1074
1187 19 1080 1076
1188 19 1081 1078
1189 19 1083 1082
1190 19 1084 1083
1191 19 1085 1079
1192 19 1086 1080
1193 19 1087 1081
1194 19 1088 1084
1195 19 1090 1089
1196 19 1091 1090
1197 19 1092 1091
1198 19 1093 1085
1199 19 1094 1086
1200 19 1095 1087
1201 19 1096 1088
1202 19 1097 1092
1203 19 1099 1098
1204 19 1100 1099
1205 19 1101 1100
1206 19 1102 1101
1207 19 1103 1093
1208 19 1104 1094
1209 19 1105 1095
1210 19 1106 1096
1211 19 1107 1097
1212 19 1097 1102
1213 19 1109 1108
1214 19 1110 1109
1215 19 1111 1110
1216 19 1101 1111
1217 19 1112 1103
1218 19 1113 1104
1219 19 1114 1105
1220 19 1115 1106
1221 19 1106 1107
1222 19 1117 1116
1223 19 1118 1117
1224 19 1110 1118
1225 19 B 1119
1226 19 1120 1076
1227 19 B 1121
1228 19 1119 1073
1229 19 B 1120
1230 19 1122 1084
1231 19 B 1122
1232 19 1123 1092
1233 19 B 1123
1234 19 1123 1102
1235 19 1124 1112
1236 19 1125 1113
1237 19 1126 1114
1238 19 1113 1115
1239 19 1128 1127
1240 19 1130 1129
1241 19 1131 1128
1242 19 1132 1127
1243 19 1133 1130
1244 19 1134 1129
1245 19 1136 1135
1246 19 1137 1136
1247 19 1138 1135
1248 19 1139 1131
1249 19 1140 1133
1250 19 1141 1137
1251 19 1143 1142
1252 19 1144 1143
1253 19 1145 1142
1254 19 1146 1144
1255 19 1133 1139
1256 19 1134 1131
1257 19 1147 1140
1258 19 1148 1133
1259 19 1131 1132
1260 19 1133 1134
1261 19 1149 1141
1262 19 1150 1137
1263 19 1137 1138
1264 19 1151 1146
1265 19 1152 1144
1266 19 1144 1145
1267 19 1154 1153
1268 19 1155 1154
1269 19 1156 1153
1270 19 1157 1155
1271 19 1158 1157
1272 19 1159 1155
1273 19 1155 1156
1274 19 1160 1147
1275 19 1161 1149
1276 19 1162 1151
1277 19 1163 1158
1278 19 1149 1160
1279 19 1150 1147
1280 19 1147 1148
1281 19 1164 1161
1282 19 1165 1149
1283 19 1149 1150
1284 19 1166 1162
1285 19 1167 1151
1286 19 1151 1152
1287 19 1168 1163
1288 19 1169 1158
1289 19 1158 1159
1290 19 1170 1164
1291 19 1171 1166
1292 19 1172 1168
1293 19 1173 1160
1294 19 1174 1102
1295 19 B 1173
1296 19 B 1097
1297 19 B 1174
1298 19 B 1102
1299 19 1174 1092
1300 19 B 1175
1301 19 B 1092
1302 19 1167 1164
1303 19 1164 1165
1304 19 1173 1141
1305 19 1175 1084
1306 19 B 1176
1307 19 B 1088
1308 19 B 1177
1309 19 B 1084
1310 19 B 1080
1311 19 1177 1076
1312 19 B 1178
1313 19 B 1076
1314 19 1179 1166
1315 19 1166 1167
1316 19 1176 1143
1317 19 1178 1073
1318 19 B 1180
1319 19 B 1074
1320 19 B 1181
1321 19 B 1073
1322 19 B 1077
1323 19 1182 1168
1324 19 1168 1169
1325 20 1184 1183
1326 20 1075 1073
1327 20 1183 1185
1328 20 1073 1077
1329 20 1187 1186
1330 20 1186 1188
1331 20 1189 1184
1332 20 1082 1075
1333 20 1190 1187
1334 20 1192 1191
1335 20 1191 1193
1336 20 1194 1192
1337 20 1195 1189
1338 20 1089 1082
1339 20 1196 1190
1340 20 1197 1194
1341 20 1199 1198
1342 20 1198 1200
1343 20 1201 1199
1344 20 1202 1201
1345 20 1203 1195
1346 20 1098 1089
1347 20 1204 1196
1348 20 1205 1197
1349 20 1206 1202
1350 20 1208 1207
1351 20 1207 1209
1352 20 1210 1208
1353 20 1211 1210
1354 20 1212 1211
1355 20 1213 1203
1356 20 1108 1098
1357 20 1214 1204
1358 20 1215 1205
1359 20 1216 1206
1360 20 1206 1212
1361 20 1218 1217
1362 20 1217 1219
1363 20 1220 1218
1364 20 1221 1220
1365 20 1211 1221
1366 20 1222 1213
1367 20 1116 1108
1368 20 1223 1214
1369 20 1224 1215
1370 20 1215 1216
1371 20 1226 1225
1372 20 1228 1227
1373 20 1230 1229
1374 20 1232 1231
1375 20 1234 1233
1376 20 1236 1235
1377 20 1235 1237
1378 20 1238 1236
1379 20 1220 1238
1380 20 1239 1222
1381 20 1127 1116
1382 20 B 1240
1383 20 B 1129
1384 20 1241 1223
1385 20 1242 1222
1386 20 B 1243
1387 20 B 1244
1388 20 1240 1203
1389 20 1129 1098
1390 20 B 1245
1391 20 B 1135
1392 20 1243 1204
1393 20 1244 1203
1394 20 B 1246
1395 20 B 1247
1396 20 1248 1224
1397 20 B 1249
1398 20 1249 1205
1399 20 B 1250
1400 20 1245 1189
1401 20 1135 1082
1402 20 B 1251
1403 20 B 1142
1404 20 1246 1190
1405 20 1247 1189
1406 20 B 1252
1407 20 B 1253
1408 20 1250 1194
1409 20 B 1254
1410 20 1255 1215
1411 20 1256 1224
1412 20 B 1257
1413 20 B 1258
1414 20 1259 1223
1415 20 B 1260
1416 20 1257 1206
1417 20 1258 1205
1418 20 B 1261
1419 20 B 1262
1420 20 1260 1204
1421 20 B 1263
1422 20 1261 1201
1423 20 1262 1194
1424 20 B 1264
1425 20 B 1265
1426 20 1263 1190
1427 20 B 1266
1428 20 1251 1183
1429 20 1142 1073
1430 20 B 1267
1431 20 B 1153
1432 20 1252 1186
1433 20 1253 1183
1434 20 B 1268
1435 20 B 1269
1436 20 1254 1191
1437 20 B 1270
1438 20 1264 1198
1439 20 1265 1191
1440 20 B 1271
1441 20 B 1272
1442 20 1266 1186
1443 20 B 1273
1444 20 1249 1216
1445 20 B 1274
1446 20 1274 1212
1447 20 B 1275
1448 20 1275 1210
1449 20 B 1276
1450 20 1276 1207
1451 20 B 1277
1452 20 1258 1216
1453 20 B 1278
1454 20 B 1279
1455 20 1260 1215
1456 20 B 1280
1457 20 1278 1211
1458 20 1279 1212
1459 20 B 1281
1460 20 B 1282
1461 20 1280 1206
1462 20 B 1283
1463 20 1281 1220
1464 20 1282 1210
1465 20 B 1284
1466 20 B 1285
1467 20 1283 1201
1468 20 B 1286
1469 20 1284 1217
1470 20 1285 1207
1471 20 B 1287
1472 20 B 1288
1473 20 1286 1198
1474 20 B 1289
1475 20 1275 1221
1476 20 B 1290
1477 20 1290 1238
1478 20 B 1291
1479 20 1291 1235
1480 20 B 1292
1481 20 1293 1233
1482 20 1279 1294
1483 20 B 1295
1484 20 1294 1296
1485 20 1206 1294
1486 20 1298 1297
1487 20 1206 1299
1488 20 1301 1300
1489 20 1282 1221
1490 20 1283 1211
1491 20 B 1302
1492 20 B 1303
1493 20 1304 1231
1494 20 1262 1305
1495 20 B 1306
1496 20 1299 1307
1497 20 1197 1305
1498 20 1309 1308
1499 20 1305 1310
1500 20 1190 1311
1501 20 1313 1312
1502 20 1302 1238
1503 20 1303 1220
1504 20 B 1314
1505 20 B 1315
1506 20 1316 1225
1507 20 1253 1317
1508 20 B 1318
1509 20 1311 1319
1510 20 1184 1317
1511 20 1321 1320
1512 20 1317 1322
1513 20 1073 1181
1514 20 1314 1235
1515 20 1315 1217
1516 20 B 1323
1517 20 B 1324
1518 21 1326 1325
1519 21 1328 1327
1520 21 1325 1329
1521 21 1327 1330
1522 21 1332 1331
1523 21 1331 1333
1524 21 1077 1185
1525 21 1185 1188
1526 21 1329 1334
1527 21 1330 1335
1528 21 1333 1336
1529 21 1188 1193
1530 21 1338 1337
1531 21 1337 1339
1532 21 1339 1340
1533 21 1334 1341
1534 21 1335 1342
1535 21 1336 1343
1536 21 1193 1200
1537 21 1340 1344
1538 21 1346 1345
1539 21 1345 1347
1540 21 1347 1348
1541 21 1348 1349
1542 21 1341 1350
1543 21 1342 1351
1544 21 1343 1352
1545 21 1200 1209
1546 21 1344 1353
1547 21 1349 1354
1548 21 1356 1355
1549 21 1355 1357
1550 21 1357 1358
1551 21 1358 1359
1552 21 1359 1360
1553 21 1350 1361
1554 21 1351 1362
1555 21 1352 1363
1556 21 1209 1219
1557 21 1353 1364
1558 21 1354 1365
1559 21 1360 1354
1560 21 1367 1366
1561 21 1366 1368
1562 21 1368 1369
1563 21 1369 1370
1564 21 1370 1359
1565 21 1325 1371
1566 21 1333 1373
1567 21 1328 1372
1568 21 1340 1374
1569 21 1349 1375
1570 21 1360 1375
1571 21 1361 1376
1572 21 1362 1377
1573 21 1363 1378
1574 21 1219 1237
1575 21 1364 1379
1576 21 1365 1364
1577 21 1381 1380
1578 21 1383 1382
1579 21 1385 1384
1580 21 1387 1386
1581 21 1381 1385
1582 21 1383 1387
1583 21 1389 1388
1584 21 1391 1390
1585 21 1393 1392
1586 21 1395 1394
1587 21 1389 1393
1588 21 1391 1395
1589 21 1384 1396
1590 21 1386 1397
1591 21 1392 1398
1592 21 1394 1399
1593 21 1401 1400
1594 21 1403 1402
1595 21 1405 1404
1596 21 1407 1406
1597 21 1401 1405
1598 21 1403 1407
1599 21 1404 1408
1600 21 1406 1409
1601 21 1411 1410
1602 21 1413 1412
1603 21 1414 1411
1604 21 1415 1413
1605 21 1417 1416
1606 21 1419 1418
1607 21 1420 1417
1608 21 1421 1419
1609 21 1423 1422
1610 21 1425 1424
1611 21 1426 1423
1612 21 1427 1425
1613 21 1429 1428
1614 21 1431 1430
1615 21 1433 1432
1616 21 1435 1434
1617 21 1429 1433
1618 21 1431 1435
1619 21 1432 1436
1620 21 1434 1437
1621 21 1439 1438
1622 21 1441 1440
1623 21 1442 1439
1624 21 1443 1441
1625 21 1410 1444
1626 21 1412 1445
1627 21 1416 1446
1628 21 1418 1447
1629 21 1422 1448
1630 21 1424 1449
1631 21 1438 1450
1632 21 1440 1451
1633 21 1452 1416
1634 21 1454 1453
1635 21 1455 1452
1636 21 1456 1454
1637 21 1458 1457
1638 21 1460 1459
1639 21 1461 1458
1640 21 1462 1460
1641 21 1464 1463
1642 21 1466 1465
1643 21 1467 1464
1644 21 1468 1466
1645 21 1470 1469
1646 21 1472 1471
1647 21 1473 1470
1648 21 1474 1472
1649 21 1453 1447
1650 21 1457 1475
1651 21 1459 1476
1652 21 1463 1477
1653 21 1465 1478
1654 21 1469 1479
1655 21 1471 1480
1656 21 1482 1481
1657 21 1485 1484
1658 21 1486 1297
1659 21 1487 1484
1660 21 1488 1297
1661 21 1490 1489
1662 21 1492 1491
1663 21 1494 1493
1664 21 1497 1496
1665 21 1498 1300
1666 21 1500 1499
1667 21 1501 1308
1668 21 1503 1502
1669 21 1505 1504
1670 21 1507 1506
1671 21 1510 1509
1672 21 1511 1312
1673 21 1513 1512
1674 21 B 1320
1675 21 1515 1514
1676 21 1517 1516
1677 22 1519 1518
1678 22 1521 1520
1679 22 1518 1522
1680 22 1520 1523
1681 22 1524 1519
1682 22 1525 1521
1683 22 1527 1526
1684 22 1526 1528
1685 22 1529 1527
1686 22 1522 1530
1687 22 1523 1531
1688 22 1528 1532
1689 22 1534 1533
1690 22 1533 1535
1691 22 1536 1534
1692 22 1535 1537
1693 22 1530 1538
1694 22 1531 1539
1695 22 1532 1540
1696 22 1537 1541
1697 22 1543 1542
1698 22 1542 1544
1699 22 1545 1543
1700 22 1544 1546
1701 22 1546 1547
1702 22 1538 1548
1703 22 1539 1549
1704 22 1540 1550
1705 22 1541 1551
1706 22 1547 1552
1707 22 1554 1553
1708 22 1553 1555
1709 22 1556 1554
1710 22 1555 1557
1711 22 1557 1558
1712 22 1558 1559
1713 22 1548 1560
1714 22 1549 1561
1715 22 1550 1562
1716 22 1551 1563
1717 22 1552 1564
1718 22 1559 1552
1719 22 1372 1565
1720 22 1371 1566
1721 22 1121 1567
1722 22 1373 1568
1723 22 1374 1569
1724 22 1375 1570
1725 22 1572 1571
1726 22 1571 1573
1727 22 1574 1572
1728 22 1573 1575
1729 22 1575 1576
1730 22 1576 1558
1731 22 1578 1577
1732 22 1580 1579
1733 22 1582 1581
1734 22 1584 1583
1735 22 1586 1585
1736 22 1588 1587
1737 22 1590 1589
1738 22 1592 1591
1739 22 1594 1593
1740 22 1596 1595
1741 22 1598 1597
1742 22 1600 1599
1743 22 1602 1601
1744 22 1604 1603
1745 22 1606 1605
1746 22 1608 1607
1747 22 1610 1609
1748 22 1612 1611
1749 22 1614 1613
1750 22 1616 1615
1751 22 1618 1617
1752 22 1620 1619
1753 22 1622 1621
1754 22 1624 1623
1755 22 1626 1625
1756 22 1628 1627
1757 22 1630 1629
1758 22 1632 1631
1759 22 1634 1633
1760 22 1636 1635
1761 22 1638 1637
1762 22 1640 1639
1763 22 1642 1641
1764 22 1644 1643
1765 22 1646 1645
1766 22 1648 1647
1767 22 1649 1627
1768 22 1651 1650
1769 22 1653 1652
1770 22 1655 1654
1771 22 1483 1656
1772 22 1658 1657
1773 22 1660 1659
1774 22 1662 1661
1775 22 1495 1663
1776 22 1665 1664
1777 22 1667 1666
1778 22 1669 1668
1779 22 1508 1670
1780 22 1672 1671
1781 22 1674 1673
1782 22 1676 1675
1783 23 1678 1677
1784 23 1680 1679
1785 23 1682 1681
1786 23 1683 1678
1787 23 1684 1680
1788 23 1685 1682
1789 23 1687 1686
1790 23 1688 1687
1791 23 1689 1683
1792 23 1690 1684
1793 23 1691 1685
1794 23 1692 1688
1795 23 1694 1693
1796 23 1695 1694
1797 23 1696 1695
1798 23 1697 1689
1799 23 1698 1690
1800 23 1699 1691
1801 23 1700 1692
1802 23 1701 1696
1803 23 1703 1702
1804 23 1704 1703
1805 23 1705 1704
1806 23 1706 1705
1807 23 1707 1697
1808 23 1708 1698
1809 23 1709 1699
1810 23 1710 1700
1811 23 1711 1701
1812 23 1712 1706
1813 23 1714 1713
1814 23 1715 1714
1815 23 1716 1715
1816 23 1717 1716
1817 23 1718 1717
1818 23 B 1719
1819 23 1720 1680
1820 23 B 1721
1821 23 1719 1677
1822 23 B 1720
1823 23 1722 1688
1824 23 B 1722
1825 23 1723 1696
1826 23 B 1723
1827 23 1724 1706
1828 23 B 1724
1829 23 1724 1718
1830 23 1725 1707
1831 23 1726 1708
1832 23 1727 1709
1833 23 1728 1710
1834 23 1729 1711
1835 23 1730 1712
1836 23 1712 1718
1837 23 1732 1731
1838 23 1735 1734
1839 23 1737 1732
1840 23 1738 1735
1841 23 1740 1739
1842 23 1742 1740
1843 23 1743 1737
1844 23 1744 1732
1845 23 1745 1738
1846 23 1746 1735
1847 23 1732 1733
1848 23 1735 1736
1849 23 1747 1742
1850 23 1748 1740
1851 23 1740 1741
1852 23 1750 1749
1853 23 1752 1750
1854 23 1753 1752
1855 23 1754 1750
1856 23 1750 1751
1857 23 1755 1743
1858 23 1756 1745
1859 23 1757 1747
1860 23 1758 1753
1861 23 1759 1755
1862 23 1760 1743
1863 23 1761 1756
1864 23 1762 1745
1865 23 1743 1744
1866 23 1745 1746
1867 23 1763 1757
1868 23 1764 1747
1869 23 1747 1748
1870 23 1765 1758
1871 23 1766 1753
1872 23 1753 1754
1873 23 1767 1759
1874 23 1768 1761
1875 23 1769 1763
1876 23 1770 1765
1877 23 1771 1767
1878 23 1772 1718
1879 23 1762 1759
1880 23 B 1771
1881 23 B 1712
1882 23 1772 1706
1883 23 B 1772
1884 23 B 1773
1885 23 B 1706
1886 23 1759 1760
1887 23 1774 1761
1888 23 1761 1762
1889 23 1771 1756
1890 23 1773 1696
1891 23 B 1775
1892 23 B 1701
1893 23 B 1776
1894 23 B 1696
1895 23 B 1692
1896 23 1776 1688
1897 23 B 1777
1898 23 B 1688
1899 23 1778 1763
1900 23 1763 1764
1901 23 1775 1742
1902 23 1777 1680
1903 23 B 1779
1904 23 B 1684
1905 23 B 1780
1906 23 B 1680
1907 23 B 1678
1908 23 1780 1677
1909 23 B 1781
1910 23 B 1677
1911 23 1782 1765
1912 23 1765 1766
1913 23 1779 1749
1914 23 B 1681
1915 24 1784 1783
1916 24 1679 1677
1917 24 1783 1785
1918 24 1677 1681
1919 24 1787 1786
1920 24 1786 1788
1921 24 1789 1784
1922 24 1686 1679
1923 24 1790 1787
1924 24 1792 1791
1925 24 1791 1793
1926 24 1794 1792
1927 24 1795 1789
1928 24 1693 1686
1929 24 1796 1790
1930 24 1797 1794
1931 24 1799 1798
1932 24 1798 1800
1933 24 1801 1799
1934 24 1802 1801
1935 24 1803 1795
1936 24 1702 1693
1937 24 1804 1796
1938 24 1805 1797
1939 24 1806 1802
1940 24 1808 1807
1941 24 1807 1809
1942 24 1810 1808
1943 24 1811 1810
1944 24 1812 1811
1945 24 1813 1803
1946 24 1713 1702
1947 24 1814 1804
1948 24 1815 1805
1949 24 1816 1806
1950 24 1817 1812
1951 24 1819 1818
1952 24 1821 1820
1953 24 1823 1822
1954 24 1825 1824
1955 24 1827 1826
1956 24 1829 1828
1957 24 1831 1830
1958 24 1830 1832
1959 24 1833 1831
1960 24 1834 1833
1961 24 1835 1834
1962 24 1836 1835
1963 24 1837 1813
1964 24 1733 1713
1965 24 B 1838
1966 24 B 1736
1967 24 1839 1814
1968 24 B 1840
1969 24 1838 1795
1970 24 1736 1693
1971 24 B 1841
1972 24 B 1741
1973 24 1840 1796
1974 24 B 1842
1975 24 1843 1815
1976 24 1844 1814
1977 24 B 1845
1978 24 B 1846
1979 24 1847 1813
1980 24 B 1848
1981 24 1845 1797
1982 24 1846 1796
1983 24 B 1849
1984 24 B 1850
1985 24 1848 1795
1986 24 B 1851
1987 24 1841 1784
1988 24 1741 1679
1989 24 B 1852
1990 24 B 1751
1991 24 1842 1787
1992 24 B 1853
1993 24 1849 1792
1994 24 1850 1787
1995 24 B 1854
1996 24 B 1855
1997 24 1851 1784
1998 24 B 1856
1999 24 1857 1816
2000 24 B 1858
2001 24 1858 1802
2002 24 B 1859
2003 24 1859 1799
2004 24 B 1860
2005 24 1852 1785
2006 24 1751 1681
2007 24 1853 1788
2008 24 1854 1793
2009 24 1855 1788
2010 24 1856 1785
2011 24 1860 1800
2012 24 1861 1817
2013 24 1862 1816
2014 24 B 1863
2015 24 B 1864
2016 24 1865 1815
2017 24 B 1866
2018 24 1863 1811
2019 24 1864 1802
2020 24 B 1867
2021 24 B 1868
2022 24 1866 1797
2023 24 B 1869
2024 24 1867 1808
2025 24 1868 1799
2026 24 B 1870
2027 24 B 1871
2028 24 1869 1792
2029 24 B 1872
2030 24 1870 1809
2031 24 1871 1800
2032 24 1872 1793
2033 24 1873 1836
2034 24 B 1874
2035 24 1874 1834
2036 24 B 1875
2037 24 1875 1831
2038 24 B 1876
2039 24 1876 1832
2040 24 1877 1828
2041 24 1879 1878
2042 24 B 1880
2043 24 1878 1881
2044 24 1817 1882
2045 24 1885 1884
2046 24 1879 1836
2047 24 1886 1817
2048 24 B 1887
2049 24 B 1888
2050 24 1889 1826
2051 24 1864 1890
2052 24 B 1891
2053 24 1882 1892
2054 24 1806 1890
2055 24 1894 1893
2056 24 1890 1895
2057 24 1797 1896
2058 24 1898 1897
2059 24 1887 1834
2060 24 1888 1811
2061 24 B 1899
2062 24 B 1900
2063 24 1901 1822
2064 24 1850 1902
2065 24 B 1903
2066 24 1896 1904
2067 24 1790 1902
2068 24 1906 1905
2069 24 1902 1907
2070 24 1784 1908
2071 24 1910 1909
2072 24 1899 1831
2073 24 1900 1808
2074 24 B 1911
2075 24 B 1912
2076 24 1913 1820
2077 24 1751 1781
2078 24 1908 1914
2079 24 1677 1781
2080 24 1911 1832
2081 24 1912 1809
2082 25 1916 1915
2083 25 1918 1917
2084 25 1915 1919
2085 25 1917 1920
2086 25 1922 1921
2087 25 1921 1923
2088 25 1681 1785
2089 25 1785 1788
2090 25 1919 1924
2091 25 1920 1925
2092 25 1923 1926
2093 25 1788 1793
2094 25 1928 1927
2095 25 1927 1929
2096 25 1929 1930
2097 25 1924 1931
2098 25 1925 1932
2099 25 1926 1933
2100 25 1793 1800
2101 25 1930 1934
2102 25 1936 1935
2103 25 1935 1937
2104 25 1937 1938
2105 25 1938 1939
2106 25 1931 1940
2107 25 1932 1941
2108 25 1933 1942
2109 25 1800 1809
2110 25 1934 1943
2111 25 1939 1944
2112 25 1946 1945
2113 25 1945 1947
2114 25 1947 1948
2115 25 1948 1949
2116 25 1949 1950
2117 25 1915 1951
2118 25 1923 1953
2119 25 1918 1952
2120 25 1930 1954
2121 25 1939 1955
2122 25 1950 1956
2123 25 1940 1957
2124 25 1941 1958
2125 25 1942 1959
2126 25 1809 1832
2127 25 1943 1960
2128 25 1944 1961
2129 25 1950 1962
2130 25 1964 1963
2131 25 1966 1965
2132 25 1963 1967
2133 25 1965 1968
2134 25 1970 1969
2135 25 1972 1971
2136 25 1969 1973
2137 25 1971 1974
2138 25 1976 1975
2139 25 1978 1977
2140 25 1979 1976
2141 25 1980 1978
2142 25 1982 1981
2143 25 1984 1983
2144 25 1985 1982
2145 25 1986 1984
2146 25 1988 1987
2147 25 1990 1989
2148 25 1987 1991
2149 25 1989 1992
2150 25 1994 1993
2151 25 1996 1995
2152 25 1997 1994
2153 25 1998 1996
2154 25 1975 1999
2155 25 1977 2000
2156 25 1981 2001
2157 25 1983 2002
2158 25 1993 2003
2159 25 1995 2004
2160 25 2006 2005
2161 25 2005 2007
2162 25 2009 2008
2163 25 2010 2009
2164 25 2008 2011
2165 25 2013 2012
2166 25 2015 2014
2167 25 2016 2013
2168 25 2017 2015
2169 25 2019 2018
2170 25 2021 2020
2171 25 2022 2019
2172 25 2023 2021
2173 25 2025 2024
2174 25 2027 2026
2175 25 2028 2025
2176 25 2029 2027
2177 25 2031 2030
2178 25 2032 2031
2179 25 2012 2033
2180 25 2014 2034
2181 25 2018 2035
2182 25 2020 2036
2183 25 2024 2037
2184 25 2026 2038
2185 25 2030 2039
2186 25 2041 2040
2187 25 2044 2043
2188 25 2045 1883
2189 25 2047 2046
2190 25 2049 2048
2191 25 2051 2050
2192 25 2054 2053
2193 25 2055 1884
2194 25 2057 2056
2195 25 2058 1893
2196 25 2060 2059
2197 25 2062 2061
2198 25 2064 2063
2199 25 2067 2066
2200 25 2068 1897
2201 25 2070 2069
2202 25 2071 1905
2203 25 2073 2072
2204 25 2075 2074
2205 25 2077 2076
2206 25 2079 2078
2207 25 B 1909
2208 25 2081 2080
2209 26 2083 2082
2210 26 2085 2084
2211 26 2082 2086
2212 26 2084 2087
2213 26 2088 2083
2214 26 2089 2085
2215 26 2091 2090
2216 26 2090 2092
2217 26 2093 2091
2218 26 2086 2094
2219 26 2087 2095
2220 26 2092 2096
2221 26 2098 2097
2222 26 2097 2099
2223 26 2100 2098
2224 26 2099 2101
2225 26 2094 2102
2226 26 2095 2103
2227 26 2096 2104
2228 26 2101 2105
2229 26 2107 2106
2230 26 2106 2108
2231 26 2109 2107
2232 26 2108 2110
2233 26 2110 2111
2234 26 2102 2112
2235 26 2103 2113
2236 26 2104 2114
2237 26 2105 2115
2238 26 2111 2116
2239 26 1952 2117
2240 26 1951 2118
2241 26 1721 2119
2242 26 1953 2120
2243 26 1954 2121
2244 26 1955 2122
2245 26 2124 2123
2246 26 2123 2125
2247 26 2126 2124
2248 26 2125 2127
2249 26 2127 2128
2250 26 2128 2129
2251 26 2131 2130
2252 26 2133 2132
2253 26 2135 2134
2254 26 2137 2136
2255 26 2139 2138
2256 26 2141 2140
2257 26 2143 2142
2258 26 2145 2144
2259 26 2147 2146
2260 26 2149 2148
2261 26 2151 2150
2262 26 2153 2152
2263 26 2155 2154
2264 26 2157 2156
2265 26 2159 2158
2266 26 B 2160
2267 26 B 2161
2268 26 B 2162
2269 26 B 2163
2270 26 B 2164
2271 26 2166 2165
2272 26 2168 2167
2273 26 2170 2169
2274 26 2172 2171
2275 26 2174 2173
2276 26 2176 2175
2277 26 B 2177
2278 26 B 2178
2279 26 2180 2179
2280 26 2182 2181
2281 26 2184 2183
2282 26 B 2185
2283 26 2042 2186
2284 26 2188 2187
2285 26 2190 2189
2286 26 2052 2191
2287 26 2193 2192
2288 26 2195 2194
2289 26 2197 2196
2290 26 2065 2198
2291 26 2200 2199
2292 26 2202 2201
2293 26 2204 2203
2294 26 B 2205
2295 26 2207 2206
2296 26 B 2208
2297 27 2210 2209
2298 27 2212 2211
2299 27 2214 2213
2300 27 2215 2210
2301 27 2216 2212
2302 27 2217 2214
2303 27 2219 2218
2304 27 2220 2219
2305 27 2221 2215
2306 27 2222 2216
2307 27 2223 2217
2308 27 2224 2220
2309 27 2226 2225
2310 27 2227 2226
2311 27 2228 2227
2312 27 2229 2221
2313 27 2230 2222
2314 27 2231 2223
2315 27 2232 2224
2316 27 2233 2228
2317 27 2235 2234
2318 27 2236 2235
2319 27 2237 2236
2320 27 2238 2237
2321 27 B 2239
2322 27 2240 2212
2323 27 B 2241
2324 27 2239 2209
2325 27 B 2240
2326 27 2242 2220
2327 27 B 2242
2328 27 2243 2228
2329 27 B 2243
2330 27 2244 2238
2331 27 2245 2229
2332 27 2246 2230
2333 27 2247 2231
2334 27 2248 2232
2335 27 2249 2233
2336 27 2250 2238
2337 27 2252 2251
2338 27 2254 2253
2339 27 2255 2252
2340 27 2256 2251
2341 27 2257 2254
2342 27 2258 2253
2343 27 2260 2259
2344 27 2261 2260
2345 27 2262 2259
2346 27 2263 2255
2347 27 2264 2257
2348 27 2265 2261
2349 27 2267 2266
2350 27 2268 2267
2351 27 2269 2266
2352 27 2270 2268
2353 27 2271 2263
2354 27 2272 2255
2355 27 2273 2264
2356 27 2274 2257
2357 27 2255 2256
2358 27 2257 2258
2359 27 2275 2265
2360 27 2276 2261
2361 27 2261 2262
2362 27 2277 2270
2363 27 2278 2268
2364 27 2268 2269
2365 27 2279 2271
2366 27 2280 2273
2367 27 2281 2275
2368 27 2282 2277
2369 27 B 2244
2370 27 2283 2279
2371 27 2284 2238
2372 27 2285 2271
2373 27 B 2286
2374 27 B 2233
2375 27 2287 2228
2376 27 B 2287
2377 27 B 2288
2378 27 B 2228
2379 27 2271 2272
2380 27 2289 2273
2381 27 2273 2274
2382 27 2286 2264
2383 27 2288 2220
2384 27 B 2290
2385 27 B 2224
2386 27 B 2291
2387 27 B 2220
2388 27 B 2216
2389 27 2291 2212
2390 27 B 2292
2391 27 B 2212
2392 27 2293 2275
2393 27 2275 2276
2394 27 2290 2260
2395 27 2292 2209
2396 27 B 2294
2397 27 B 2210
2398 27 B 2295
2399 27 B 2209
2400 27 B 2213
2401 27 2296 2277
2402 27 2277 2278
2403 28 2298 2297
2404 28 2211 2209
2405 28 2297 2299
2406 28 2209 2213
2407 28 2301 2300
2408 28 2300 2302
2409 28 2303 2298
2410 28 2218 2211
2411 28 2304 2301
2412 28 2306 2305
2413 28 2305 2307
2414 28 2308 2306
2415 28 2309 2303
2416 28 2225 2218
2417 28 2310 2304
2418 28 2311 2308
2419 28 2313 2312
2420 28 2312 2314
2421 28 2315 2313
2422 28 2316 2315
2423 28 2317 2309
2424 28 2234 2225
2425 28 2318 2310
2426 28 2319 2311
2427 28 2320 2316
2428 28 2322 2321
2429 28 2324 2323
2430 28 2326 2325
2431 28 2328 2327
2432 28 2330 2329
2433 28 2332 2331
2434 28 2331 2333
2435 28 2334 2332
2436 28 2335 2334
2437 28 2336 2335
2438 28 2337 2317
2439 28 2251 2234
2440 28 B 2338
2441 28 B 2253
2442 28 2339 2318
2443 28 2340 2317
2444 28 B 2341
2445 28 B 2342
2446 28 2338 2303
2447 28 2253 2218
2448 28 B 2343
2449 28 B 2259
2450 28 2341 2304
2451 28 2342 2303
2452 28 B 2344
2453 28 B 2345
2454 28 2346 2319
2455 28 B 2347
2456 28 2347 2308
2457 28 B 2348
2458 28 2343 2297
2459 28 2259 2209
2460 28 B 2349
2461 28 B 2266
2462 28 2344 2300
2463 28 2345 2297
2464 28 B 2350
2465 28 B 2351
2466 28 2348 2305
2467 28 B 2352
2468 28 2353 2320
2469 28 2354 2319
2470 28 B 2355
2471 28 B 2356
2472 28 2357 2318
2473 28 B 2358
2474 28 2355 2315
2475 28 2356 2308
2476 28 B 2359
2477 28 B 2360
2478 28 2358 2304
2479 28 B 2361
2480 28 2359 2312
2481 28 2360 2305
2482 28 B 2362
2483 28 B 2363
2484 28 2361 2300
2485 28 B 2364
2486 28 2365 2336
2487 28 B 2366
2488 28 2366 2334
2489 28 B 2367
2490 28 2367 2331
2491 28 B 2368
2492 28 2370 2369
2493 28 2372 2371
2494 28 B 2373
2495 28 2371 2374
2496 28 2320 2375
2497 28 2378 2377
2498 28 2372 2336
2499 28 2379 2320
2500 28 B 2380
2501 28 B 2381
2502 28 2382 2327
2503 28 2356 2383
2504 28 B 2384
2505 28 2375 2385
2506 28 2311 2383
2507 28 2387 2386
2508 28 2383 2388
2509 28 2304 2389
2510 28 2391 2390
2511 28 2380 2334
2512 28 2381 2315
2513 28 B 2392
2514 28 B 2393
2515 28 2394 2321
2516 28 2345 2395
2517 28 B 2396
2518 28 2389 2397
2519 28 2298 2395
2520 28 2399 2398
2521 28 2395 2400
2522 28 2209 2295
2523 28 2392 2331
2524 28 2393 2312
2525 28 B 2401
2526 28 B 2402
2527 29 2404 2403
2528 29 2406 2405
2529 29 2403 2407
2530 29 2405 2408
2531 29 2410 2409
2532 29 2409 2411
2533 29 2213 2299
2534 29 2299 2302
2535 29 2407 2412
2536 29 2408 2413
2537 29 2411 2414
2538 29 2302 2307
2539 29 2416 2415
2540 29 2415 2417
2541 29 2417 2418
2542 29 2412 2419
2543 29 2413 2420
2544 29 2414 2421
2545 29 2307 2314
2546 29 2418 2422
2547 29 2424 2423
2548 29 2423 2425
2549 29 2425 2426
2550 29 2426 2427
2551 29 2403 2428
2552 29 2411 2430
2553 29 2406 2429
2554 29 2418 2431
2555 29 2427 2432
2556 29 2419 2433
2557 29 2420 2434
2558 29 2421 2435
2559 29 2314 2333
2560 29 2422 2436
2561 29 2427 2437
2562 29 2439 2438
2563 29 2441 2440
2564 29 2443 2442
2565 29 2445 2444
2566 29 2439 2443
2567 29 2441 2445
2568 29 2447 2446
2569 29 2449 2448
2570 29 2451 2450
2571 29 2453 2452
2572 29 2447 2451
2573 29 2449 2453
2574 29 2442 2454
2575 29 2444 2455
2576 29 2450 2456
2577 29 2452 2457
2578 29 2459 2458
2579 29 2461 2460
2580 29 2463 2462
2581 29 2465 2464
2582 29 2459 2463
2583 29 2461 2465
2584 29 2462 2466
2585 29 2464 2467
2586 29 2469 2468
2587 29 2471 2470
2588 29 2472 2469
2589 29 2473 2471
2590 29 2475 2474
2591 29 2477 2476
2592 29 2478 2475
2593 29 2479 2477
2594 29 2481 2480
2595 29 2483 2482
2596 29 2484 2481
2597 29 2485 2483
2598 29 2468 2486
2599 29 2470 2487
2600 29 2474 2488
2601 29 2476 2489
2602 29 2480 2490
2603 29 2482 2491
2604 29 2493 2492
2605 29 2496 2495
2606 29 2497 2376
2607 29 2499 2498
2608 29 2501 2500
2609 29 2503 2502
2610 29 2506 2505
2611 29 2507 2377
2612 29 2509 2508
2613 29 2510 2386
2614 29 2512 2511
2615 29 2514 2513
2616 29 2516 2515
2617 29 2519 2518
2618 29 2520 2390
2619 29 2522 2521
2620 29 B 2398
2621 29 2524 2523
2622 29 2526 2525
2623 30 2528 2527
2624 30 2530 2529
2625 30 2527 2531
2626 30 2529 2532
2627 30 2533 2528
2628 30 2534 2530
2629 30 2536 2535
2630 30 2535 2537
2631 30 2538 2536
2632 30 2531 2539
2633 30 2532 2540
2634 30 2537 2541
2635 30 2543 2542
2636 30 2542 2544
2637 30 2545 2543
2638 30 2544 2546
2639 30 2539 2547
2640 30 2540 2548
2641 30 2541 2549
2642 30 2546 2550
2643 30 2429 2551
2644 30 2428 2552
2645 30 2241 2553
2646 30 2430 2554
2647 30 2431 2555
2648 30 2557 2556
2649 30 2556 2558
2650 30 2559 2557
2651 30 2558 2560
2652 30 2560 2561
2653 30 2563 2562
2654 30 2565 2564
2655 30 2567 2566
2656 30 2569 2568
2657 30 2571 2570
2658 30 2573 2572
2659 30 2575 2574
2660 30 2577 2576
2661 30 2579 2578
2662 30 2581 2580
2663 30 2583 2582
2664 30 2585 2584
2665 30 2587 2586
2666 30 2589 2588
2667 30 2591 2590
2668 30 2593 2592
2669 30 2595 2594
2670 30 2597 2596
2671 30 2599 2598
2672 30 2601 2600
2673 30 2603 2602
2674 30 2494 2604
2675 30 2606 2605
2676 30 2608 2607
2677 30 2504 2609
2678 30 2611 2610
2679 30 2613 2612
2680 30 2615 2614
2681 30 2517 2616
2682 30 2618 2617
2683 30 2620 2619
2684 30 2622 2621
2685 31 2624 2623
2686 31 2626 2625
2687 31 2628 2627
2688 31 2629 2624
2689 31 2630 2626
2690 31 2631 2628
2691 31 2633 2632
2692 31 2634 2633
2693 31 2635 2629
2694 31 2636 2630
2695 31 2637 2631
2696 31 2638 2634
2697 31 2640 2639
2698 31 2641 2640
2699 31 2642 2641
2700 31 B 2643
2701 31 2644 2626
2702 31 B 2645
2703 31 2643 2623
2704 31 B 2644
2705 31 2646 2634
2706 31 B 2646
2707 31 2647 2642
2708 31 2648 2635
2709 31 2649 2636
2710 31 2650 2637
2711 31 2651 2638
2712 31 2652 2642
2713 31 2654 2653
2714 31 2657 2656
2715 31 2659 2654
2716 31 2660 2657
2717 31 2662 2661
2718 31 2664 2662
2719 31 2665 2659
2720 31 2666 2654
2721 31 2667 2660
2722 31 2668 2657
2723 31 2654 2655
2724 31 2657 2658
2725 31 2669 2664
2726 31 2670 2662
2727 31 2662 2663
2728 31 2671 2665
2729 31 2672 2667
2730 31 2673 2669
2731 31 B 2647
2732 31 2674 2671
2733 31 2675 2642
2734 31 2676 2665
2735 31 B 2677
2736 31 B 2638
2737 31 2678 2634
2738 31 B 2678
2739 31 B 2679
2740 31 B 2634
2741 31 2665 2666
2742 31 2680 2667
2743 31 2667 2668
2744 31 2677 2660
2745 31 2679 2626
2746 31 B 2681
2747 31 B 2630
2748 31 B 2682
2749 31 B 2626
2750 31 B 2624
2751 31 2682 2623
2752 31 B 2683
2753 31 B 2623
2754 31 2684 2669
2755 31 2669 2670
2756 31 2681 2661
2757 31 B 2627
2758 32 2686 2685
2759 32 2625 2623
2760 32 2685 2687
2761 32 2623 2627
2762 32 2689 2688
2763 32 2688 2690
2764 32 2691 2686
2765 32 2632 2625
2766 32 2692 2689
2767 32 2694 2693
2768 32 2693 2695
2769 32 2696 2694
2770 32 2697 2691
2771 32 2639 2632
2772 32 2698 2692
2773 32 2699 2696
2774 32 2701 2700
2775 32 2703 2702
2776 32 2705 2704
2777 32 2707 2706
2778 32 2709 2708
2779 32 2708 2710
2780 32 2711 2709
2781 32 2712 2711
2782 32 2713 2697
2783 32 2655 2639
2784 32 B 2714
2785 32 B 2658
2786 32 2715 2698
2787 32 B 2716
2788 32 2714 2686
2789 32 2658 2625
2790 32 B 2717
2791 32 B 2663
2792 32 2716 2689
2793 32 B 2718
2794 32 2719 2699
2795 32 2720 2698
2796 32 B 2721
2797 32 B 2722
2798 32 2723 2697
2799 32 B 2724
2800 32 2721 2694
2801 32 2722 2689
2802 32 B 2725
2803 32 B 2726
2804 32 2724 2686
2805 32 B 2727
2806 32 2717 2687
2807 32 2663 2627
2808 32 2718 2690
2809 32 2725 2695
2810 32 2726 2690
2811 32 2727 2687
2812 32 2728 2712
2813 32 B 2729
2814 32 2729 2709
2815 32 B 2730
2816 32 2730 2710
2817 32 2732 2731
2818 32 2734 2733
2819 32 B 2735
2820 32 2733 2736
2821 32 2699 2737
2822 32 2740 2739
2823 32 2734 2712
2824 32 2741 2699
2825 32 B 2742
2826 32 B 2743
2827 32 2744 2704
2828 32 2722 2745
2829 32 B 2746
2830 32 2737 2747
2831 32 2692 2745
2832 32 2749 2748
2833 32 2745 2750
2834 32 2686 2751
2835 32 2753 2752
2836 32 2742 2709
2837 32 2743 2694
2838 32 B 2754
2839 32 B 2755
2840 32 2756 2702
2841 32 2663 2683
2842 32 2751 2757
2843 32 2623 2683
2844 32 2754 2710
2845 32 2755 2695
2846 33 2759 2758
2847 33 2761 2760
2848 33 2758 2762
2849 33 2760 2763
2850 33 2765 2764
2851 33 2764 2766
2852 33 2627 2687
2853 33 2687 2690
2854 33 2762 2767
2855 33 2763 2768
2856 33 2766 2769
2857 33 2690 2695
2858 33 2771 2770
2859 33 2770 2772
2860 33 2772 2773
2861 33 2758 2774
2862 33 2766 2776
2863 33 2761 2775
2864 33 2773 2777
2865 33 2767 2778
2866 33 2768 2779
2867 33 2769 2780
2868 33 2695 2710
2869 33 2773 2781
2870 33 2783 2782
2871 33 2785 2784
2872 33 2782 2786
2873 33 2784 2787
2874 33 2789 2788
2875 33 2791 2790
2876 33 2788 2792
2877 33 2790 2793
2878 33 2795 2794
2879 33 2797 2796
2880 33 2798 2795
2881 33 2799 2797
2882 33 2801 2800
2883 33 2803 2802
2884 33 2804 2801
2885 33 2805 2803
2886 33 2807 2806
2887 33 2806 2808
2888 33 2810 2809
2889 33 2811 2810
2890 33 2794 2812
2891 33 2796 2813
2892 33 2800 2814
2893 33 2802 2815
2894 33 2809 2816
2895 33 2818 2817
2896 33 2821 2820
2897 33 2822 2738
2898 33 2824 2823
2899 33 2826 2825
2900 33 2828 2827
2901 33 2831 2830
2902 33 2832 2739
2903 33 2834 2833
2904 33 2835 2748
2905 33 2837 2836
2906 33 2839 2838
2907 33 2841 2840
2908 33 2843 2842
2909 33 B 2752
2910 33 2845 2844
2911 34 2847 2846
2912 34 2849 2848
2913 34 2846 2850
2914 34 2848 2851
2915 34 2852 2847
2916 34 2853 2849
2917 34 2855 2854
2918 34 2854 2856
2919 34 2857 2855
2920 34 2850 2858
2921 34 2851 2859
2922 34 2856 2860
2923 34 2775 2861
2924 34 2774 2862
2925 34 2645 2863
2926 34 2776 2864
2927 34 2866 2865
2928 34 2865 2867
2929 34 2868 2866
2930 34 2867 2869
2931 34 2871 2870
2932 34 2873 2872
2933 34 2875 2874
2934 34 2877 2876
2935 34 2879 2878
2936 34 2881 2880
2937 34 2883 2882
2938 34 2885 2884
2939 34 B 2886
2940 34 B 2887
2941 34 B 2888
2942 34 B 2889
2943 34 2891 2890
2944 34 2893 2892
2945 34 B 2894
2946 34 2819 2895
2947 34 2897 2896
2948 34 2899 2898
2949 34 2829 2900
2950 34 2902 2901
2951 34 2904 2903
2952 34 2906 2905
2953 34 B 2907
2954 34 2909 2908
2955 34 B 2910
2956 35 2912 2911
2957 35 2914 2913
2958 35 2916 2915
2959 35 2917 2912
2960 35 2918 2914
2961 35 2919 2916
2962 35 2921 2920
2963 35 2922 2921
2964 35 B 2923
2965 35 2924 2914
2966 35 B 2925
2967 35 2923 2911
2968 35 B 2924
2969 35 2926 2922
2970 35 2927 2917
2971 35 2928 2918
2972 35 2929 2919
2973 35 2930 2922
2974 35 2932 2931
2975 35 2934 2933
2976 35 2935 2932
2977 35 2936 2931
2978 35 2937 2934
2979 35 2938 2933
2980 35 2940 2939
2981 35 2941 2940
2982 35 2942 2939
2983 35 2943 2935
2984 35 2944 2937
2985 35 2945 2941
2986 35 B 2926
2987 35 2946 2943
2988 35 2947 2922
2989 35 2948 2935
2990 35 B 2949
2991 35 B 2918
2992 35 2950 2914
2993 35 B 2950
2994 35 B 2951
2995 35 B 2914
2996 35 2935 2936
2997 35 2952 2937
2998 35 2937 2938
2999 35 2949 2934
3000 35 2951 2911
3001 35 B 2953
3002 35 B 2912
3003 35 B 2954
3004 35 B 2911
3005 35 B 2915
3006 35 2955 2941
3007 35 2941 2942
3008 36 2957 2956
3009 36 2913 2911
3010 36 2956 2958
3011 36 2911 2915
3012 36 2960 2959
3013 36 2959 2961
3014 36 2962 2957
3015 36 2920 2913
3016 36 2963 2960
3017 36 2965 2964
3018 36 2967 2966
3019 36 2969 2968
3020 36 2971 2970
3021 36 2970 2972
3022 36 2973 2971
3023 36 2974 2962
3024 36 2931 2920
3025 36 B 2975
3026 36 B 2933
3027 36 2976 2963
3028 36 2977 2962
3029 36 B 2978
3030 36 B 2979
3031 36 2975 2956
3032 36 2933 2911
3033 36 B 2980
3034 36 B 2939
3035 36 2978 2959
3036 36 2979 2956
3037 36 B 2981
3038 36 B 2982
3039 36 2983 2973
3040 36 B 2984
3041 36 2984 2970
3042 36 B 2985
3043 36 2987 2986
3044 36 2989 2988
3045 36 B 2990
3046 36 2988 2991
3047 36 2963 2992
3048 36 2995 2994
3049 36 2989 2973
3050 36 2996 2963
3051 36 B 2997
3052 36 B 2998
3053 36 2999 2964
3054 36 2979 3000
3055 36 B 3001
3056 36 2992 3002
3057 36 2957 3000
3058 36 3004 3003
3059 36 3000 3005
3060 36 2911 2954
3061 36 2997 2970
3062 36 2998 2959
3063 36 B 3006
3064 36 B 3007
3065 37 3009 3008
3066 37 3011 3010
3067 37 3008 3012
3068 37 3010 3013
3069 37 3015 3014
3070 37 3014 3016
3071 37 2915 2958
3072 37 2958 2961
3073 37 3008 3017
3074 37 3016 3019
3075 37 3011 3018
3076 37 3012 3020
3077 37 3013 3021
3078 37 3016 3022
3079 37 2961 2972
3080 37 3024 3023
3081 37 3026 3025
3082 37 3028 3027
3083 37 3030 3029
3084 37 3024 3028
3085 37 3026 3030
3086 37 3032 3031
3087 37 3034 3033
3088 37 3036 3035
3089 37 3038 3037
3090 37 3032 3036
3091 37 3034 3038
3092 37 3027 3039
3093 37 3029 3040
3094 37 3035 3041
3095 37 3037 3042
3096 37 3044 3043
3097 37 3047 3046
3098 37 3048 2993
3099 37 3050 3049
3100 37 3052 3051
3101 37 3054 3053
3102 37 3057 3056
3103 37 3058 2994
3104 37 3060 3059
3105 37 B 3003
3106 37 3062 3061
3107 37 3064 3063
3108 38 3066 3065
3109 38 3068 3067
3110 38 3065 3069
3111 38 3067 3070
3112 38 3071 3066
3113 38 3072 3068
3114 38 3018 3073
3115 38 3017 3074
3116 38 2925 3075
3117 38 3077 3076
3118 38 3076 3078
3119 38 3079 3077
3120 38 3081 3080
3121 38 3083 3082
3122 38 3085 3084
3123 38 3087 3086
3124 38 3089 3088
3125 38 3091 3090
3126 38 3093 3092
3127 38 3095 3094
3128 38 3045 3096
3129 38 3098 3097
3130 38 3100 3099
3131 38 3055 3101
3132 38 3103 3102
3133 38 3105 3104
3134 38 3107 3106
3135 39 3109 3108
3136 39 3111 3110
3137 39 3113 3112
3138 39 B 3114
3139 39 3115 3111
3140 39 B 3116
3141 39 3114 3108
3142 39 3117 3109
3143 39 3118 3111
3144 39 3119 3113
3145 39 3121 3120
3146 39 3124 3123
3147 39 3126 3121
3148 39 3127 3124
3149 39 B 3115
3150 39 3128 3126
3151 39 3129 3111
3152 39 3130 3121
3153 39 B 3131
3154 39 B 3109
3155 39 3132 3108
3156 39 B 3132
3157 39 B 3133
3158 39 B 3108
3159 39 3121 3122
3160 39 3134 3124
3161 39 3124 3125
3162 39 3131 3123
3163 39 B 3112
3164 40 3136 3135
3165 40 3110 3108
3166 40 3135 3137
3167 40 3108 3112
3168 40 3139 3138
3169 40 3141 3140
3170 40 3143 3142
3171 40 3142 3144
3172 40 3145 3136
3173 40 3122 3110
3174 40 B 3146
3175 40 B 3125
3176 40 3147 3143
3177 40 B 3148
3178 40 3146 3137
3179 40 3125 3112
3180 40 3148 3144
3181 40 3150 3149
3182 40 3152 3151
3183 40 B 3153
3184 40 3151 3154
3185 40 3136 3155
3186 40 3158 3157
3187 40 3152 3143
3188 40 3159 3136
3189 40 B 3160
3190 40 B 3161
3191 40 3162 3140
3192 40 3125 3133
3193 40 3155 3163
3194 40 3108 3133
3195 40 3160 3144
3196 40 3161 3137
3197 41 3165 3164
3198 41 3167 3166
3199 41 3164 3168
3200 41 3112 3137
3201 41 3167 3169
3202 41 3164 3170
3203 41 3166 3171
3204 41 3173 3172
3205 41 3175 3174
3206 41 3172 3176
3207 41 3174 3177
3208 41 3179 3178
3209 41 3178 3180
3210 41 3182 3181
3211 41 3185 3184
3212 41 3186 3156
3213 41 3188 3187
3214 41 3190 3189
3215 41 3192 3191
3216 41 3194 3193
3217 41 B 3157
3218 41 3196 3195
3219 42 3198 3197
3220 42 3169 3199
3221 42 3200 3198
3222 42 3116 3201
3223 42 3203 3202
3224 42 3205 3204
3225 42 3207 3206
3226 42 B 3208
3227 42 B 3209
3228 42 3183 3210
3229 42 3212 3211
3230 42 3214 3213
3231 42 B 3215
3232 42 3217 3216
3233 42 B 3218
3234 43 B 3222
3235 43 3220 3219
3236 43 3223 3219
3237 43 3225 3224
3238 43 3227 3226
3239 43 B 3220
3240 43 3228 3225
3241 43 3229 3219
3242 43 3230 3224
3243 43 B 3231
3244 43 B 3221
3245 43 B 3232
3246 43 3233 3226
3247 44 3235 3234
3248 44 3219 3221
3249 44 3237 3236
3250 44 3224 3219
3251 44 B 3238
3252 44 B 3226
3253 44 3240 3239
3254 44 3242 3241
3255 44 B 3243
3256 44 3241 3244
3257 44 3219 3232
3258 44 3242 3236
3259 44 B 3246
3260 45 3248 3247
3261 45 3250 3249
3262 45 3252 3251
3263 45 3254 3253
3264 45 3257 3256
3265 45 B 3245
3266 45 3250 3258
3267 45 3252 3259
3268 46 3222 3260
3269 46 3262 3261
3270 46 3255 3263
3271 46 3265 3264
3272 46 3267 3266
3273 47 B 3268
3274 47 3270 3269
3275 48 3274 3273
3276 48 3272 3271
3277 49 3276 3275
3278 50 B 3277
3279 53 B 3278
3280 54 B 3279