1 1 B T
2 2 T 1
3 2 B T
4 2 B 1
5 3 2 1
6 3 3 2
7 3 B 3
8 3 B 2
9 3 4 1
10 3 3 4
11 3 B 4
12 3 B 1
13 4 1 5
14 4 B 1
15 4 5 6
16 4 1 2
17 4 6 7
18 4 5 8
19 4 B 9
20 4 B 10
21 4 9 6
22 4 B 5
23 4 B 7
24 4 B 11
25 4 B 4
26 4 10 7
27 4 11 7
28 4 4 6
29 4 9 8
30 4 1 9
31 4 12 11
32 4 1 4
33 5 14 13
34 5 16 15
35 5 13 15
36 5 15 17
37 5 B 14
38 5 2 6
39 5 6 7
40 5 17 7
41 5 13 18
42 5 16 18
43 5 B 19
44 5 19 20
45 5 22 21
46 5 24 23
47 5 14 22
48 5 25 24
49 5 21 26
50 5 25 20
51 5 27 7
52 5 28 27
53 5 19 29
54 5 30 29
55 5 31 11
56 5 32 29
57 5 B 11
58 6 34 33
59 6 36 35
60 6 33 37
61 6 35 33
62 6 38 34
63 6 39 36
64 6 40 36
65 6 7 40
66 6 B 7
67 6 18 41
68 6 2 42
69 6 43 37
70 6 44 33
71 6 46 45
72 6 48 47
73 6 23 49
74 6 50 33
75 6 B 51
76 6 B 52
77 6 24 53
78 6 55 54
79 6 57 56
80 7 59 58
81 7 61 60
82 7 63 62
83 7 64 59
84 7 59 61
85 7 65 63
86 7 60 37
87 7 65 64
88 7 66 65
89 7 B 66
90 7 B 67
91 7 67 61
92 7 B 68
93 7 67 58
94 7 69 37
95 7 70 69
96 7 71 70
97 7 72 69
98 7 73 71
99 7 71 74
100 7 75 73
101 7 76 71
102 7 71 72
103 7 66 75
104 7 B 75
105 7 75 76
106 7 77 70
107 7 78 61
108 7 B 77
109 7 B 59
110 7 B 78
111 7 B 61
112 7 78 58
113 7 B 79
114 7 B 58
115 7 77 74
116 7 B 62
117 8 81 80
118 8 60 58
119 8 80 82
120 8 58 62
121 8 84 83
122 8 83 85
123 8 86 81
124 8 37 60
125 8 81 84
126 8 83 87
127 8 87 88
128 8 37 86
129 8 B 37
130 8 88 89
131 8 91 90
132 8 93 92
133 8 B 94
134 8 B 95
135 8 94 81
136 8 B 86
137 8 B 96
138 8 B 97
139 8 B 69
140 8 95 84
141 8 B 98
142 8 B 60
143 8 B 99
144 8 B 72
145 8 96 83
146 8 97 84
147 8 B 100
148 8 B 101
149 8 69 81
150 8 B 102
151 8 98 87
152 8 B 103
153 8 100 88
154 8 101 87
155 8 B 89
156 8 B 104
157 8 102 83
158 8 B 105
159 8 99 82
160 8 72 62
161 8 98 85
162 8 101 85
163 8 102 82
164 8 103 89
165 8 104 89
166 8 105 88
167 8 106 90
168 8 97 107
169 8 B 108
170 8 107 109
171 8 81 107
172 8 111 110
173 8 81 112
174 8 114 113
175 8 115 92
176 8 72 79
177 8 112 116
178 8 58 79
179 9 118 117
180 9 120 119
181 9 117 121
182 9 119 122
183 9 124 123
184 9 123 125
185 9 62 82
186 9 82 85
187 9 121 126
188 9 122 127
189 9 125 121
190 9 85 88
191 9 129 128
192 9 128 123
193 9 126 127
194 9 127 130
195 9 88 89
196 9 B 129
197 9 130 89
198 9 117 131
199 9 125 131
200 9 120 132
201 9 B 133
202 9 133 134
203 9 136 135
204 9 138 137
205 9 129 136
206 9 139 138
207 9 135 140
208 9 137 141
209 9 142 135
210 9 144 143
211 9 143 141
212 9 146 145
213 9 148 147
214 9 149 146
215 9 150 148
216 9 145 151
217 9 147 152
218 9 154 153
219 9 156 155
220 9 157 154
221 9 158 156
222 9 160 159
223 9 159 161
224 9 162 153
225 9 163 162
226 9 153 164
227 9 165 89
228 9 166 165
229 9 168 167
230 9 171 170
231 9 172 110
232 9 173 170
233 9 174 110
234 9 176 175
235 9 178 177
236 9 B 113
237 10 180 179
238 10 182 181
239 10 179 183
240 10 181 184
241 10 185 180
242 10 186 182
243 10 188 187
244 10 187 189
245 10 190 188
246 10 183 191
247 10 184 192
248 10 189 184
249 10 194 193
250 10 193 187
251 10 195 194
252 10 191 196
253 10 192 191
254 10 197 194
255 10 89 197
256 10 B 89
257 10 132 198
258 10 131 199
259 10 68 200
260 10 201 196
261 10 202 191
262 10 204 203
263 10 206 205
264 10 208 207
265 10 210 209
266 10 211 207
267 10 213 212
268 10 215 214
269 10 217 216
270 10 219 218
271 10 221 220
272 10 B 222
273 10 B 223
274 10 B 224
275 10 B 225
276 10 B 226
277 10 B 227
278 10 B 228
279 10 155 226
280 10 169 229
281 10 231 230
282 10 233 232
283 10 B 234
284 10 236 235
285 11 238 237
286 11 240 239
287 11 242 241
288 11 243 238
289 11 244 240
290 11 245 242
291 11 247 246
292 11 248 247
293 11 249 243
294 11 250 244
295 11 251 245
296 11 244 248
297 11 253 252
298 11 247 253
299 11 254 249
300 11 249 250
301 11 255 251
302 11 252 196
303 11 255 254
304 11 256 255
305 11 B 256
306 11 B 257
307 11 258 240
308 11 B 259
309 11 257 237
310 11 B 258
311 11 258 248
312 11 260 196
313 11 261 260
314 11 262 261
315 11 263 260
316 11 264 262
317 11 266 265
318 11 267 266
319 11 268 265
320 11 269 267
321 11 267 264
322 11 268 262
323 11 262 263
324 11 270 269
325 11 271 267
326 11 267 268
327 11 273 272
328 11 274 273
329 11 275 272
330 11 276 274
331 11 277 276
332 11 278 274
333 11 274 275
334 11 279 270
335 11 256 277
336 11 277 279
337 11 278 270
338 11 270 271
339 11 B 277
340 11 277 278
341 11 280 264
342 11 281 248
343 11 B 280
344 11 B 244
345 11 B 281
346 11 B 248
347 11 281 240
348 11 B 282
349 11 B 240
350 11 280 266
351 11 282 237
352 11 B 283
353 11 B 238
354 11 B 284
355 11 B 237
356 11 B 241
357 12 286 285
358 12 239 237
359 12 285 287
360 12 237 241
361 12 289 288
362 12 288 290
363 12 291 286
364 12 246 239
365 12 292 289
366 12 294 293
367 12 293 295
368 12 296 294
369 12 297 291
370 12 252 246
371 12 298 292
372 12 292 296
373 12 300 299
374 12 299 301
375 12 294 300
376 12 302 297
377 12 196 252
378 12 297 298
379 12 299 303
380 12 303 304
381 12 196 302
382 12 B 196
383 12 304 305
384 12 307 306
385 12 309 308
386 12 311 310
387 12 B 312
388 12 B 313
389 12 B 260
390 12 312 297
391 12 B 302
392 12 B 314
393 12 B 315
394 12 313 298
395 12 B 316
396 12 313 291
397 12 260 246
398 12 B 317
399 12 B 265
400 12 314 292
401 12 315 291
402 12 B 318
403 12 B 319
404 12 316 296
405 12 B 320
406 12 315 298
407 12 B 321
408 12 B 322
409 12 260 297
410 12 B 323
411 12 321 294
412 12 322 296
413 12 B 324
414 12 B 325
415 12 323 292
416 12 B 326
417 12 317 285
418 12 265 237
419 12 B 327
420 12 B 272
421 12 318 288
422 12 319 285
423 12 B 328
424 12 B 329
425 12 320 293
426 12 B 330
427 12 324 299
428 12 325 293
429 12 B 331
430 12 B 332
431 12 326 288
432 12 B 333
433 12 320 300
434 12 B 334
435 12 334 303
436 12 B 335
437 12 325 300
438 12 B 336
439 12 B 337
440 12 326 294
441 12 B 338
442 12 336 304
443 12 337 303
444 12 B 305
445 12 B 339
446 12 338 299
447 12 B 340
448 12 335 305
449 12 341 310
450 12 322 342
451 12 B 343
452 12 342 344
453 12 292 342
454 12 346 345
455 12 292 347
456 12 349 348
457 12 350 306
458 12 319 351
459 12 B 352
460 12 347 353
461 12 286 351
462 12 355 354
463 12 351 356
464 12 237 284
465 12 339 305
466 12 340 304
467 13 358 357
468 13 360 359
469 13 357 361
470 13 359 362
471 13 364 363
472 13 363 365
473 13 241 287
474 13 287 290
475 13 361 366
476 13 362 367
477 13 365 368
478 13 290 295
479 13 370 369
480 13 369 371
481 13 371 372
482 13 366 373
483 13 367 374
484 13 368 375
485 13 295 301
486 13 372 368
487 13 377 376
488 13 376 378
489 13 378 371
490 13 373 379
491 13 374 380
492 13 375 373
493 13 301 304
494 13 382 381
495 13 381 376
496 13 379 380
497 13 380 383
498 13 304 305
499 13 B 382
500 13 357 384
501 13 365 386
502 13 360 385
503 13 372 386
504 13 383 305
505 13 B 387
506 13 389 388
507 13 391 390
508 13 393 392
509 13 382 391
510 13 389 393
511 13 387 388
512 13 390 394
513 13 392 395
514 13 397 396
515 13 399 398
516 13 401 400
517 13 403 402
518 13 397 401
519 13 399 403
520 13 400 404
521 13 402 405
522 13 406 400
523 13 408 407
524 13 409 406
525 13 410 408
526 13 412 411
527 13 414 413
528 13 415 412
529 13 416 414
530 13 418 417
531 13 420 419
532 13 422 421
533 13 424 423
534 13 418 422
535 13 420 424
536 13 421 425
537 13 423 426
538 13 428 427
539 13 430 429
540 13 431 428
541 13 432 430
542 13 407 405
543 13 411 433
544 13 413 434
545 13 427 435
546 13 429 436
547 13 437 427
548 13 439 438
549 13 440 437
550 13 441 439
551 13 443 442
552 13 445 444
553 13 446 443
554 13 447 445
555 13 438 436
556 13 442 448
557 13 450 449
558 13 453 452
559 13 454 345
560 13 455 452
561 13 456 345
562 13 458 457
563 13 461 460
564 13 462 348
565 13 464 463
566 13 B 354
567 13 466 465
568 14 468 467
569 14 470 469
570 14 467 471
571 14 469 472
572 14 473 468
573 14 474 470
574 14 476 475
575 14 475 477
576 14 478 476
577 14 471 479
578 14 472 480
579 14 477 481
580 14 483 482
581 14 482 484
582 14 485 483
583 14 484 486
584 14 479 487
585 14 480 488
586 14 481 489
587 14 486 481
588 14 491 490
589 14 490 492
590 14 493 491
591 14 492 484
592 14 487 494
593 14 488 495
594 14 489 488
595 14 497 496
596 14 496 490
597 14 498 497
598 14 494 499
599 14 495 494
600 14 385 500
601 14 384 501
602 14 259 502
603 14 386 503
604 14 504 497
605 14 305 504
606 14 505 499
607 14 506 494
608 14 508 507
609 14 510 509
610 14 511 494
611 14 513 512
612 14 515 514
613 14 517 516
614 14 519 518
615 14 521 520
616 14 523 522
617 14 525 524
618 14 527 526
619 14 529 528
620 14 531 530
621 14 533 532
622 14 535 534
623 14 537 536
624 14 539 538
625 14 541 540
626 14 542 520
627 14 544 543
628 14 546 545
629 14 548 547
630 14 550 549
631 14 552 551
632 14 554 553
633 14 555 545
634 14 444 556
635 14 451 557
636 14 559 558
637 14 561 560
638 14 459 562
639 14 564 563
640 14 566 565
641 14 B 567
642 15 569 568
643 15 571 570
644 15 573 572
645 15 574 569
646 15 575 571
647 15 576 573
648 15 578 577
649 15 579 578
650 15 580 574
651 15 581 575
652 15 582 576
653 15 583 579
654 15 585 584
655 15 586 585
656 15 587 586
657 15 588 580
658 15 589 581
659 15 590 582
660 15 591 583
661 15 583 587
662 15 593 592
663 15 594 593
664 15 586 594
665 15 595 588
666 15 596 589
667 15 597 590
668 15 589 591
669 15 599 598
670 15 593 599
671 15 B 600
672 15 601 571
673 15 B 602
674 15 600 568
675 15 B 601
676 15 603 579
677 15 B 603
678 15 603 587
679 15 604 595
680 15 595 596
681 15 605 597
682 15 606 499
683 15 608 607
684 15 610 606
685 15 611 608
686 15 613 612
687 15 615 613
688 15 608 610
689 15 609 606
690 15 616 611
691 15 617 608
692 15 608 609
693 15 618 615
694 15 619 613
695 15 613 614
696 15 621 620
697 15 623 621
698 15 624 623
699 15 625 621
700 15 621 622
701 15 626 616
702 15 627 618
703 15 628 624
704 15 618 626
705 15 619 616
706 15 616 617
707 15 629 627
708 15 630 618
709 15 618 619
710 15 631 628
711 15 632 624
712 15 624 625
713 15 633 629
714 15 634 631
715 15 635 626
716 15 636 587
717 15 B 635
718 15 B 583
719 15 B 636
720 15 B 587
721 15 636 579
722 15 B 637
723 15 B 579
724 15 632 629
725 15 629 630
726 15 635 615
727 15 637 571
728 15 B 638
729 15 B 575
730 15 B 639
731 15 B 571
732 15 B 569
733 15 639 568
734 15 B 640
735 15 B 568
736 15 641 631
737 15 631 632
738 15 638 620
739 15 B 572
740 16 643 642
741 16 570 568
742 16 642 644
743 16 568 572
744 16 646 645
745 16 645 647
746 16 648 643
747 16 577 570
748 16 649 646
749 16 651 650
750 16 650 652
751 16 653 651
752 16 654 648
753 16 584 577
754 16 655 649
755 16 656 653
756 16 658 657
757 16 657 659
758 16 660 658
759 16 661 660
760 16 662 654
761 16 592 584
762 16 663 655
763 16 664 656
764 16 656 661
765 16 666 665
766 16 665 667
767 16 668 666
768 16 660 668
769 16 669 662
770 16 598 592
771 16 670 663
772 16 663 664
773 16 672 671
774 16 674 673
775 16 676 675
776 16 678 677
777 16 680 679
778 16 679 681
779 16 666 680
780 16 682 669
781 16 B 598
782 16 B 683
783 16 B 609
784 16 684 670
785 16 B 685
786 16 683 654
787 16 609 584
788 16 B 686
789 16 B 614
790 16 685 655
791 16 B 687
792 16 688 663
793 16 689 670
794 16 B 690
795 16 B 691
796 16 606 669
797 16 B 692
798 16 690 656
799 16 691 655
800 16 B 693
801 16 B 694
802 16 692 654
803 16 B 695
804 16 686 643
805 16 614 570
806 16 B 696
807 16 B 622
808 16 687 646
809 16 B 697
810 16 693 651
811 16 694 646
812 16 B 698
813 16 B 699
814 16 695 643
815 16 B 700
816 16 685 664
817 16 B 701
818 16 701 661
819 16 B 702
820 16 702 658
821 16 B 703
822 16 696 644
823 16 622 572
824 16 697 647
825 16 698 652
826 16 699 647
827 16 700 644
828 16 703 659
829 16 691 664
830 16 B 704
831 16 B 705
832 16 692 663
833 16 B 706
834 16 704 660
835 16 705 661
836 16 B 707
837 16 B 708
838 16 706 656
839 16 B 709
840 16 707 666
841 16 708 658
842 16 B 710
843 16 B 711
844 16 709 651
845 16 B 712
846 16 710 667
847 16 711 659
848 16 712 652
849 16 702 668
850 16 B 713
851 16 713 680
852 16 B 714
853 16 714 681
854 16 715 677
855 16 705 716
856 16 B 717
857 16 716 718
858 16 656 716
859 16 720 719
860 16 656 721
861 16 723 722
862 16 708 668
863 16 709 660
864 16 B 724
865 16 B 725
866 16 726 675
867 16 694 727
868 16 B 728
869 16 721 729
870 16 649 727
871 16 731 730
872 16 727 732
873 16 643 733
874 16 735 734
875 16 724 680
876 16 725 666
877 16 B 736
878 16 B 737
879 16 738 673
880 16 622 640
881 16 733 739
882 16 568 640
883 16 736 681
884 16 737 667
885 17 741 740
886 17 743 742
887 17 740 744
888 17 742 745
889 17 747 746
890 17 746 748
891 17 572 644
892 17 644 647
893 17 744 749
894 17 745 750
895 17 748 751
896 17 647 652
897 17 753 752
898 17 752 754
899 17 754 755
900 17 749 756
901 17 750 757
902 17 751 758
903 17 652 659
904 17 755 759
905 17 761 760
906 17 760 762
907 17 762 763
908 17 763 764
909 17 756 765
910 17 757 766
911 17 758 767
912 17 659 667
913 17 759 768
914 17 764 759
915 17 770 769
916 17 769 771
917 17 771 772
918 17 772 763
919 17 740 773
920 17 748 775
921 17 743 774
922 17 755 776
923 17 764 776
924 17 765 777
925 17 766 778
926 17 767 779
927 17 667 681
928 17 768 767
929 17 781 780
930 17 783 782
931 17 780 784
932 17 782 785
933 17 787 786
934 17 789 788
935 17 786 790
936 17 788 791
937 17 793 792
938 17 795 794
939 17 796 793
940 17 797 795
941 17 799 798
942 17 801 800
943 17 802 799
944 17 803 801
945 17 805 804
946 17 807 806
947 17 804 808
948 17 806 809
949 17 811 810
950 17 813 812
951 17 814 811
952 17 815 813
953 17 792 816
954 17 794 817
955 17 798 818
956 17 800 819
957 17 810 820
958 17 812 821
959 17 823 822
960 17 822 824
961 17 826 825
962 17 827 826
963 17 825 828
964 17 829 798
965 17 831 830
966 17 832 829
967 17 833 831
968 17 835 834
969 17 837 836
970 17 838 835
971 17 839 837
972 17 841 840
973 17 843 842
974 17 844 841
975 17 845 843
976 17 847 846
977 17 848 847
978 17 830 819
979 17 834 849
980 17 836 850
981 17 840 851
982 17 842 852
983 17 846 853
984 17 855 854
985 17 858 857
986 17 859 719
987 17 860 857
988 17 861 719
989 17 863 862
990 17 865 864
991 17 867 866
992 17 870 869
993 17 871 722
994 17 873 872
995 17 874 730
996 17 876 875
997 17 878 877
998 17 880 879
999 17 882 881
1000 17 B 734
1001 17 884 883
1002 18 886 885
1003 18 888 887
1004 18 885 889
1005 18 887 890
1006 18 891 886
1007 18 892 888
1008 18 894 893
1009 18 893 895
1010 18 896 894
1011 18 889 897
1012 18 890 898
1013 18 895 899
1014 18 901 900
1015 18 900 902
1016 18 903 901
1017 18 902 904
1018 18 897 905
1019 18 898 906
1020 18 899 907
1021 18 904 908
1022 18 910 909
1023 18 909 911
1024 18 912 910
1025 18 911 913
1026 18 913 914
1027 18 905 915
1028 18 906 916
1029 18 907 917
1030 18 908 918
1031 18 914 908
1032 18 774 919
1033 18 773 920
1034 18 602 921
1035 18 775 922
1036 18 776 923
1037 18 925 924
1038 18 924 926
1039 18 927 925
1040 18 926 928
1041 18 928 913
1042 18 930 929
1043 18 932 931
1044 18 934 933
1045 18 936 935
1046 18 938 937
1047 18 940 939
1048 18 942 941
1049 18 944 943
1050 18 946 945
1051 18 948 947
1052 18 950 949
1053 18 952 951
1054 18 954 953
1055 18 956 955
1056 18 958 957
1057 18 B 959
1058 18 B 960
1059 18 B 961
1060 18 B 962
1061 18 B 963
1062 18 965 964
1063 18 967 966
1064 18 969 968
1065 18 971 970
1066 18 973 972
1067 18 975 974
1068 18 B 976
1069 18 B 977
1070 18 978 955
1071 18 980 979
1072 18 982 981
1073 18 B 983
1074 18 856 984
1075 18 986 985
1076 18 988 987
1077 18 990 989
1078 18 868 991
1079 18 993 992
1080 18 995 994
1081 18 997 996
1082 18 B 998
1083 18 1000 999
1084 18 B 1001
1085 19 1003 1002
1086 19 1005 1004
1087 19 1007 1006
1088 19 1008 1003
1089 19 1009 1005
1090 19 1010 1007
1091 19 1012 1011
1092 19 1013 1012
1093 19 1014 1008
1094 19 1015 1009
1095 19 1016 1010
1096 19 1017 1013
1097 19 1019 1018
1098 19 1020 1019
1099 19 1021 1020
1100 19 1022 1014
1101 19 1023 1015
1102 19 1024 1016
1103 19 1025 1017
1104 19 1026 1021
1105 19 1028 1027
1106 19 1029 1028
1107 19 1030 1029
1108 19 1031 1030
1109 19 B 1032
1110 19 1033 1005
1111 19 B 1034
1112 19 1032 1002
1113 19 B 1033
1114 19 1035 1013
1115 19 B 1035
1116 19 1036 1021
1117 19 B 1036
1118 19 1036 1031
1119 19 1037 1022
1120 19 1038 1023
1121 19 1039 1024
1122 19 1040 1025
1123 19 1041 1026
1124 19 1026 1031
1125 19 1043 1042
1126 19 1045 1044
1127 19 1046 1043
1128 19 1047 1042
1129 19 1048 1045
1130 19 1049 1044
1131 19 1051 1050
1132 19 1052 1051
1133 19 1053 1050
1134 19 1054 1046
1135 19 1055 1048
1136 19 1056 1052
1137 19 1058 1057
1138 19 1059 1058
1139 19 1060 1057
1140 19 1061 1059
1141 19 1062 1054
1142 19 1063 1046
1143 19 1064 1055
1144 19 1065 1048
1145 19 1046 1047
1146 19 1048 1049
1147 19 1066 1056
1148 19 1067 1052
1149 19 1052 1053
1150 19 1068 1061
1151 19 1069 1059
1152 19 1059 1060
1153 19 1070 1062
1154 19 1071 1064
1155 19 1072 1066
1156 19 1073 1068
1157 19 1074 1070
1158 19 1075 1031
1159 19 1065 1062
1160 19 B 1074
1161 19 B 1026
1162 19 1075 1021
1163 19 B 1075
1164 19 B 1076
1165 19 B 1021
1166 19 1062 1063
1167 19 1077 1064
1168 19 1064 1065
1169 19 1074 1055
1170 19 1076 1013
1171 19 B 1078
1172 19 B 1017
1173 19 B 1079
1174 19 B 1013
1175 19 B 1009
1176 19 1079 1005
1177 19 B 1080
1178 19 B 1005
1179 19 1081 1066
1180 19 1066 1067
1181 19 1078 1051
1182 19 1080 1002
1183 19 B 1082
1184 19 B 1003
1185 19 B 1083
1186 19 B 1002
1187 19 B 1006
1188 19 1084 1068
1189 19 1068 1069
1190 20 1086 1085
1191 20 1004 1002
1192 20 1085 1087
1193 20 1002 1006
1194 20 1089 1088
1195 20 1088 1090
1196 20 1091 1086
1197 20 1011 1004
1198 20 1092 1089
1199 20 1094 1093
1200 20 1093 1095
1201 20 1096 1094
1202 20 1097 1091
1203 20 1018 1011
1204 20 1098 1092
1205 20 1099 1096
1206 20 1101 1100
1207 20 1100 1102
1208 20 1103 1101
1209 20 1104 1103
1210 20 1105 1097
1211 20 1027 1018
1212 20 1106 1098
1213 20 1107 1099
1214 20 1108 1104
1215 20 1110 1109
1216 20 1112 1111
1217 20 1114 1113
1218 20 1116 1115
1219 20 1118 1117
1220 20 1120 1119
1221 20 1119 1121
1222 20 1122 1120
1223 20 1123 1122
1224 20 1124 1123
1225 20 1125 1105
1226 20 1042 1027
1227 20 B 1126
1228 20 B 1044
1229 20 1127 1106
1230 20 1128 1105
1231 20 B 1129
1232 20 B 1130
1233 20 1126 1091
1234 20 1044 1011
1235 20 B 1131
1236 20 B 1050
1237 20 1129 1092
1238 20 1130 1091
1239 20 B 1132
1240 20 B 1133
1241 20 1134 1107
1242 20 B 1135
1243 20 1135 1096
1244 20 B 1136
1245 20 1131 1085
1246 20 1050 1002
1247 20 B 1137
1248 20 B 1057
1249 20 1132 1088
1250 20 1133 1085
1251 20 B 1138
1252 20 B 1139
1253 20 1136 1093
1254 20 B 1140
1255 20 1141 1108
1256 20 1142 1107
1257 20 B 1143
1258 20 B 1144
1259 20 1145 1106
1260 20 B 1146
1261 20 1143 1103
1262 20 1144 1096
1263 20 B 1147
1264 20 B 1148
1265 20 1146 1092
1266 20 B 1149
1267 20 1147 1100
1268 20 1148 1093
1269 20 B 1150
1270 20 B 1151
1271 20 1149 1088
1272 20 B 1152
1273 20 1153 1124
1274 20 B 1154
1275 20 1154 1122
1276 20 B 1155
1277 20 1155 1119
1278 20 B 1156
1279 20 1157 1117
1280 20 1159 1158
1281 20 B 1160
1282 20 1158 1161
1283 20 1108 1162
1284 20 1165 1164
1285 20 1159 1124
1286 20 1166 1108
1287 20 B 1167
1288 20 B 1168
1289 20 1169 1115
1290 20 1144 1170
1291 20 B 1171
1292 20 1162 1172
1293 20 1099 1170
1294 20 1174 1173
1295 20 1170 1175
1296 20 1092 1176
1297 20 1178 1177
1298 20 1167 1122
1299 20 1168 1103
1300 20 B 1179
1301 20 B 1180
1302 20 1181 1109
1303 20 1133 1182
1304 20 B 1183
1305 20 1176 1184
1306 20 1086 1182
1307 20 1186 1185
1308 20 1182 1187
1309 20 1002 1083
1310 20 1179 1119
1311 20 1180 1100
1312 20 B 1188
1313 20 B 1189
1314 21 1191 1190
1315 21 1193 1192
1316 21 1190 1194
1317 21 1192 1195
1318 21 1197 1196
1319 21 1196 1198
1320 21 1006 1087
1321 21 1087 1090
1322 21 1194 1199
1323 21 1195 1200
1324 21 1198 1201
1325 21 1090 1095
1326 21 1203 1202
1327 21 1202 1204
1328 21 1204 1205
1329 21 1199 1206
1330 21 1200 1207
1331 21 1201 1208
1332 21 1095 1102
1333 21 1205 1209
1334 21 1211 1210
1335 21 1210 1212
1336 21 1212 1213
1337 21 1213 1214
1338 21 1190 1215
1339 21 1198 1217
1340 21 1193 1216
1341 21 1205 1218
1342 21 1214 1219
1343 21 1206 1220
1344 21 1207 1221
1345 21 1208 1222
1346 21 1102 1121
1347 21 1209 1223
1348 21 1214 1224
1349 21 1226 1225
1350 21 1228 1227
1351 21 1230 1229
1352 21 1232 1231
1353 21 1226 1230
1354 21 1228 1232
1355 21 1234 1233
1356 21 1236 1235
1357 21 1238 1237
1358 21 1240 1239
1359 21 1234 1238
1360 21 1236 1240
1361 21 1229 1241
1362 21 1231 1242
1363 21 1237 1243
1364 21 1239 1244
1365 21 1246 1245
1366 21 1248 1247
1367 21 1250 1249
1368 21 1252 1251
1369 21 1246 1250
1370 21 1248 1252
1371 21 1249 1253
1372 21 1251 1254
1373 21 1256 1255
1374 21 1258 1257
1375 21 1259 1256
1376 21 1260 1258
1377 21 1262 1261
1378 21 1264 1263
1379 21 1265 1262
1380 21 1266 1264
1381 21 1268 1267
1382 21 1270 1269
1383 21 1271 1268
1384 21 1272 1270
1385 21 1255 1273
1386 21 1257 1274
1387 21 1261 1275
1388 21 1263 1276
1389 21 1267 1277
1390 21 1269 1278
1391 21 1280 1279
1392 21 1283 1282
1393 21 1284 1163
1394 21 1286 1285
1395 21 1288 1287
1396 21 1290 1289
1397 21 1293 1292
1398 21 1294 1164
1399 21 1296 1295
1400 21 1297 1173
1401 21 1299 1298
1402 21 1301 1300
1403 21 1303 1302
1404 21 1306 1305
1405 21 1307 1177
1406 21 1309 1308
1407 21 B 1185
1408 21 1311 1310
1409 21 1313 1312
1410 22 1315 1314
1411 22 1317 1316
1412 22 1314 1318
1413 22 1316 1319
1414 22 1320 1315
1415 22 1321 1317
1416 22 1323 1322
1417 22 1322 1324
1418 22 1325 1323
1419 22 1318 1326
1420 22 1319 1327
1421 22 1324 1328
1422 22 1330 1329
1423 22 1329 1331
1424 22 1332 1330
1425 22 1331 1333
1426 22 1326 1334
1427 22 1327 1335
1428 22 1328 1336
1429 22 1333 1337
1430 22 1216 1338
1431 22 1215 1339
1432 22 1034 1340
1433 22 1217 1341
1434 22 1218 1342
1435 22 1344 1343
1436 22 1343 1345
1437 22 1346 1344
1438 22 1345 1347
1439 22 1347 1348
1440 22 1350 1349
1441 22 1352 1351
1442 22 1354 1353
1443 22 1356 1355
1444 22 1358 1357
1445 22 1360 1359
1446 22 1362 1361
1447 22 1364 1363
1448 22 1366 1365
1449 22 1368 1367
1450 22 1370 1369
1451 22 1372 1371
1452 22 1374 1373
1453 22 1376 1375
1454 22 1378 1377
1455 22 1380 1379
1456 22 1382 1381
1457 22 1384 1383
1458 22 1386 1385
1459 22 1388 1387
1460 22 1390 1389
1461 22 1281 1391
1462 22 1393 1392
1463 22 1395 1394
1464 22 1291 1396
1465 22 1398 1397
1466 22 1400 1399
1467 22 1402 1401
1468 22 1304 1403
1469 22 1405 1404
1470 22 1407 1406
1471 22 1409 1408
1472 23 1411 1410
1473 23 1413 1412
1474 23 1415 1414
1475 23 1416 1411
1476 23 1417 1413
1477 23 1418 1415
1478 23 1420 1419
1479 23 1421 1420
1480 23 1422 1416
1481 23 1423 1417
1482 23 1424 1418
1483 23 1425 1421
1484 23 1427 1426
1485 23 1428 1427
1486 23 1429 1428
1487 23 B 1430
1488 23 1431 1413
1489 23 B 1432
1490 23 1430 1410
1491 23 B 1431
1492 23 1433 1421
1493 23 B 1433
1494 23 1434 1429
1495 23 1435 1422
1496 23 1436 1423
1497 23 1437 1424
1498 23 1438 1425
1499 23 1439 1429
1500 23 1441 1440
1501 23 1444 1443
1502 23 1446 1441
1503 23 1447 1444
1504 23 1449 1448
1505 23 1451 1449
1506 23 1452 1446
1507 23 1453 1441
1508 23 1454 1447
1509 23 1455 1444
1510 23 1441 1442
1511 23 1444 1445
1512 23 1456 1451
1513 23 1457 1449
1514 23 1449 1450
1515 23 1458 1452
1516 23 1459 1454
1517 23 1460 1456
1518 23 B 1434
1519 23 1461 1458
1520 23 1462 1429
1521 23 1463 1452
1522 23 B 1464
1523 23 B 1425
1524 23 1465 1421
1525 23 B 1465
1526 23 B 1466
1527 23 B 1421
1528 23 1452 1453
1529 23 1467 1454
1530 23 1454 1455
1531 23 1464 1447
1532 23 1466 1413
1533 23 B 1468
1534 23 B 1417
1535 23 B 1469
1536 23 B 1413
1537 23 B 1411
1538 23 1469 1410
1539 23 B 1470
1540 23 B 1410
1541 23 1471 1456
1542 23 1456 1457
1543 23 1468 1448
1544 23 B 1414
1545 24 1473 1472
1546 24 1412 1410
1547 24 1472 1474
1548 24 1410 1414
1549 24 1476 1475
1550 24 1475 1477
1551 24 1478 1473
1552 24 1419 1412
1553 24 1479 1476
1554 24 1481 1480
1555 24 1480 1482
1556 24 1483 1481
1557 24 1484 1478
1558 24 1426 1419
1559 24 1485 1479
1560 24 1486 1483
1561 24 1488 1487
1562 24 1490 1489
1563 24 1492 1491
1564 24 1494 1493
1565 24 1496 1495
1566 24 1495 1497
1567 24 1498 1496
1568 24 1499 1498
1569 24 1500 1484
1570 24 1442 1426
1571 24 B 1501
1572 24 B 1445
1573 24 1502 1485
1574 24 B 1503
1575 24 1501 1473
1576 24 1445 1412
1577 24 B 1504
1578 24 B 1450
1579 24 1503 1476
1580 24 B 1505
1581 24 1506 1486
1582 24 1507 1485
1583 24 B 1508
1584 24 B 1509
1585 24 1510 1484
1586 24 B 1511
1587 24 1508 1481
1588 24 1509 1476
1589 24 B 1512
1590 24 B 1513
1591 24 1511 1473
1592 24 B 1514
1593 24 1504 1474
1594 24 1450 1414
1595 24 1505 1477
1596 24 1512 1482
1597 24 1513 1477
1598 24 1514 1474
1599 24 1515 1499
1600 24 B 1516
1601 24 1516 1496
1602 24 B 1517
1603 24 1517 1497
1604 24 1519 1518
1605 24 1521 1520
1606 24 B 1522
1607 24 1520 1523
1608 24 1486 1524
1609 24 1527 1526
1610 24 1521 1499
1611 24 1528 1486
1612 24 B 1529
1613 24 B 1530
1614 24 1531 1491
1615 24 1509 1532
1616 24 B 1533
1617 24 1524 1534
1618 24 1479 1532
1619 24 1536 1535
1620 24 1532 1537
1621 24 1473 1538
1622 24 1540 1539
1623 24 1529 1496
1624 24 1530 1481
1625 24 B 1541
1626 24 B 1542
1627 24 1543 1489
1628 24 1450 1470
1629 24 1538 1544
1630 24 1410 1470
1631 24 1541 1497
1632 24 1542 1482
1633 25 1546 1545
1634 25 1548 1547
1635 25 1545 1549
1636 25 1547 1550
1637 25 1552 1551
1638 25 1551 1553
1639 25 1414 1474
1640 25 1474 1477
1641 25 1549 1554
1642 25 1550 1555
1643 25 1553 1556
1644 25 1477 1482
1645 25 1558 1557
1646 25 1557 1559
1647 25 1559 1560
1648 25 1545 1561
1649 25 1553 1563
1650 25 1548 1562
1651 25 1560 1564
1652 25 1554 1565
1653 25 1555 1566
1654 25 1556 1567
1655 25 1482 1497
1656 25 1560 1568
1657 25 1570 1569
1658 25 1572 1571
1659 25 1569 1573
1660 25 1571 1574
1661 25 1576 1575
1662 25 1578 1577
1663 25 1575 1579
1664 25 1577 1580
1665 25 1582 1581
1666 25 1584 1583
1667 25 1585 1582
1668 25 1586 1584
1669 25 1588 1587
1670 25 1590 1589
1671 25 1591 1588
1672 25 1592 1590
1673 25 1594 1593
1674 25 1593 1595
1675 25 1597 1596
1676 25 1598 1597
1677 25 1581 1599
1678 25 1583 1600
1679 25 1587 1601
1680 25 1589 1602
1681 25 1596 1603
1682 25 1605 1604
1683 25 1608 1607
1684 25 1609 1525
1685 25 1611 1610
1686 25 1613 1612
1687 25 1615 1614
1688 25 1618 1617
1689 25 1619 1526
1690 25 1621 1620
1691 25 1622 1535
1692 25 1624 1623
1693 25 1626 1625
1694 25 1628 1627
1695 25 1630 1629
1696 25 B 1539
1697 25 1632 1631
1698 26 1634 1633
1699 26 1636 1635
1700 26 1633 1637
1701 26 1635 1638
1702 26 1639 1634
1703 26 1640 1636
1704 26 1642 1641
1705 26 1641 1643
1706 26 1644 1642
1707 26 1637 1645
1708 26 1638 1646
1709 26 1643 1647
1710 26 1562 1648
1711 26 1561 1649
1712 26 1432 1650
1713 26 1563 1651
1714 26 1653 1652
1715 26 1652 1654
1716 26 1655 1653
1717 26 1654 1656
1718 26 1658 1657
1719 26 1660 1659
1720 26 1662 1661
1721 26 1664 1663
1722 26 1666 1665
1723 26 1668 1667
1724 26 1670 1669
1725 26 1672 1671
1726 26 B 1673
1727 26 B 1674
1728 26 B 1675
1729 26 B 1676
1730 26 1678 1677
1731 26 1680 1679
1732 26 B 1681
1733 26 1606 1682
1734 26 1684 1683
1735 26 1686 1685
1736 26 1616 1687
1737 26 1689 1688
1738 26 1691 1690
1739 26 1693 1692
1740 26 B 1694
1741 26 1696 1695
1742 26 B 1697
1743 27 1699 1698
1744 27 1701 1700
1745 27 1703 1702
1746 27 1704 1699
1747 27 1705 1701
1748 27 1706 1703
1749 27 1708 1707
1750 27 1709 1708
1751 27 B 1710
1752 27 1711 1701
1753 27 B 1712
1754 27 1710 1698
1755 27 B 1711
1756 27 1713 1709
1757 27 1714 1704
1758 27 1715 1705
1759 27 1716 1706
1760 27 1717 1709
1761 27 1719 1718
1762 27 1721 1720
1763 27 1722 1719
1764 27 1723 1718
1765 27 1724 1721
1766 27 1725 1720
1767 27 1727 1726
1768 27 1728 1727
1769 27 1729 1726
1770 27 1730 1722
1771 27 1731 1724
1772 27 1732 1728
1773 27 B 1713
1774 27 1733 1730
1775 27 1734 1709
1776 27 1735 1722
1777 27 B 1736
1778 27 B 1705
1779 27 1737 1701
1780 27 B 1737
1781 27 B 1738
1782 27 B 1701
1783 27 1722 1723
1784 27 1739 1724
1785 27 1724 1725
1786 27 1736 1721
1787 27 1738 1698
1788 27 B 1740
1789 27 B 1699
1790 27 B 1741
1791 27 B 1698
1792 27 B 1702
1793 27 1742 1728
1794 27 1728 1729
1795 28 1744 1743
1796 28 1700 1698
1797 28 1743 1745
1798 28 1698 1702
1799 28 1747 1746
1800 28 1746 1748
1801 28 1749 1744
1802 28 1707 1700
1803 28 1750 1747
1804 28 1752 1751
1805 28 1754 1753
1806 28 1756 1755
1807 28 1758 1757
1808 28 1757 1759
1809 28 1760 1758
1810 28 1761 1749
1811 28 1718 1707
1812 28 B 1762
1813 28 B 1720
1814 28 1763 1750
1815 28 1764 1749
1816 28 B 1765
1817 28 B 1766
1818 28 1762 1743
1819 28 1720 1698
1820 28 B 1767
1821 28 B 1726
1822 28 1765 1746
1823 28 1766 1743
1824 28 B 1768
1825 28 B 1769
1826 28 1770 1760
1827 28 B 1771
1828 28 1771 1757
1829 28 B 1772
1830 28 1774 1773
1831 28 1776 1775
1832 28 B 1777
1833 28 1775 1778
1834 28 1750 1779
1835 28 1782 1781
1836 28 1776 1760
1837 28 1783 1750
1838 28 B 1784
1839 28 B 1785
1840 28 1786 1751
1841 28 1766 1787
1842 28 B 1788
1843 28 1779 1789
1844 28 1744 1787
1845 28 1791 1790
1846 28 1787 1792
1847 28 1698 1741
1848 28 1784 1757
1849 28 1785 1746
1850 28 B 1793
1851 28 B 1794
1852 29 1796 1795
1853 29 1798 1797
1854 29 1795 1799
1855 29 1797 1800
1856 29 1802 1801
1857 29 1801 1803
1858 29 1702 1745
1859 29 1745 1748
1860 29 1795 1804
1861 29 1803 1806
1862 29 1798 1805
1863 29 1799 1807
1864 29 1800 1808
1865 29 1803 1809
1866 29 1748 1759
1867 29 1811 1810
1868 29 1813 1812
1869 29 1815 1814
1870 29 1817 1816
1871 29 1811 1815
1872 29 1813 1817
1873 29 1819 1818
1874 29 1821 1820
1875 29 1823 1822
1876 29 1825 1824
1877 29 1819 1823
1878 29 1821 1825
1879 29 1814 1826
1880 29 1816 1827
1881 29 1822 1828
1882 29 1824 1829
1883 29 1831 1830
1884 29 1834 1833
1885 29 1835 1780
1886 29 1837 1836
1887 29 1839 1838
1888 29 1841 1840
1889 29 1844 1843
1890 29 1845 1781
1891 29 1847 1846
1892 29 B 1790
1893 29 1849 1848
1894 29 1851 1850
1895 30 1853 1852
1896 30 1855 1854
1897 30 1852 1856
1898 30 1854 1857
1899 30 1858 1853
1900 30 1859 1855
1901 30 1805 1860
1902 30 1804 1861
1903 30 1712 1862
1904 30 1864 1863
1905 30 1863 1865
1906 30 1866 1864
1907 30 1868 1867
1908 30 1870 1869
1909 30 1872 1871
1910 30 1874 1873
1911 30 1876 1875
1912 30 1878 1877
1913 30 1880 1879
1914 30 1882 1881
1915 30 1832 1883
1916 30 1885 1884
1917 30 1887 1886
1918 30 1842 1888
1919 30 1890 1889
1920 30 1892 1891
1921 30 1894 1893
1922 31 1896 1895
1923 31 1898 1897
1924 31 1900 1899
1925 31 B 1901
1926 31 1902 1898
1927 31 B 1903
1928 31 1901 1895
1929 31 1904 1896
1930 31 1905 1898
1931 31 1906 1900
1932 31 1908 1907
1933 31 1911 1910
1934 31 1913 1908
1935 31 1914 1911
1936 31 B 1902
1937 31 1915 1913
1938 31 1916 1898
1939 31 1917 1908
1940 31 B 1918
1941 31 B 1896
1942 31 1919 1895
1943 31 B 1919
1944 31 B 1920
1945 31 B 1895
1946 31 1908 1909
1947 31 1921 1911
1948 31 1911 1912
1949 31 1918 1910
1950 31 B 1899
1951 32 1923 1922
1952 32 1897 1895
1953 32 1922 1924
1954 32 1895 1899
1955 32 1926 1925
1956 32 1928 1927
1957 32 1930 1929
1958 32 1929 1931
1959 32 1932 1923
1960 32 1909 1897
1961 32 B 1933
1962 32 B 1912
1963 32 1934 1930
1964 32 B 1935
1965 32 1933 1924
1966 32 1912 1899
1967 32 1935 1931
1968 32 1937 1936
1969 32 1939 1938
1970 32 B 1940
1971 32 1938 1941
1972 32 1923 1942
1973 32 1945 1944
1974 32 1939 1930
1975 32 1946 1923
1976 32 B 1947
1977 32 B 1948
1978 32 1949 1927
1979 32 1912 1920
1980 32 1942 1950
1981 32 1895 1920
1982 32 1947 1931
1983 32 1948 1924
1984 33 1952 1951
1985 33 1954 1953
1986 33 1951 1955
1987 33 1899 1924
1988 33 1954 1956
1989 33 1951 1957
1990 33 1953 1958
1991 33 1960 1959
1992 33 1962 1961
1993 33 1959 1963
1994 33 1961 1964
1995 33 1966 1965
1996 33 1965 1967
1997 33 1969 1968
1998 33 1972 1971
1999 33 1973 1943
2000 33 1975 1974
2001 33 1977 1976
2002 33 1979 1978
2003 33 1981 1980
2004 33 B 1944
2005 33 1983 1982
2006 34 1985 1984
2007 34 1956 1986
2008 34 1987 1985
2009 34 1903 1988
2010 34 1990 1989
2011 34 1992 1991
2012 34 1994 1993
2013 34 B 1995
2014 34 B 1996
2015 34 1970 1997
2016 34 1999 1998
2017 34 2001 2000
2018 34 B 2002
2019 34 2004 2003
2020 34 B 2005
2021 35 B 2009
2022 35 2007 2006
2023 35 2010 2006
2024 35 2012 2011
2025 35 2014 2013
2026 35 B 2007
2027 35 2015 2012
2028 35 2016 2006
2029 35 2017 2011
2030 35 B 2018
2031 35 B 2008
2032 35 B 2019
2033 35 2020 2013
2034 36 2022 2021
2035 36 2006 2008
2036 36 2024 2023
2037 36 2011 2006
2038 36 B 2025
2039 36 B 2013
2040 36 2027 2026
2041 36 2029 2028
2042 36 B 2030
2043 36 2028 2031
2044 36 2006 2019
2045 36 2029 2023
2046 36 B 2033
2047 37 2035 2034
2048 37 2037 2036
2049 37 2039 2038
2050 37 2041 2040
2051 37 2044 2043
2052 37 B 2032
2053 37 2037 2045
2054 37 2039 2046
2055 38 2009 2047
2056 38 2049 2048
2057 38 2042 2050
2058 38 2052 2051
2059 38 2054 2053
2060 39 B 2055
2061 39 2057 2056
2062 40 2061 2060
2063 40 2059 2058
2064 41 2063 2062
2065 42 B 2064
2066 45 B 2065
2067 46 B 2066