1 1 B T
2 2 1 T
3 2 B 1
4 3 2 T
5 3 3 2
6 3 B 3
7 3 B 2
8 4 4 T
9 4 5 4
10 4 6 5
11 4 2 T
12 4 B 6
13 4 B 2
14 4 B 5
15 4 7 4
16 5 8 T
17 5 9 8
18 5 10 9
19 5 9 11
20 5 12 10
21 5 B 12
22 5 14 13
23 5 12 14
24 5 15 8
25 5 B 15
26 5 15 11
27 5 B 13
28 6 16 T
29 6 17 16
30 6 18 17
31 6 19 16
32 6 20 18
33 6 21 20
34 6 22 19
35 6 23 18
36 6 B 21
37 6 25 24
38 6 27 26
39 7 28 T
40 7 29 28
41 7 30 29
42 7 30 31
43 7 32 30
44 7 33 32
45 7 35 34
46 7 33 35
47 7 36 33
48 7 B 36
49 7 37 29
50 7 B 37
51 7 37 31
52 7 B 38
53 8 39 T
54 8 40 39
55 8 28 T
56 8 41 40
57 8 31 28
58 8 42 40
59 8 43 41
60 8 44 43
61 8 34 31
62 8 45 42
63 8 46 43
64 8 47 44
65 8 B 34
66 8 B 45
67 8 B 46
68 8 B 47
69 8 48 47
70 8 B 48
71 8 50 49
72 8 52 51
73 8 B 38
74 9 53 T
75 9 54 53
76 9 54 55
77 9 56 54
78 9 58 57
79 9 59 58
80 9 59 56
81 9 60 59
82 9 62 61
83 9 63 62
84 9 64 63
85 9 66 65
86 9 67 66
87 9 68 67
88 9 64 60
89 9 69 64
90 9 70 68
91 9 70 69
92 9 B 70
93 9 71 56
94 9 B 71
95 9 71 58
96 9 B 72
97 9 72 61
98 9 B 73
99 10 74 T
100 10 75 74
101 10 76 74
102 10 77 75
103 10 78 76
104 10 79 77
105 10 80 77
106 10 81 80
107 10 82 78
108 10 83 79
109 10 84 81
110 10 85 82
111 10 86 83
112 10 87 84
113 10 88 81
114 10 89 88
115 10 90 89
116 10 91 89
117 10 92 91
118 10 94 93
119 10 96 95
120 10 98 97
121 11 99 T
122 11 100 99
123 11 102 101
124 11 104 103
125 11 102 100
126 11 105 102
127 11 106 104
128 11 108 107
129 11 109 108
130 11 111 110
131 11 112 111
132 11 106 105
133 11 113 106
134 11 114 109
135 11 115 112
136 11 114 113
137 11 116 114
138 11 117 115
139 11 118 105
140 11 B 118
141 11 118 104
142 11 B 119
143 11 119 107
144 11 B 120
145 12 99 T
146 12 122 121
147 12 101 99
148 12 123 122
149 12 103 101
150 12 124 123
151 12 125 122
152 12 126 125
153 12 127 126
154 12 107 103
155 12 128 124
156 12 129 127
157 12 110 107
158 12 130 128
159 12 131 129
160 12 132 126
161 12 133 132
162 12 134 133
163 12 135 134
164 12 B 110
165 12 B 130
166 12 B 131
167 12 B 135
168 12 136 133
169 12 137 136
170 12 138 137
171 12 B 138
172 12 140 139
173 12 142 141
174 12 144 143
175 12 B 120
176 13 146 145
177 13 148 147
178 13 150 149
179 13 151 146
180 13 152 148
181 13 153 150
182 13 155 154
183 13 156 155
184 13 158 157
185 13 159 158
186 13 152 151
187 13 160 152
188 13 161 153
189 13 162 156
190 13 163 159
191 13 165 164
192 13 166 165
193 13 167 166
194 13 161 160
195 13 168 161
196 13 169 162
197 13 170 163
198 13 171 167
199 13 172 160
200 13 B 172
201 13 172 153
202 13 B 173
203 13 173 155
204 13 B 174
205 13 174 157
206 13 B 175
207 14 177 176
208 14 178 177
209 14 180 179
210 14 181 180
211 14 182 178
212 14 183 181
213 14 184 182
214 14 185 183
215 14 187 186
216 14 188 187
217 14 189 188
218 14 190 189
219 14 191 184
220 14 192 185
221 14 193 190
222 14 194 187
223 14 195 194
224 14 196 195
225 14 197 196
226 14 198 197
227 14 200 199
228 14 202 201
229 14 204 203
230 14 206 205
231 15 209 207
232 15 210 208
233 15 212 211
234 15 214 213
235 15 215 209
236 15 216 210
237 15 217 212
238 15 218 214
239 15 220 219
240 15 221 220
241 15 222 215
242 15 223 216
243 15 224 217
244 15 225 218
245 15 226 221
246 15 227 222
247 15 B 227
248 15 227 216
249 15 B 228
250 15 228 212
251 15 B 229
252 15 229 213
253 15 B 230
254 16 208 207
255 16 232 231
256 16 211 208
257 16 233 232
258 16 213 211
259 16 234 233
260 16 236 235
261 16 237 236
262 16 238 237
263 16 219 213
264 16 239 234
265 16 240 238
266 16 B 219
267 16 B 239
268 16 B 240
269 16 242 241
270 16 243 242
271 16 244 243
272 16 245 244
273 16 B 245
274 16 247 246
275 16 249 248
276 16 251 250
277 16 253 252
278 16 B 230
279 17 255 254
280 17 257 256
281 17 259 258
282 17 260 255
283 17 261 257
284 17 262 259
285 17 264 263
286 17 265 264
287 17 267 266
288 17 268 267
289 17 269 260
290 17 270 261
291 17 271 262
292 17 272 265
293 17 273 268
294 17 274 269
295 17 B 275
296 17 275 261
297 17 B 276
298 17 276 259
299 17 B 277
300 17 277 263
301 17 B 278
302 18 280 279
303 18 281 280
304 18 283 282
305 18 284 283
306 18 285 281
307 18 286 284
308 18 287 285
309 18 288 286
310 18 290 289
311 18 291 290
312 18 292 291
313 18 293 292
314 18 295 294
315 18 297 296
316 18 299 298
317 18 301 300
318 19 304 302
319 19 305 303
320 19 307 306
321 19 309 308
322 19 310 304
323 19 311 305
324 19 312 307
325 19 313 309
326 19 314 310
327 19 B 315
328 19 315 305
329 19 B 316
330 19 316 306
331 19 B 317
332 20 303 302
333 20 319 318
334 20 306 303
335 20 320 319
336 20 308 306
337 20 321 320
338 20 323 322
339 20 324 323
340 20 325 324
341 20 B 308
342 20 B 321
343 20 B 325
344 20 327 326
345 20 329 328
346 20 331 330
347 20 B 317
348 21 333 332
349 21 335 334
350 21 337 336
351 21 338 333
352 21 339 335
353 21 340 337
354 21 342 341
355 21 343 342
356 21 344 338
357 21 B 345
358 21 345 335
359 21 B 346
360 21 346 336
361 21 B 347
362 22 349 348
363 22 350 349
364 22 352 351
365 22 353 352
366 22 354 350
367 22 355 353
368 22 357 356
369 22 359 358
370 22 361 360
371 23 364 362
372 23 365 363
373 23 367 366
374 23 368 364
375 23 B 369
376 23 369 363
377 23 B 370
378 24 363 362
379 24 372 371
380 24 366 363
381 24 373 372
382 24 B 366
383 24 B 373
384 24 375 374
385 24 377 376
386 24 B 370
387 25 379 378
388 25 381 380
389 25 383 382
390 25 384 379
391 25 B 385
392 25 385 380
393 25 B 386
394 26 388 387
395 26 389 388
396 26 391 390
397 26 393 392
398 27 396 394
399 27 B 397
400 28 395 394
401 28 399 398
402 28 B 397
403 29 401 400
404 29 B 402
405 30 404 403
406 32 B 405
407 34 B 406