1 1 B T
2 2 1 T
3 2 B 1
4 2 B T
5 3 2 T
6 3 3 2
7 3 B 3
8 3 3 4
9 3 B 2
10 3 B 4
11 4 5 T
12 4 6 5
13 4 7 6
14 4 B 7
15 4 8 5
16 4 9 5
17 4 10 5
18 5 11 T
19 5 12 11
20 5 13 12
21 5 14 13
22 5 B 14
23 5 13 15
24 5 16 11
25 5 B 16
26 5 B 17
27 6 18 T
28 6 19 18
29 6 20 19
30 6 21 20
31 6 22 21
32 6 11 T
33 6 B 22
34 6 15 11
35 6 23 19
36 6 B 15
37 6 B 23
38 6 B 21
39 6 25 24
40 6 26 24
41 6 B 17
42 7 27 T
43 7 28 27
44 7 29 28
45 7 30 29
46 7 31 30
47 7 28 32
48 7 33 31
49 7 35 34
50 7 30 35
51 7 B 33
52 7 37 36
53 7 38 37
54 7 33 38
55 7 39 28
56 7 B 39
57 7 B 40
58 7 40 34
59 7 B 41
60 8 42 T
61 8 43 42
62 8 44 43
63 8 45 44
64 8 46 45
65 8 47 42
66 8 48 46
67 8 49 47
68 8 50 44
69 8 51 48
70 8 B 51
71 8 52 49
72 8 53 50
73 8 54 46
74 8 56 55
75 8 57 55
76 8 59 58
77 9 60 T
78 9 61 60
79 9 62 61
80 9 63 62
81 9 64 63
82 9 62 65
83 9 66 64
84 9 68 67
85 9 64 68
86 9 69 66
87 9 70 69
88 9 72 71
89 9 73 72
90 9 69 73
91 9 B 70
92 9 74 62
93 9 B 74
94 9 B 75
95 9 75 67
96 9 B 76
97 10 77 T
98 10 78 77
99 10 79 78
100 10 60 T
101 10 80 79
102 10 81 80
103 10 65 60
104 10 82 78
105 10 83 81
106 10 67 65
107 10 84 82
108 10 85 80
109 10 86 83
110 10 87 86
111 10 71 67
112 10 88 84
113 10 89 85
114 10 90 83
115 10 91 87
116 10 B 71
117 10 B 88
118 10 B 89
119 10 B 90
120 10 B 87
121 10 B 91
122 10 93 92
123 10 94 92
124 10 96 95
125 10 B 76
126 11 97 T
127 11 98 97
128 11 99 98
129 11 98 100
130 11 101 99
131 11 102 101
132 11 104 103
133 11 101 104
134 11 105 102
135 11 107 106
136 11 108 107
137 11 105 108
138 11 109 105
139 11 110 109
140 11 112 111
141 11 113 112
142 11 114 113
143 11 110 114
144 11 115 110
145 11 117 116
146 11 118 117
147 11 119 118
148 11 120 119
149 11 121 120
150 11 121 115
151 11 B 121
152 11 122 101
153 11 B 122
154 11 B 123
155 11 123 107
156 11 B 124
157 11 124 111
158 11 B 125
159 12 126 T
160 12 127 126
161 12 128 127
162 12 129 126
163 12 130 128
164 12 131 130
165 12 132 129
166 12 133 128
167 12 134 131
168 12 135 132
169 12 136 133
170 12 137 131
171 12 138 134
172 12 139 138
173 12 140 135
174 12 141 136
175 12 142 137
176 12 143 138
177 12 144 139
178 12 145 140
179 12 146 141
180 12 147 142
181 12 148 143
182 12 149 144
183 12 150 144
184 12 151 150
185 12 B 151
186 12 153 152
187 12 154 152
188 12 156 155
189 12 158 157
190 13 159 T
191 13 160 159
192 13 161 160
193 13 161 162
194 13 163 161
195 13 164 163
196 13 166 165
197 13 164 166
198 13 167 164
199 13 169 168
200 13 170 169
201 13 171 170
202 13 171 167
203 13 172 171
204 13 174 173
205 13 175 174
206 13 176 175
207 13 177 176
208 13 179 178
209 13 180 179
210 13 181 180
211 13 182 181
212 13 177 172
213 13 183 177
214 13 184 182
215 13 184 183
216 13 185 184
217 13 B 185
218 13 186 164
219 13 B 186
220 13 B 187
221 13 187 169
222 13 B 188
223 13 188 173
224 13 B 189
225 14 190 T
226 14 191 190
227 14 159 T
228 14 192 191
229 14 162 159
230 14 193 191
231 14 194 192
232 14 195 194
233 14 165 162
234 14 196 193
235 14 197 194
236 14 198 195
237 14 168 165
238 14 199 196
239 14 200 197
240 14 201 198
241 14 202 198
242 14 203 202
243 14 173 168
244 14 204 199
245 14 205 200
246 14 206 201
247 14 207 203
248 14 178 173
249 14 208 204
250 14 209 205
251 14 210 206
252 14 211 207
253 14 212 203
254 14 213 212
255 14 214 213
256 14 B 178
257 14 B 208
258 14 B 209
259 14 B 210
260 14 B 211
261 14 B 214
262 14 215 213
263 14 216 215
264 14 B 216
265 14 217 216
266 14 B 217
267 14 219 218
268 14 220 218
269 14 222 221
270 14 224 223
271 14 B 189
272 15 225 T
273 15 226 225
274 15 226 227
275 15 228 226
276 15 230 229
277 15 231 230
278 15 231 228
279 15 232 231
280 15 234 233
281 15 235 234
282 15 236 235
283 15 238 237
284 15 239 238
285 15 240 239
286 15 236 232
287 15 241 236
288 15 242 240
289 15 244 243
290 15 245 244
291 15 246 245
292 15 247 246
293 15 249 248
294 15 250 249
295 15 251 250
296 15 252 251
297 15 242 241
298 15 253 242
299 15 254 247
300 15 255 252
301 15 257 256
302 15 258 257
303 15 259 258
304 15 260 259
305 15 261 260
306 15 254 253
307 15 262 254
308 15 263 255
309 15 264 261
310 15 263 262
311 15 265 263
312 15 266 264
313 15 266 265
314 15 B 266
315 15 267 236
316 15 B 267
317 15 B 268
318 15 268 239
319 15 B 269
320 15 269 244
321 15 B 270
322 15 270 248
323 15 B 271
324 16 272 T
325 16 273 272
326 16 274 272
327 16 275 273
328 16 276 274
329 16 277 275
330 16 278 275
331 16 279 278
332 16 280 276
333 16 281 277
334 16 282 279
335 16 283 280
336 16 284 281
337 16 285 282
338 16 286 279
339 16 287 286
340 16 288 287
341 16 289 283
342 16 290 284
343 16 291 285
344 16 292 288
345 16 293 289
346 16 294 290
347 16 295 291
348 16 296 292
349 16 297 287
350 16 298 297
351 16 299 298
352 16 300 299
353 16 301 293
354 16 302 294
355 16 303 295
356 16 304 296
357 16 305 300
358 16 306 298
359 16 307 306
360 16 308 307
361 16 309 308
362 16 310 307
363 16 311 310
364 16 312 311
365 16 313 311
366 16 314 313
367 16 316 315
368 16 317 315
369 16 319 318
370 16 321 320
371 16 323 322
372 17 324 T
373 17 325 324
374 17 327 326
375 17 329 328
376 17 327 325
377 17 330 327
378 17 331 329
379 17 333 332
380 17 334 333
381 17 336 335
382 17 337 336
383 17 331 330
384 17 338 331
385 17 339 334
386 17 340 337
387 17 342 341
388 17 343 342
389 17 344 343
390 17 346 345
391 17 347 346
392 17 348 347
393 17 339 338
394 17 349 339
395 17 350 340
396 17 351 344
397 17 352 348
398 17 354 353
399 17 355 354
400 17 356 355
401 17 357 356
402 17 350 349
403 17 358 350
404 17 359 351
405 17 360 352
406 17 361 357
407 17 359 358
408 17 362 359
409 17 363 360
410 17 364 361
411 17 363 362
412 17 365 363
413 17 366 364
414 17 367 339
415 17 B 367
416 17 B 368
417 17 368 337
418 17 B 369
419 17 369 342
420 17 B 370
421 17 370 345
422 17 B 371
423 18 324 T
424 18 373 372
425 18 326 324
426 18 374 373
427 18 328 326
428 18 375 374
429 18 376 373
430 18 377 376
431 18 378 377
432 18 332 328
433 18 379 375
434 18 380 378
435 18 335 332
436 18 381 379
437 18 382 380
438 18 383 377
439 18 384 383
440 18 385 384
441 18 386 385
442 18 341 335
443 18 387 381
444 18 388 382
445 18 389 386
446 18 345 341
447 18 390 387
448 18 391 388
449 18 392 389
450 18 393 384
451 18 394 393
452 18 395 394
453 18 396 395
454 18 397 396
455 18 353 345
456 18 398 390
457 18 399 391
458 18 400 392
459 18 401 397
460 18 B 353
461 18 B 398
462 18 B 399
463 18 B 400
464 18 B 401
465 18 402 394
466 18 403 402
467 18 404 403
468 18 405 404
469 18 406 405
470 18 B 406
471 18 407 403
472 18 408 407
473 18 409 408
474 18 410 409
475 18 B 410
476 18 411 408
477 18 412 411
478 18 413 412
479 18 B 413
480 18 415 414
481 18 416 414
482 18 418 417
483 18 420 419
484 18 422 421
485 18 B 371
486 19 424 423
487 19 426 425
488 19 428 427
489 19 429 424
490 19 430 426
491 19 431 428
492 19 433 432
493 19 434 433
494 19 436 435
495 19 437 436
496 19 430 429
497 19 438 430
498 19 439 431
499 19 440 434
500 19 441 437
501 19 443 442
502 19 444 443
503 19 445 444
504 19 447 446
505 19 448 447
506 19 449 448
507 19 439 438
508 19 450 439
509 19 451 440
510 19 452 441
511 19 453 445
512 19 454 449
513 19 456 455
514 19 457 456
515 19 458 457
516 19 459 458
517 19 461 460
518 19 462 461
519 19 463 462
520 19 464 463
521 19 451 450
522 19 465 451
523 19 466 452
524 19 467 453
525 19 468 454
526 19 469 459
527 19 470 464
528 19 466 465
529 19 471 466
530 19 472 467
531 19 473 468
532 19 474 469
533 19 475 470
534 19 472 471
535 19 476 472
536 19 477 473
537 19 478 474
538 19 479 475
539 19 480 451
540 19 B 480
541 19 B 481
542 19 481 441
543 19 B 482
544 19 482 444
545 19 B 483
546 19 483 447
547 19 B 484
548 19 484 455
549 19 B 485
550 20 487 486
551 20 488 487
552 20 490 489
553 20 491 490
554 20 492 488
555 20 493 491
556 20 494 492
557 20 495 493
558 20 497 496
559 20 498 497
560 20 499 498
561 20 500 499
562 20 501 494
563 20 502 495
564 20 503 500
565 20 504 501
566 20 505 502
567 20 506 503
568 20 507 497
569 20 508 507
570 20 509 508
571 20 510 509
572 20 511 510
573 20 512 511
574 20 513 504
575 20 514 505
576 20 515 506
577 20 516 512
578 20 517 513
579 20 518 514
580 20 519 515
581 20 520 516
582 20 521 508
583 20 522 521
584 20 523 522
585 20 524 523
586 20 525 524
587 20 526 525
588 20 527 526
589 20 528 522
590 20 529 528
591 20 530 529
592 20 531 530
593 20 532 531
594 20 533 532
595 20 534 529
596 20 535 534
597 20 536 535
598 20 537 536
599 20 538 537
600 20 540 539
601 20 541 539
602 20 543 542
603 20 545 544
604 20 547 546
605 20 549 548
606 21 552 550
607 21 553 551
608 21 555 554
609 21 557 556
610 21 558 552
611 21 559 553
612 21 560 555
613 21 561 557
614 21 563 562
615 21 564 563
616 21 566 565
617 21 567 566
618 21 568 558
619 21 569 559
620 21 570 560
621 21 571 561
622 21 572 564
623 21 573 567
624 21 575 574
625 21 576 575
626 21 577 576
627 21 579 578
628 21 580 579
629 21 581 580
630 21 569 568
631 21 582 569
632 21 583 570
633 21 584 571
634 21 585 572
635 21 586 573
636 21 587 577
637 21 588 581
638 21 583 582
639 21 589 583
640 21 590 584
641 21 591 585
642 21 592 586
643 21 593 587
644 21 594 588
645 21 590 589
646 21 595 590
647 21 596 591
648 21 597 592
649 21 598 593
650 21 599 594
651 21 600 583
652 21 B 600
653 21 B 601
654 21 601 571
655 21 B 602
656 21 602 564
657 21 B 603
658 21 603 566
659 21 B 604
660 21 604 574
661 21 B 605
662 22 551 550
663 22 607 606
664 22 554 551
665 22 608 607
666 22 556 554
667 22 609 608
668 22 611 610
669 22 612 611
670 22 613 612
671 22 562 556
672 22 614 609
673 22 615 613
674 22 565 562
675 22 616 614
676 22 617 615
677 22 619 618
678 22 620 619
679 22 621 620
680 22 622 621
681 22 623 622
682 22 574 565
683 22 624 616
684 22 625 617
685 22 626 623
686 22 578 574
687 22 627 624
688 22 628 625
689 22 629 626
690 22 631 630
691 22 632 631
692 22 633 632
693 22 634 633
694 22 635 634
695 22 636 635
696 22 637 636
697 22 B 578
698 22 B 627
699 22 B 628
700 22 B 629
701 22 B 637
702 22 638 631
703 22 639 638
704 22 640 639
705 22 641 640
706 22 642 641
707 22 643 642
708 22 644 643
709 22 B 644
710 22 645 639
711 22 646 645
712 22 647 646
713 22 648 647
714 22 649 648
715 22 650 649
716 22 B 650
717 22 652 651
718 22 653 651
719 22 655 654
720 22 657 656
721 22 659 658
722 22 661 660
723 22 B 605
724 23 663 662
725 23 665 664
726 23 667 666
727 23 668 663
728 23 669 665
729 23 670 667
730 23 672 671
731 23 673 672
732 23 675 674
733 23 676 675
734 23 677 668
735 23 678 669
736 23 679 670
737 23 680 673
738 23 681 676
739 23 683 682
740 23 684 683
741 23 685 684
742 23 687 686
743 23 688 687
744 23 689 688
745 23 690 677
746 23 691 678
747 23 692 679
748 23 693 680
749 23 694 681
750 23 695 685
751 23 696 689
752 23 698 697
753 23 699 698
754 23 700 699
755 23 701 700
756 23 702 690
757 23 703 691
758 23 704 692
759 23 705 693
760 23 706 694
761 23 707 695
762 23 708 696
763 23 709 701
764 23 703 702
765 23 710 703
766 23 711 704
767 23 712 705
768 23 713 706
769 23 714 707
770 23 715 708
771 23 716 709
772 23 717 703
773 23 B 717
774 23 B 718
775 23 718 692
776 23 B 719
777 23 719 680
778 23 B 720
779 23 720 676
780 23 B 721
781 23 721 683
782 23 B 722
783 23 722 686
784 23 B 723
785 24 725 724
786 24 726 725
787 24 728 727
788 24 729 728
789 24 730 726
790 24 731 729
791 24 732 730
792 24 733 731
793 24 735 734
794 24 736 735
795 24 737 736
796 24 738 737
797 24 739 732
798 24 740 733
799 24 741 738
800 24 742 739
801 24 743 740
802 24 744 741
803 24 746 745
804 24 747 746
805 24 748 747
806 24 749 748
807 24 750 749
808 24 751 750
809 24 752 742
810 24 753 743
811 24 754 744
812 24 755 751
813 24 757 756
814 24 758 757
815 24 759 758
816 24 760 759
817 24 761 760
818 24 762 761
819 24 763 762
820 24 765 764
821 24 766 765
822 24 767 766
823 24 768 767
824 24 769 768
825 24 770 769
826 24 771 770
827 24 773 772
828 24 774 772
829 24 776 775
830 24 778 777
831 24 780 779
832 24 782 781
833 24 784 783
834 25 787 785
835 25 788 786
836 25 790 789
837 25 792 791
838 25 793 787
839 25 794 788
840 25 795 790
841 25 796 792
842 25 798 797
843 25 799 798
844 25 801 800
845 25 802 801
846 25 803 793
847 25 804 794
848 25 805 795
849 25 806 796
850 25 807 799
851 25 808 802
852 25 810 809
853 25 811 810
854 25 812 811
855 25 813 803
856 25 814 804
857 25 815 805
858 25 816 806
859 25 817 807
860 25 818 808
861 25 819 812
862 25 820 813
863 25 821 814
864 25 822 815
865 25 823 816
866 25 824 817
867 25 825 818
868 25 826 819
869 25 827 820
870 25 B 828
871 25 828 814
872 25 B 829
873 25 829 805
874 25 B 830
875 25 830 796
876 25 B 831
877 25 831 798
878 25 B 832
879 25 832 800
880 25 B 833
881 26 786 785
882 26 835 834
883 26 789 786
884 26 836 835
885 26 791 789
886 26 837 836
887 26 839 838
888 26 840 839
889 26 841 840
890 26 797 791
891 26 842 837
892 26 843 841
893 26 800 797
894 26 844 842
895 26 845 843
896 26 847 846
897 26 848 847
898 26 849 848
899 26 850 849
900 26 851 850
901 26 809 800
902 26 852 844
903 26 853 845
904 26 854 851
905 26 B 809
906 26 B 852
907 26 B 853
908 26 B 854
909 26 856 855
910 26 857 856
911 26 858 857
912 26 859 858
913 26 860 859
914 26 861 860
915 26 B 861
916 26 863 862
917 26 864 863
918 26 865 864
919 26 866 865
920 26 867 866
921 26 868 867
922 26 B 868
923 26 870 869
924 26 872 871
925 26 874 873
926 26 876 875
927 26 878 877
928 26 880 879
929 26 B 833
930 27 882 881
931 27 884 883
932 27 886 885
933 27 887 882
934 27 888 884
935 27 889 886
936 27 891 890
937 27 892 891
938 27 894 893
939 27 895 894
940 27 896 887
941 27 897 888
942 27 898 889
943 27 899 892
944 27 900 895
945 27 902 901
946 27 903 902
947 27 904 903
948 27 906 905
949 27 907 906
950 27 908 907
951 27 909 896
952 27 910 897
953 27 911 898
954 27 912 899
955 27 913 900
956 27 914 904
957 27 915 908
958 27 916 909
959 27 917 910
960 27 918 911
961 27 919 912
962 27 920 913
963 27 921 914
964 27 922 915
965 27 923 916
966 27 B 924
967 27 924 910
968 27 B 925
969 27 925 898
970 27 B 926
971 27 926 892
972 27 B 927
973 27 927 894
974 27 B 928
975 27 928 901
976 27 B 929
977 28 931 930
978 28 932 931
979 28 934 933
980 28 935 934
981 28 936 932
982 28 937 935
983 28 938 936
984 28 939 937
985 28 941 940
986 28 942 941
987 28 943 942
988 28 944 943
989 28 945 938
990 28 946 939
991 28 947 944
992 28 948 945
993 28 949 946
994 28 950 947
995 28 952 951
996 28 953 952
997 28 954 953
998 28 955 954
999 28 956 955
1000 28 957 956
1001 28 959 958
1002 28 960 959
1003 28 961 960
1004 28 962 961
1005 28 963 962
1006 28 964 963
1007 28 966 965
1008 28 968 967
1009 28 970 969
1010 28 972 971
1011 28 974 973
1012 28 976 975
1013 29 979 977
1014 29 980 978
1015 29 982 981
1016 29 984 983
1017 29 985 979
1018 29 986 980
1019 29 987 982
1020 29 988 984
1021 29 990 989
1022 29 991 990
1023 29 993 992
1024 29 994 993
1025 29 995 985
1026 29 996 986
1027 29 997 987
1028 29 998 988
1029 29 999 991
1030 29 1000 994
1031 29 1001 995
1032 29 1002 996
1033 29 1003 997
1034 29 1004 998
1035 29 1005 999
1036 29 1006 1000
1037 29 1007 1001
1038 29 B 1008
1039 29 1008 996
1040 29 B 1009
1041 29 1009 987
1042 29 B 1010
1043 29 1010 984
1044 29 B 1011
1045 29 1011 989
1046 29 B 1012
1047 30 978 977
1048 30 1014 1013
1049 30 981 978
1050 30 1015 1014
1051 30 983 981
1052 30 1016 1015
1053 30 1018 1017
1054 30 1019 1018
1055 30 1020 1019
1056 30 989 983
1057 30 1021 1016
1058 30 1022 1020
1059 30 992 989
1060 30 1023 1021
1061 30 1024 1022
1062 30 1026 1025
1063 30 1027 1026
1064 30 1028 1027
1065 30 1029 1028
1066 30 1030 1029
1067 30 B 992
1068 30 B 1023
1069 30 B 1024
1070 30 B 1030
1071 30 1032 1031
1072 30 1033 1032
1073 30 1034 1033
1074 30 1035 1034
1075 30 1036 1035
1076 30 B 1036
1077 30 1038 1037
1078 30 1040 1039
1079 30 1042 1041
1080 30 1044 1043
1081 30 1046 1045
1082 30 B 1012
1083 31 1048 1047
1084 31 1050 1049
1085 31 1052 1051
1086 31 1053 1048
1087 31 1054 1050
1088 31 1055 1052
1089 31 1057 1056
1090 31 1058 1057
1091 31 1060 1059
1092 31 1061 1060
1093 31 1062 1053
1094 31 1063 1054
1095 31 1064 1055
1096 31 1065 1058
1097 31 1066 1061
1098 31 1068 1067
1099 31 1069 1068
1100 31 1070 1069
1101 31 1071 1062
1102 31 1072 1063
1103 31 1073 1064
1104 31 1074 1065
1105 31 1075 1066
1106 31 1076 1070
1107 31 1077 1071
1108 31 B 1078
1109 31 1078 1063
1110 31 B 1079
1111 31 1079 1055
1112 31 B 1080
1113 31 1080 1057
1114 31 B 1081
1115 31 1081 1059
1116 31 B 1082
1117 32 1084 1083
1118 32 1085 1084
1119 32 1087 1086
1120 32 1088 1087
1121 32 1089 1085
1122 32 1090 1088
1123 32 1091 1089
1124 32 1092 1090
1125 32 1094 1093
1126 32 1095 1094
1127 32 1096 1095
1128 32 1097 1096
1129 32 1098 1091
1130 32 1099 1092
1131 32 1100 1097
1132 32 1102 1101
1133 32 1103 1102
1134 32 1104 1103
1135 32 1105 1104
1136 32 1106 1105
1137 32 1108 1107
1138 32 1110 1109
1139 32 1112 1111
1140 32 1114 1113
1141 32 1116 1115
1142 33 1119 1117
1143 33 1120 1118
1144 33 1122 1121
1145 33 1124 1123
1146 33 1125 1119
1147 33 1126 1120
1148 33 1127 1122
1149 33 1128 1124
1150 33 1130 1129
1151 33 1131 1130
1152 33 1132 1125
1153 33 1133 1126
1154 33 1134 1127
1155 33 1135 1128
1156 33 1136 1131
1157 33 1137 1132
1158 33 B 1138
1159 33 1138 1126
1160 33 B 1139
1161 33 1139 1122
1162 33 B 1140
1163 33 1140 1123
1164 33 B 1141
1165 34 1118 1117
1166 34 1143 1142
1167 34 1121 1118
1168 34 1144 1143
1169 34 1123 1121
1170 34 1145 1144
1171 34 1147 1146
1172 34 1148 1147
1173 34 1149 1148
1174 34 1129 1123
1175 34 1150 1145
1176 34 1151 1149
1177 34 B 1129
1178 34 B 1150
1179 34 B 1151
1180 34 1153 1152
1181 34 1154 1153
1182 34 1155 1154
1183 34 1156 1155
1184 34 B 1156
1185 34 1158 1157
1186 34 1160 1159
1187 34 1162 1161
1188 34 1164 1163
1189 34 B 1141
1190 35 1166 1165
1191 35 1168 1167
1192 35 1170 1169
1193 35 1171 1166
1194 35 1172 1168
1195 35 1173 1170
1196 35 1175 1174
1197 35 1176 1175
1198 35 1178 1177
1199 35 1179 1178
1200 35 1180 1171
1201 35 1181 1172
1202 35 1182 1173
1203 35 1183 1176
1204 35 1184 1179
1205 35 1185 1180
1206 35 B 1186
1207 35 1186 1172
1208 35 B 1187
1209 35 1187 1170
1210 35 B 1188
1211 35 1188 1174
1212 35 B 1189
1213 36 1191 1190
1214 36 1192 1191
1215 36 1194 1193
1216 36 1195 1194
1217 36 1196 1192
1218 36 1197 1195
1219 36 1198 1196
1220 36 1199 1197
1221 36 1201 1200
1222 36 1202 1201
1223 36 1203 1202
1224 36 1204 1203
1225 36 1206 1205
1226 36 1208 1207
1227 36 1210 1209
1228 36 1212 1211
1229 37 1215 1213
1230 37 1216 1214
1231 37 1218 1217
1232 37 1220 1219
1233 37 1221 1215
1234 37 1222 1216
1235 37 1223 1218
1236 37 1224 1220
1237 37 1225 1221
1238 37 B 1226
1239 37 1226 1216
1240 37 B 1227
1241 37 1227 1217
1242 37 B 1228
1243 38 1214 1213
1244 38 1230 1229
1245 38 1217 1214
1246 38 1231 1230
1247 38 1219 1217
1248 38 1232 1231
1249 38 1234 1233
1250 38 1235 1234
1251 38 1236 1235
1252 38 B 1219
1253 38 B 1232
1254 38 B 1236
1255 38 1238 1237
1256 38 1240 1239
1257 38 1242 1241
1258 38 B 1228
1259 39 1244 1243
1260 39 1246 1245
1261 39 1248 1247
1262 39 1249 1244
1263 39 1250 1246
1264 39 1251 1248
1265 39 1253 1252
1266 39 1254 1253
1267 39 1255 1249
1268 39 B 1256
1269 39 1256 1246
1270 39 B 1257
1271 39 1257 1247
1272 39 B 1258
1273 40 1260 1259
1274 40 1261 1260
1275 40 1263 1262
1276 40 1264 1263
1277 40 1265 1261
1278 40 1266 1264
1279 40 1268 1267
1280 40 1270 1269
1281 40 1272 1271
1282 41 1275 1273
1283 41 1276 1274
1284 41 1278 1277
1285 41 1279 1275
1286 41 B 1280
1287 41 1280 1274
1288 41 B 1281
1289 42 1274 1273
1290 42 1283 1282
1291 42 1277 1274
1292 42 1284 1283
1293 42 B 1277
1294 42 B 1284
1295 42 1286 1285
1296 42 1288 1287
1297 42 B 1281
1298 43 1290 1289
1299 43 1292 1291
1300 43 1294 1293
1301 43 1295 1290
1302 43 B 1296
1303 43 1296 1291
1304 43 B 1297
1305 44 1299 1298
1306 44 1300 1299
1307 44 1302 1301
1308 44 1304 1303
1309 45 1307 1305
1310 45 B 1308
1311 46 1306 1305
1312 46 1310 1309
1313 46 B 1308
1314 47 1312 1311
1315 47 B 1313
1316 48 1315 1314
1317 50 B 1316
1318 52 B 1317