1 1 B T
2 2 1 T
3 2 B 1
4 3 2 T
5 3 3 2
6 3 B 3
7 3 B 2
8 4 4 T
9 4 5 4
10 4 6 5
11 4 2 T
12 4 B 6
13 4 B 2
14 4 B 5
15 4 7 4
16 5 8 T
17 5 9 8
18 5 10 9
19 5 9 11
20 5 12 10
21 5 14 13
22 5 12 14
23 5 B 12
24 5 15 8
25 5 B 15
26 5 15 11
27 5 B 13
28 6 16 T
29 6 17 16
30 6 18 17
31 6 19 16
32 6 20 18
33 6 21 19
34 6 22 18
35 6 23 20
36 6 B 23
37 6 25 24
38 6 27 26
39 7 28 T
40 7 29 28
41 7 30 29
42 7 30 31
43 7 32 30
44 7 34 33
45 7 35 34
46 7 35 32
47 7 36 35
48 7 B 36
49 7 37 29
50 7 B 37
51 7 37 31
52 7 B 38
53 8 39 T
54 8 28 T
55 8 40 39
56 8 41 40
57 8 31 28
58 8 42 40
59 8 43 41
60 8 33 31
61 8 44 42
62 8 45 43
63 8 46 43
64 8 47 46
65 8 B 33
66 8 B 44
67 8 B 45
68 8 B 47
69 8 48 47
70 8 B 48
71 8 50 49
72 8 52 51
73 8 B 38
74 9 53 T
75 9 55 54
76 9 55 53
77 9 56 55
78 9 58 57
79 9 59 58
80 9 61 60
81 9 62 61
82 9 59 56
83 9 63 59
84 9 64 62
85 9 66 65
86 9 67 66
87 9 68 67
88 9 64 63
89 9 69 64
90 9 70 68
91 9 71 56
92 9 B 71
93 9 71 58
94 9 B 72
95 9 72 60
96 9 B 73
97 10 74 T
98 10 75 74
99 10 76 74
100 10 77 76
101 10 78 75
102 10 79 77
103 10 80 78
104 10 81 79
105 10 82 77
106 10 83 82
107 10 84 83
108 10 85 80
109 10 86 81
110 10 87 84
111 10 88 83
112 10 89 88
113 10 90 89
114 10 92 91
115 10 94 93
116 10 96 95
117 11 99 97
118 11 100 98
119 11 102 101
120 11 104 103
121 11 100 99
122 11 105 100
123 11 106 102
124 11 107 104
125 11 109 108
126 11 110 109
127 11 106 105
128 11 111 106
129 11 112 107
130 11 113 110
131 11 114 105
132 11 B 114
133 11 114 102
134 11 B 115
135 11 115 103
136 11 B 116
137 12 98 97
138 12 118 117
139 12 101 98
140 12 119 118
141 12 103 101
142 12 120 119
143 12 122 121
144 12 123 122
145 12 124 123
146 12 108 103
147 12 125 120
148 12 126 124
149 12 B 108
150 12 B 125
151 12 B 126
152 12 127 122
153 12 128 127
154 12 129 128
155 12 130 129
156 12 B 130
157 12 132 131
158 12 134 133
159 12 136 135
160 12 B 116
161 13 138 137
162 13 140 139
163 13 142 141
164 13 143 138
165 13 144 140
166 13 145 142
167 13 147 146
168 13 148 147
169 13 150 149
170 13 151 150
171 13 152 143
172 13 153 144
173 13 154 145
174 13 155 148
175 13 156 151
176 13 157 152
177 13 B 157
178 13 157 144
179 13 B 158
180 13 158 142
181 13 B 159
182 13 159 146
183 13 B 160
184 14 162 161
185 14 163 162
186 14 165 164
187 14 166 165
188 14 167 163
189 14 168 166
190 14 169 167
191 14 170 168
192 14 172 171
193 14 173 172
194 14 174 173
195 14 175 174
196 14 177 176
197 14 179 178
198 14 181 180
199 14 183 182
200 15 186 184
201 15 187 185
202 15 189 188
203 15 191 190
204 15 192 186
205 15 193 187
206 15 194 189
207 15 195 191
208 15 196 192
209 15 B 197
210 15 197 187
211 15 B 198
212 15 198 188
213 15 B 199
214 16 185 184
215 16 201 200
216 16 188 185
217 16 202 201
218 16 190 188
219 16 203 202
220 16 205 204
221 16 206 205
222 16 207 206
223 16 B 190
224 16 B 203
225 16 B 207
226 16 209 208
227 16 211 210
228 16 213 212
229 16 B 199
230 17 215 214
231 17 217 216
232 17 219 218
233 17 220 215
234 17 221 217
235 17 222 219
236 17 224 223
237 17 225 224
238 17 226 220
239 17 B 227
240 17 227 217
241 17 B 228
242 17 228 218
243 17 B 229
244 18 231 230
245 18 232 231
246 18 234 233
247 18 235 234
248 18 236 232
249 18 237 235
250 18 239 238
251 18 241 240
252 18 243 242
253 19 246 244
254 19 247 245
255 19 249 248
256 19 250 246
257 19 B 251
258 19 251 245
259 19 B 252
260 20 245 244
261 20 254 253
262 20 248 245
263 20 255 254
264 20 B 248
265 20 B 255
266 20 257 256
267 20 259 258
268 20 B 252
269 21 261 260
270 21 263 262
271 21 265 264
272 21 266 261
273 21 B 267
274 21 267 262
275 21 B 268
276 22 270 269
277 22 271 270
278 22 273 272
279 22 275 274
280 23 278 276
281 23 B 279
282 24 277 276
283 24 281 280
284 24 B 279
285 25 283 282
286 25 B 284
287 26 286 285
288 28 B 287
289 30 B 288