1 1 B T
2 2 1 T
3 2 B 1
4 3 2 T
5 3 3 2
6 3 B 3
7 3 B 2
8 4 4 T
9 4 5 4
10 4 6 5
11 4 B 6
12 4 2 T
13 4 B 2
14 4 B 5
15 4 7 4
16 5 8 T
17 5 9 8
18 5 10 9
19 5 11 10
20 5 B 11
21 5 9 12
22 5 14 13
23 5 11 14
24 5 15 8
25 5 B 15
26 5 15 12
27 5 B 13
28 6 16 T
29 6 17 16
30 6 18 17
31 6 19 18
32 6 20 19
33 6 21 16
34 6 B 20
35 6 22 21
36 6 23 18
37 6 25 24
38 6 27 26
39 7 28 T
40 7 29 28
41 7 30 29
42 7 31 30
43 7 32 31
44 7 30 33
45 7 34 32
46 7 B 34
47 7 36 35
48 7 32 36
49 7 37 29
50 7 B 37
51 7 37 33
52 7 B 38
53 8 39 T
54 8 40 39
55 8 41 40
56 8 42 41
57 8 28 T
58 8 43 42
59 8 33 28
60 8 44 40
61 8 45 43
62 8 46 45
63 8 35 33
64 8 47 44
65 8 48 42
66 8 B 46
67 8 B 35
68 8 B 47
69 8 B 48
70 8 B 45
71 8 50 49
72 8 52 51
73 8 B 38
74 9 53 T
75 9 54 53
76 9 55 54
77 9 56 55
78 9 54 57
79 9 58 56
80 9 60 59
81 9 56 60
82 9 61 58
83 9 62 61
84 9 64 63
85 9 65 64
86 9 61 65
87 9 66 62
88 9 68 67
89 9 69 68
90 9 70 69
91 9 66 70
92 9 B 66
93 9 71 55
94 9 B 71
95 9 71 60
96 9 B 72
97 9 72 63
98 9 B 73
99 10 74 T
100 10 75 74
101 10 76 75
102 10 77 76
103 10 78 74
104 10 79 77
105 10 80 78
106 10 81 76
107 10 82 79
108 10 83 82
109 10 84 80
110 10 85 81
111 10 86 79
112 10 87 83
113 10 88 84
114 10 89 85
115 10 90 86
116 10 91 83
117 10 92 87
118 10 B 92
119 10 94 93
120 10 96 95
121 10 98 97
122 11 99 T
123 11 100 99
124 11 101 100
125 11 102 101
126 11 101 103
127 11 104 102
128 11 106 105
129 11 104 106
130 11 107 104
131 11 108 107
132 11 110 109
133 11 111 110
134 11 108 111
135 11 112 108
136 11 114 113
137 11 115 114
138 11 116 115
139 11 117 116
140 11 117 112
141 11 118 117
142 11 B 118
143 11 119 102
144 11 B 119
145 11 119 106
146 11 B 120
147 11 120 109
148 11 B 121
149 12 122 T
150 12 123 122
151 12 99 T
152 12 124 123
153 12 125 124
154 12 103 99
155 12 126 123
156 12 127 125
157 12 105 103
158 12 128 126
159 12 129 125
160 12 130 127
161 12 131 130
162 12 109 105
163 12 132 128
164 12 133 129
165 12 134 130
166 12 135 131
167 12 113 109
168 12 136 132
169 12 137 133
170 12 138 134
171 12 139 135
172 12 140 135
173 12 141 140
174 12 B 113
175 12 B 136
176 12 B 137
177 12 B 138
178 12 B 139
179 12 B 141
180 12 142 141
181 12 B 142
182 12 144 143
183 12 146 145
184 12 148 147
185 12 B 121
186 13 149 T
187 13 150 149
188 13 150 151
189 13 152 150
190 13 153 152
191 13 155 154
192 13 153 155
193 13 156 153
194 13 158 157
195 13 159 158
196 13 160 159
197 13 160 156
198 13 161 160
199 13 163 162
200 13 164 163
201 13 165 164
202 13 166 165
203 13 168 167
204 13 169 168
205 13 170 169
206 13 171 170
207 13 166 161
208 13 172 166
209 13 173 171
210 13 175 174
211 13 176 175
212 13 177 176
213 13 178 177
214 13 179 178
215 13 173 172
216 13 180 173
217 13 181 179
218 13 181 180
219 13 B 181
220 13 182 156
221 13 B 182
222 13 182 159
223 13 B 183
224 13 183 163
225 13 B 184
226 13 184 167
227 13 B 185
228 14 186 T
229 14 187 186
230 14 188 186
231 14 189 187
232 14 190 189
233 14 191 188
234 14 192 189
235 14 193 190
236 14 194 191
237 14 195 192
238 14 196 193
239 14 197 193
240 14 198 197
241 14 199 194
242 14 200 195
243 14 201 196
244 14 202 198
245 14 203 199
246 14 204 200
247 14 205 201
248 14 206 202
249 14 207 198
250 14 208 207
251 14 209 208
252 14 210 203
253 14 211 204
254 14 212 205
255 14 213 206
256 14 214 209
257 14 215 208
258 14 216 215
259 14 217 216
260 14 218 216
261 14 219 218
262 14 B 219
263 14 221 220
264 14 223 222
265 14 225 224
266 14 227 226
267 15 228 T
268 15 229 228
269 15 231 230
270 15 231 229
271 15 232 231
272 15 234 233
273 15 235 234
274 15 237 236
275 15 238 237
276 15 235 232
277 15 239 235
278 15 240 238
279 15 242 241
280 15 243 242
281 15 244 243
282 15 246 245
283 15 247 246
284 15 248 247
285 15 240 239
286 15 249 240
287 15 250 244
288 15 251 248
289 15 253 252
290 15 254 253
291 15 255 254
292 15 256 255
293 15 250 249
294 15 257 250
295 15 258 251
296 15 259 256
297 15 258 257
298 15 260 258
299 15 261 259
300 15 261 260
301 15 262 261
302 15 263 239
303 15 B 263
304 15 263 238
305 15 B 264
306 15 264 242
307 15 B 265
308 15 265 245
309 15 B 266
310 16 267 T
311 16 228 T
312 16 268 267
313 16 230 228
314 16 269 268
315 16 270 268
316 16 271 270
317 16 233 230
318 16 272 269
319 16 273 271
320 16 236 233
321 16 274 272
322 16 275 273
323 16 276 271
324 16 277 276
325 16 278 277
326 16 241 236
327 16 279 274
328 16 280 275
329 16 281 278
330 16 245 241
331 16 282 279
332 16 283 280
333 16 284 281
334 16 285 277
335 16 286 285
336 16 287 286
337 16 288 287
338 16 252 245
339 16 289 282
340 16 290 283
341 16 291 284
342 16 292 288
343 16 B 252
344 16 B 289
345 16 B 290
346 16 B 291
347 16 B 292
348 16 293 286
349 16 294 293
350 16 295 294
351 16 296 295
352 16 B 296
353 16 297 294
354 16 298 297
355 16 299 298
356 16 B 299
357 16 300 298
358 16 301 300
359 16 B 301
360 16 303 302
361 16 305 304
362 16 307 306
363 16 309 308
364 16 B 266
365 17 310 T
366 17 312 311
367 17 314 313
368 17 312 310
369 17 315 312
370 17 316 314
371 17 318 317
372 17 319 318
373 17 321 320
374 17 322 321
375 17 316 315
376 17 323 316
377 17 324 319
378 17 325 322
379 17 327 326
380 17 328 327
381 17 329 328
382 17 331 330
383 17 332 331
384 17 333 332
385 17 324 323
386 17 334 324
387 17 335 325
388 17 336 329
389 17 337 333
390 17 339 338
391 17 340 339
392 17 341 340
393 17 342 341
394 17 344 343
395 17 345 344
396 17 346 345
397 17 347 346
398 17 335 334
399 17 348 335
400 17 349 336
401 17 350 337
402 17 351 342
403 17 352 347
404 17 349 348
405 17 353 349
406 17 354 350
407 17 355 351
408 17 356 352
409 17 354 353
410 17 357 354
411 17 358 355
412 17 359 356
413 17 360 334
414 17 B 360
415 17 360 325
416 17 B 361
417 17 361 328
418 17 B 362
419 17 362 331
420 17 B 363
421 17 363 338
422 17 B 364
423 18 366 365
424 18 367 366
425 18 369 368
426 18 370 369
427 18 371 367
428 18 372 370
429 18 373 371
430 18 374 372
431 18 375 369
432 18 376 375
433 18 377 376
434 18 378 377
435 18 379 373
436 18 380 374
437 18 381 378
438 18 382 379
439 18 383 380
440 18 384 381
441 18 385 376
442 18 386 385
443 18 387 386
444 18 388 387
445 18 389 388
446 18 390 382
447 18 391 383
448 18 392 384
449 18 393 389
450 18 394 390
451 18 395 391
452 18 396 392
453 18 397 393
454 18 398 386
455 18 399 398
456 18 400 399
457 18 401 400
458 18 402 401
459 18 403 402
460 18 404 399
461 18 405 404
462 18 406 405
463 18 407 406
464 18 408 407
465 18 409 405
466 18 410 409
467 18 411 410
468 18 412 411
469 18 414 413
470 18 416 415
471 18 418 417
472 18 420 419
473 18 422 421
474 19 425 423
475 19 426 424
476 19 428 427
477 19 430 429
478 19 431 425
479 19 432 426
480 19 433 428
481 19 434 430
482 19 436 435
483 19 437 436
484 19 439 438
485 19 440 439
486 19 432 431
487 19 441 432
488 19 442 433
489 19 443 434
490 19 444 437
491 19 445 440
492 19 447 446
493 19 448 447
494 19 449 448
495 19 451 450
496 19 452 451
497 19 453 452
498 19 442 441
499 19 454 442
500 19 455 443
501 19 456 444
502 19 457 445
503 19 458 449
504 19 459 453
505 19 455 454
506 19 460 455
507 19 461 456
508 19 462 457
509 19 463 458
510 19 464 459
511 19 461 460
512 19 465 461
513 19 466 462
514 19 467 463
515 19 468 464
516 19 469 454
517 19 B 469
518 19 469 443
519 19 B 470
520 19 470 437
521 19 B 471
522 19 471 439
523 19 B 472
524 19 472 446
525 19 B 473
526 20 424 423
527 20 475 474
528 20 427 424
529 20 476 475
530 20 429 427
531 20 477 476
532 20 479 478
533 20 480 479
534 20 481 480
535 20 435 429
536 20 482 477
537 20 483 481
538 20 438 435
539 20 484 482
540 20 485 483
541 20 487 486
542 20 488 487
543 20 489 488
544 20 490 489
545 20 491 490
546 20 446 438
547 20 492 484
548 20 493 485
549 20 494 491
550 20 450 446
551 20 495 492
552 20 496 493
553 20 497 494
554 20 498 487
555 20 499 498
556 20 500 499
557 20 501 500
558 20 502 501
559 20 503 502
560 20 504 503
561 20 B 450
562 20 B 495
563 20 B 496
564 20 B 497
565 20 B 504
566 20 505 499
567 20 506 505
568 20 507 506
569 20 508 507
570 20 509 508
571 20 510 509
572 20 B 510
573 20 511 506
574 20 512 511
575 20 513 512
576 20 514 513
577 20 515 514
578 20 B 515
579 20 517 516
580 20 519 518
581 20 521 520
582 20 523 522
583 20 525 524
584 20 B 473
585 21 527 526
586 21 529 528
587 21 531 530
588 21 532 527
589 21 533 529
590 21 534 531
591 21 536 535
592 21 537 536
593 21 539 538
594 21 540 539
595 21 541 532
596 21 542 533
597 21 543 534
598 21 544 537
599 21 545 540
600 21 547 546
601 21 548 547
602 21 549 548
603 21 551 550
604 21 552 551
605 21 553 552
606 21 554 541
607 21 555 542
608 21 556 543
609 21 557 544
610 21 558 545
611 21 559 549
612 21 560 553
613 21 562 561
614 21 563 562
615 21 564 563
616 21 565 564
617 21 555 554
618 21 566 555
619 21 567 556
620 21 568 557
621 21 569 558
622 21 570 559
623 21 571 560
624 21 572 565
625 21 567 566
626 21 573 567
627 21 574 568
628 21 575 569
629 21 576 570
630 21 577 571
631 21 578 572
632 21 579 566
633 21 B 579
634 21 579 556
635 21 B 580
636 21 580 544
637 21 B 581
638 21 581 540
639 21 B 582
640 21 582 547
641 21 B 583
642 21 583 550
643 21 B 584
644 22 586 585
645 22 587 586
646 22 589 588
647 22 590 589
648 22 591 587
649 22 592 590
650 22 593 591
651 22 594 592
652 22 596 595
653 22 597 596
654 22 598 597
655 22 599 598
656 22 600 593
657 22 601 594
658 22 602 599
659 22 603 600
660 22 604 601
661 22 605 602
662 22 607 606
663 22 608 607
664 22 609 608
665 22 610 609
666 22 611 610
667 22 612 611
668 22 613 603
669 22 614 604
670 22 615 605
671 22 616 612
672 22 618 617
673 22 619 618
674 22 620 619
675 22 621 620
676 22 622 621
677 22 623 622
678 22 624 623
679 22 625 618
680 22 626 625
681 22 627 626
682 22 628 627
683 22 629 628
684 22 630 629
685 22 631 630
686 22 633 632
687 22 635 634
688 22 637 636
689 22 639 638
690 22 641 640
691 22 643 642
692 23 646 644
693 23 647 645
694 23 649 648
695 23 651 650
696 23 652 646
697 23 653 647
698 23 654 649
699 23 655 651
700 23 657 656
701 23 658 657
702 23 660 659
703 23 661 660
704 23 662 652
705 23 663 653
706 23 664 654
707 23 665 655
708 23 666 658
709 23 667 661
710 23 669 668
711 23 670 669
712 23 671 670
713 23 672 662
714 23 673 663
715 23 674 664
716 23 675 665
717 23 676 666
718 23 677 667
719 23 678 671
720 23 679 672
721 23 680 673
722 23 681 674
723 23 682 675
724 23 683 676
725 23 684 677
726 23 685 678
727 23 686 679
728 23 B 686
729 23 686 673
730 23 B 687
731 23 687 664
732 23 B 688
733 23 688 655
734 23 B 689
735 23 689 657
736 23 B 690
737 23 690 659
738 23 B 691
739 24 645 644
740 24 693 692
741 24 648 645
742 24 694 693
743 24 650 648
744 24 695 694
745 24 697 696
746 24 698 697
747 24 699 698
748 24 656 650
749 24 700 695
750 24 701 699
751 24 659 656
752 24 702 700
753 24 703 701
754 24 705 704
755 24 706 705
756 24 707 706
757 24 708 707
758 24 709 708
759 24 668 659
760 24 710 702
761 24 711 703
762 24 712 709
763 24 B 668
764 24 B 710
765 24 B 711
766 24 B 712
767 24 714 713
768 24 715 714
769 24 716 715
770 24 717 716
771 24 718 717
772 24 719 718
773 24 B 719
774 24 721 720
775 24 722 721
776 24 723 722
777 24 724 723
778 24 725 724
779 24 726 725
780 24 B 726
781 24 728 727
782 24 730 729
783 24 732 731
784 24 734 733
785 24 736 735
786 24 738 737
787 24 B 691
788 25 740 739
789 25 742 741
790 25 744 743
791 25 745 740
792 25 746 742
793 25 747 744
794 25 749 748
795 25 750 749
796 25 752 751
797 25 753 752
798 25 754 745
799 25 755 746
800 25 756 747
801 25 757 750
802 25 758 753
803 25 760 759
804 25 761 760
805 25 762 761
806 25 764 763
807 25 765 764
808 25 766 765
809 25 767 754
810 25 768 755
811 25 769 756
812 25 770 757
813 25 771 758
814 25 772 762
815 25 773 766
816 25 774 767
817 25 775 768
818 25 776 769
819 25 777 770
820 25 778 771
821 25 779 772
822 25 780 773
823 25 781 774
824 25 B 782
825 25 782 768
826 25 B 783
827 25 783 756
828 25 B 784
829 25 784 750
830 25 B 785
831 25 785 752
832 25 B 786
833 25 786 759
834 25 B 787
835 26 789 788
836 26 790 789
837 26 792 791
838 26 793 792
839 26 794 790
840 26 795 793
841 26 796 794
842 26 797 795
843 26 799 798
844 26 800 799
845 26 801 800
846 26 802 801
847 26 803 796
848 26 804 797
849 26 805 802
850 26 806 803
851 26 807 804
852 26 808 805
853 26 810 809
854 26 811 810
855 26 812 811
856 26 813 812
857 26 814 813
858 26 815 814
859 26 817 816
860 26 818 817
861 26 819 818
862 26 820 819
863 26 821 820
864 26 822 821
865 26 824 823
866 26 826 825
867 26 828 827
868 26 830 829
869 26 832 831
870 26 834 833
871 27 837 835
872 27 838 836
873 27 840 839
874 27 842 841
875 27 843 837
876 27 844 838
877 27 845 840
878 27 846 842
879 27 848 847
880 27 849 848
881 27 851 850
882 27 852 851
883 27 853 843
884 27 854 844
885 27 855 845
886 27 856 846
887 27 857 849
888 27 858 852
889 27 859 853
890 27 860 854
891 27 861 855
892 27 862 856
893 27 863 857
894 27 864 858
895 27 865 859
896 27 B 866
897 27 866 854
898 27 B 867
899 27 867 845
900 27 B 868
901 27 868 842
902 27 B 869
903 27 869 847
904 27 B 870
905 28 836 835
906 28 872 871
907 28 839 836
908 28 873 872
909 28 841 839
910 28 874 873
911 28 876 875
912 28 877 876
913 28 878 877
914 28 847 841
915 28 879 874
916 28 880 878
917 28 850 847
918 28 881 879
919 28 882 880
920 28 884 883
921 28 885 884
922 28 886 885
923 28 887 886
924 28 888 887
925 28 B 850
926 28 B 881
927 28 B 882
928 28 B 888
929 28 890 889
930 28 891 890
931 28 892 891
932 28 893 892
933 28 894 893
934 28 B 894
935 28 896 895
936 28 898 897
937 28 900 899
938 28 902 901
939 28 904 903
940 28 B 870
941 29 906 905
942 29 908 907
943 29 910 909
944 29 911 906
945 29 912 908
946 29 913 910
947 29 915 914
948 29 916 915
949 29 918 917
950 29 919 918
951 29 920 911
952 29 921 912
953 29 922 913
954 29 923 916
955 29 924 919
956 29 926 925
957 29 927 926
958 29 928 927
959 29 929 920
960 29 930 921
961 29 931 922
962 29 932 923
963 29 933 924
964 29 934 928
965 29 935 929
966 29 B 936
967 29 936 921
968 29 B 937
969 29 937 913
970 29 B 938
971 29 938 915
972 29 B 939
973 29 939 917
974 29 B 940
975 30 942 941
976 30 943 942
977 30 945 944
978 30 946 945
979 30 947 943
980 30 948 946
981 30 949 947
982 30 950 948
983 30 952 951
984 30 953 952
985 30 954 953
986 30 955 954
987 30 956 949
988 30 957 950
989 30 958 955
990 30 960 959
991 30 961 960
992 30 962 961
993 30 963 962
994 30 964 963
995 30 966 965
996 30 968 967
997 30 970 969
998 30 972 971
999 30 974 973
1000 31 977 975
1001 31 978 976
1002 31 980 979
1003 31 982 981
1004 31 983 977
1005 31 984 978
1006 31 985 980
1007 31 986 982
1008 31 988 987
1009 31 989 988
1010 31 990 983
1011 31 991 984
1012 31 992 985
1013 31 993 986
1014 31 994 989
1015 31 995 990
1016 31 B 996
1017 31 996 984
1018 31 B 997
1019 31 997 980
1020 31 B 998
1021 31 998 981
1022 31 B 999
1023 32 976 975
1024 32 1001 1000
1025 32 979 976
1026 32 1002 1001
1027 32 981 979
1028 32 1003 1002
1029 32 1005 1004
1030 32 1006 1005
1031 32 1007 1006
1032 32 987 981
1033 32 1008 1003
1034 32 1009 1007
1035 32 B 987
1036 32 B 1008
1037 32 B 1009
1038 32 1011 1010
1039 32 1012 1011
1040 32 1013 1012
1041 32 1014 1013
1042 32 B 1014
1043 32 1016 1015
1044 32 1018 1017
1045 32 1020 1019
1046 32 1022 1021
1047 32 B 999
1048 33 1024 1023
1049 33 1026 1025
1050 33 1028 1027
1051 33 1029 1024
1052 33 1030 1026
1053 33 1031 1028
1054 33 1033 1032
1055 33 1034 1033
1056 33 1036 1035
1057 33 1037 1036
1058 33 1038 1029
1059 33 1039 1030
1060 33 1040 1031
1061 33 1041 1034
1062 33 1042 1037
1063 33 1043 1038
1064 33 B 1044
1065 33 1044 1030
1066 33 B 1045
1067 33 1045 1028
1068 33 B 1046
1069 33 1046 1032
1070 33 B 1047
1071 34 1049 1048
1072 34 1050 1049
1073 34 1052 1051
1074 34 1053 1052
1075 34 1054 1050
1076 34 1055 1053
1077 34 1056 1054
1078 34 1057 1055
1079 34 1059 1058
1080 34 1060 1059
1081 34 1061 1060
1082 34 1062 1061
1083 34 1064 1063
1084 34 1066 1065
1085 34 1068 1067
1086 34 1070 1069
1087 35 1073 1071
1088 35 1074 1072
1089 35 1076 1075
1090 35 1078 1077
1091 35 1079 1073
1092 35 1080 1074
1093 35 1081 1076
1094 35 1082 1078
1095 35 1083 1079
1096 35 B 1084
1097 35 1084 1074
1098 35 B 1085
1099 35 1085 1075
1100 35 B 1086
1101 36 1072 1071
1102 36 1088 1087
1103 36 1075 1072
1104 36 1089 1088
1105 36 1077 1075
1106 36 1090 1089
1107 36 1092 1091
1108 36 1093 1092
1109 36 1094 1093
1110 36 B 1077
1111 36 B 1090
1112 36 B 1094
1113 36 1096 1095
1114 36 1098 1097
1115 36 1100 1099
1116 36 B 1086
1117 37 1102 1101
1118 37 1104 1103
1119 37 1106 1105
1120 37 1107 1102
1121 37 1108 1104
1122 37 1109 1106
1123 37 1111 1110
1124 37 1112 1111
1125 37 1113 1107
1126 37 B 1114
1127 37 1114 1104
1128 37 B 1115
1129 37 1115 1105
1130 37 B 1116
1131 38 1118 1117
1132 38 1119 1118
1133 38 1121 1120
1134 38 1122 1121
1135 38 1123 1119
1136 38 1124 1122
1137 38 1126 1125
1138 38 1128 1127
1139 38 1130 1129
1140 39 1133 1131
1141 39 1134 1132
1142 39 1136 1135
1143 39 1137 1133
1144 39 B 1138
1145 39 1138 1132
1146 39 B 1139
1147 40 1132 1131
1148 40 1141 1140
1149 40 1135 1132
1150 40 1142 1141
1151 40 B 1135
1152 40 B 1142
1153 40 1144 1143
1154 40 1146 1145
1155 40 B 1139
1156 41 1148 1147
1157 41 1150 1149
1158 41 1152 1151
1159 41 1153 1148
1160 41 B 1154
1161 41 1154 1149
1162 41 B 1155
1163 42 1157 1156
1164 42 1158 1157
1165 42 1160 1159
1166 42 1162 1161
1167 43 1165 1163
1168 43 B 1166
1169 44 1164 1163
1170 44 1168 1167
1171 44 B 1166
1172 45 1170 1169
1173 45 B 1171
1174 46 1173 1172
1175 48 B 1174
1176 50 B 1175