1 1 B T
2 2 1 T
3 2 B 1
4 2 B T
5 3 2 T
6 3 3 2
7 3 B 3
8 3 3 4
9 3 B 2
10 3 B 4
11 4 5 T
12 4 6 5
13 4 7 6
14 4 8 5
15 4 B 7
16 4 9 5
17 4 10 5
18 5 11 T
19 5 12 11
20 5 13 12
21 5 13 14
22 5 15 13
23 5 B 15
24 5 16 11
25 5 B 16
26 5 B 17
27 6 18 T
28 6 19 18
29 6 11 T
30 6 20 19
31 6 14 11
32 6 21 19
33 6 22 20
34 6 23 22
35 6 B 14
36 6 B 21
37 6 B 22
38 6 B 23
39 6 25 24
40 6 26 24
41 6 B 17
42 7 27 T
43 7 28 27
44 7 28 29
45 7 30 28
46 7 32 31
47 7 33 32
48 7 33 30
49 7 34 33
50 7 36 35
51 7 37 36
52 7 38 37
53 7 38 34
54 7 B 38
55 7 39 28
56 7 B 39
57 7 B 40
58 7 40 31
59 7 B 41
60 8 42 T
61 8 43 42
62 8 44 42
63 8 45 43
64 8 46 44
65 8 47 45
66 8 48 45
67 8 49 48
68 8 50 46
69 8 51 47
70 8 52 49
71 8 53 49
72 8 54 53
73 8 56 55
74 8 57 55
75 8 59 58
76 9 60 T
77 9 61 60
78 9 63 62
79 9 65 64
80 9 63 61
81 9 66 63
82 9 67 65
83 9 69 68
84 9 70 69
85 9 67 66
86 9 71 67
87 9 72 70
88 9 73 63
89 9 B 73
90 9 B 74
91 9 74 64
92 9 B 75
93 10 60 T
94 10 77 76
95 10 62 60
96 10 78 77
97 10 64 62
98 10 79 78
99 10 80 77
100 10 81 80
101 10 82 81
102 10 68 64
103 10 83 79
104 10 84 82
105 10 B 68
106 10 B 83
107 10 B 84
108 10 85 81
109 10 86 85
110 10 87 86
111 10 B 87
112 10 89 88
113 10 90 88
114 10 92 91
115 10 B 75
116 11 94 93
117 11 96 95
118 11 98 97
119 11 99 94
120 11 100 96
121 11 101 98
122 11 103 102
123 11 104 103
124 11 106 105
125 11 107 106
126 11 100 99
127 11 108 100
128 11 109 101
129 11 110 104
130 11 111 107
131 11 112 100
132 11 B 112
133 11 B 113
134 11 113 98
135 11 B 114
136 11 114 102
137 11 B 115
138 12 117 116
139 12 118 117
140 12 120 119
141 12 121 120
142 12 122 118
143 12 123 121
144 12 124 122
145 12 125 123
146 12 127 126
147 12 128 127
148 12 129 128
149 12 130 129
150 12 132 131
151 12 133 131
152 12 135 134
153 12 137 136
154 13 140 138
155 13 141 139
156 13 143 142
157 13 145 144
158 13 146 140
159 13 147 141
160 13 148 143
161 13 149 145
162 13 150 146
163 13 B 151
164 13 151 141
165 13 B 152
166 13 152 142
167 13 B 153
168 14 139 138
169 14 155 154
170 14 142 139
171 14 156 155
172 14 144 142
173 14 157 156
174 14 159 158
175 14 160 159
176 14 161 160
177 14 B 144
178 14 B 157
179 14 B 161
180 14 163 162
181 14 165 164
182 14 167 166
183 14 B 153
184 15 169 168
185 15 171 170
186 15 173 172
187 15 174 169
188 15 175 171
189 15 176 173
190 15 178 177
191 15 179 178
192 15 180 174
193 15 B 181
194 15 181 171
195 15 B 182
196 15 182 172
197 15 B 183
198 16 185 184
199 16 186 185
200 16 188 187
201 16 189 188
202 16 190 186
203 16 191 189
204 16 193 192
205 16 195 194
206 16 197 196
207 17 200 198
208 17 201 199
209 17 203 202
210 17 204 200
211 17 B 205
212 17 205 199
213 17 B 206
214 18 199 198
215 18 208 207
216 18 202 199
217 18 209 208
218 18 B 202
219 18 B 209
220 18 211 210
221 18 213 212
222 18 B 206
223 19 215 214
224 19 217 216
225 19 219 218
226 19 220 215
227 19 B 221
228 19 221 216
229 19 B 222
230 20 224 223
231 20 225 224
232 20 227 226
233 20 229 228
234 21 232 230
235 21 B 233
236 22 231 230
237 22 235 234
238 22 B 233
239 23 237 236
240 23 B 238
241 24 240 239
242 26 B 241
243 28 B 242