1 1 B T
2 2 1 T
3 2 B 1
4 3 2 T
5 3 3 2
6 3 B 3
7 3 B 2
8 4 4 T
9 4 2 T
10 4 5 4
11 4 6 5
12 4 B 2
13 4 B 5
14 4 B 6
15 4 7 4
16 5 8 T
17 5 10 9
18 5 10 8
19 5 11 10
20 5 13 12
21 5 14 13
22 5 15 8
23 5 B 15
24 5 15 9
25 5 B 12
26 6 16 T
27 6 17 16
28 6 18 16
29 6 19 18
30 6 20 17
31 6 21 19
32 6 23 22
33 6 25 24
34 7 28 26
35 7 29 27
36 7 31 30
37 7 32 28
38 7 B 32
39 7 32 27
40 7 B 33
41 8 27 26
42 8 35 34
43 8 30 27
44 8 36 35
45 8 B 30
46 8 B 36
47 8 38 37
48 8 40 39
49 8 B 33
50 9 42 41
51 9 44 43
52 9 46 45
53 9 47 42
54 9 B 48
55 9 48 43
56 9 B 49
57 10 51 50
58 10 52 51
59 10 54 53
60 10 56 55
61 11 59 57
62 11 B 60
63 12 58 57
64 12 62 61
65 12 B 60
66 13 64 63
67 13 B 65
68 14 67 66
69 16 B 68
70 18 B 69