1 1 B T
2 2 1 T
3 2 B 1
4 2 B T
5 3 2 T
6 3 3 2
7 3 B 3
8 3 3 4
9 3 B 2
10 3 B 4
11 4 5 T
12 4 6 5
13 4 7 6
14 4 B 7
15 4 8 5
16 4 9 5
17 4 10 5
18 5 11 T
19 5 12 11
20 5 13 12
21 5 14 13
22 5 13 15
23 5 B 14
24 5 16 11
25 5 B 16
26 5 B 17
27 6 18 T
28 6 19 18
29 6 11 T
30 6 20 19
31 6 21 20
32 6 15 11
33 6 22 19
34 6 23 21
35 6 B 15
36 6 B 22
37 6 B 21
38 6 B 23
39 6 25 24
40 6 26 24
41 6 B 17
42 7 27 T
43 7 28 27
44 7 28 29
45 7 30 28
46 7 31 30
47 7 33 32
48 7 31 33
49 7 34 31
50 7 36 35
51 7 37 36
52 7 38 37
53 7 38 34
54 7 B 38
55 7 39 28
56 7 B 39
57 7 B 40
58 7 40 32
59 7 B 41
60 8 42 T
61 8 43 42
62 8 44 42
63 8 45 43
64 8 46 45
65 8 47 44
66 8 48 45
67 8 49 46
68 8 50 47
69 8 51 48
70 8 52 49
71 8 53 49
72 8 54 53
73 8 B 54
74 8 56 55
75 8 57 55
76 8 59 58
77 9 60 T
78 9 61 60
79 9 63 62
80 9 63 61
81 9 64 63
82 9 66 65
83 9 67 66
84 9 69 68
85 9 70 69
86 9 67 64
87 9 71 67
88 9 72 70
89 9 72 71
90 9 73 72
91 9 74 63
92 9 B 74
93 9 B 75
94 9 75 65
95 9 B 76
96 10 77 T
97 10 60 T
98 10 78 77
99 10 62 60
100 10 79 78
101 10 80 78
102 10 81 80
103 10 65 62
104 10 82 79
105 10 83 81
106 10 68 65
107 10 84 82
108 10 85 83
109 10 86 81
110 10 87 86
111 10 88 87
112 10 B 68
113 10 B 84
114 10 B 85
115 10 B 88
116 10 89 87
117 10 90 89
118 10 B 90
119 10 92 91
120 10 93 91
121 10 95 94
122 10 B 76
123 11 96 T
124 11 98 97
125 11 100 99
126 11 98 96
127 11 101 98
128 11 102 100
129 11 104 103
130 11 105 104
131 11 107 106
132 11 108 107
133 11 102 101
134 11 109 102
135 11 110 105
136 11 111 108
137 11 113 112
138 11 114 113
139 11 115 114
140 11 110 109
141 11 116 110
142 11 117 111
143 11 118 115
144 11 119 102
145 11 B 119
146 11 B 120
147 11 120 104
148 11 B 121
149 11 121 106
150 11 B 122
151 12 124 123
152 12 125 124
153 12 127 126
154 12 128 127
155 12 129 125
156 12 130 128
157 12 131 129
158 12 132 130
159 12 133 127
160 12 134 133
161 12 135 134
162 12 136 135
163 12 137 131
164 12 138 132
165 12 139 136
166 12 140 134
167 12 141 140
168 12 142 141
169 12 143 142
170 12 145 144
171 12 146 144
172 12 148 147
173 12 150 149
174 13 153 151
175 13 154 152
176 13 156 155
177 13 158 157
178 13 159 153
179 13 160 154
180 13 161 156
181 13 162 158
182 13 164 163
183 13 165 164
184 13 160 159
185 13 166 160
186 13 167 161
187 13 168 162
188 13 169 165
189 13 170 160
190 13 B 170
191 13 B 171
192 13 171 156
193 13 B 172
194 13 172 157
195 13 B 173
196 14 152 151
197 14 175 174
198 14 155 152
199 14 176 175
200 14 157 155
201 14 177 176
202 14 179 178
203 14 180 179
204 14 181 180
205 14 163 157
206 14 182 177
207 14 183 181
208 14 B 163
209 14 B 182
210 14 B 183
211 14 185 184
212 14 186 185
213 14 187 186
214 14 188 187
215 14 B 188
216 14 190 189
217 14 191 189
218 14 193 192
219 14 195 194
220 14 B 173
221 15 197 196
222 15 199 198
223 15 201 200
224 15 202 197
225 15 203 199
226 15 204 201
227 15 206 205
228 15 207 206
229 15 209 208
230 15 210 209
231 15 211 202
232 15 212 203
233 15 213 204
234 15 214 207
235 15 215 210
236 15 216 211
237 15 B 217
238 15 217 203
239 15 B 218
240 15 218 201
241 15 B 219
242 15 219 205
243 15 B 220
244 16 222 221
245 16 223 222
246 16 225 224
247 16 226 225
248 16 227 223
249 16 228 226
250 16 229 227
251 16 230 228
252 16 232 231
253 16 233 232
254 16 234 233
255 16 235 234
256 16 237 236
257 16 239 238
258 16 241 240
259 16 243 242
260 17 246 244
261 17 247 245
262 17 249 248
263 17 251 250
264 17 252 246
265 17 253 247
266 17 254 249
267 17 255 251
268 17 256 252
269 17 B 257
270 17 257 247
271 17 B 258
272 17 258 248
273 17 B 259
274 18 245 244
275 18 261 260
276 18 248 245
277 18 262 261
278 18 250 248
279 18 263 262
280 18 265 264
281 18 266 265
282 18 267 266
283 18 B 250
284 18 B 263
285 18 B 267
286 18 269 268
287 18 271 270
288 18 273 272
289 18 B 259
290 19 275 274
291 19 277 276
292 19 279 278
293 19 280 275
294 19 281 277
295 19 282 279
296 19 284 283
297 19 285 284
298 19 286 280
299 19 B 287
300 19 287 277
301 19 B 288
302 19 288 278
303 19 B 289
304 20 291 290
305 20 292 291
306 20 294 293
307 20 295 294
308 20 296 292
309 20 297 295
310 20 299 298
311 20 301 300
312 20 303 302
313 21 306 304
314 21 307 305
315 21 309 308
316 21 310 306
317 21 B 311
318 21 311 305
319 21 B 312
320 22 305 304
321 22 314 313
322 22 308 305
323 22 315 314
324 22 B 308
325 22 B 315
326 22 317 316
327 22 319 318
328 22 B 312
329 23 321 320
330 23 323 322
331 23 325 324
332 23 326 321
333 23 B 327
334 23 327 322
335 23 B 328
336 24 330 329
337 24 331 330
338 24 333 332
339 24 335 334
340 25 338 336
341 25 B 339
342 26 337 336
343 26 341 340
344 26 B 339
345 27 343 342
346 27 B 344
347 28 346 345
348 30 B 347
349 32 B 348