1 1 B T
2 2 1 T
3 2 B 1
4 3 2 T
5 3 3 2
6 3 B 3
7 3 B 2
8 4 4 T
9 4 5 4
10 4 6 5
11 4 B 6
12 4 2 T
13 4 B 2
14 4 B 5
15 4 7 4
16 5 8 T
17 5 9 8
18 5 10 9
19 5 11 10
20 5 9 12
21 5 B 11
22 5 14 13
23 5 11 14
24 5 15 8
25 5 B 15
26 5 15 12
27 5 B 13
28 6 16 T
29 6 17 16
30 6 18 17
31 6 19 18
32 6 20 16
33 6 21 19
34 6 B 21
35 6 22 20
36 6 23 18
37 6 25 24
38 6 27 26
39 7 28 T
40 7 29 28
41 7 30 29
42 7 31 30
43 7 30 32
44 7 33 31
45 7 34 33
46 7 36 35
47 7 33 36
48 7 B 34
49 7 37 29
50 7 B 37
51 7 37 32
52 7 B 38
53 8 39 T
54 8 40 39
55 8 41 40
56 8 28 T
57 8 42 41
58 8 32 28
59 8 43 40
60 8 44 42
61 8 45 44
62 8 35 32
63 8 46 43
64 8 47 42
65 8 48 45
66 8 B 35
67 8 B 46
68 8 B 47
69 8 B 45
70 8 B 48
71 8 50 49
72 8 52 51
73 8 B 38
74 9 53 T
75 9 54 53
76 9 55 54
77 9 54 56
78 9 57 55
79 9 59 58
80 9 57 59
81 9 60 57
82 9 61 60
83 9 63 62
84 9 64 63
85 9 61 64
86 9 65 61
87 9 67 66
88 9 68 67
89 9 69 68
90 9 70 69
91 9 70 65
92 9 B 70
93 9 71 55
94 9 B 71
95 9 71 59
96 9 B 72
97 9 72 62
98 9 B 73
99 10 74 T
100 10 75 74
101 10 76 75
102 10 77 74
103 10 78 76
104 10 79 77
105 10 80 76
106 10 81 78
107 10 82 81
108 10 83 79
109 10 84 80
110 10 85 81
111 10 86 82
112 10 87 83
113 10 88 84
114 10 89 85
115 10 90 86
116 10 91 86
117 10 92 91
118 10 B 92
119 10 94 93
120 10 96 95
121 10 98 97
122 11 99 T
123 11 100 99
124 11 101 100
125 11 101 102
126 11 103 101
127 11 105 104
128 11 106 105
129 11 106 103
130 11 107 106
131 11 109 108
132 11 110 109
133 11 111 110
134 11 113 112
135 11 114 113
136 11 115 114
137 11 111 107
138 11 116 111
139 11 117 115
140 11 117 116
141 11 118 117
142 11 B 118
143 11 119 103
144 11 B 119
145 11 119 105
146 11 B 120
147 11 120 108
148 11 B 121
149 12 122 T
150 12 99 T
151 12 123 122
152 12 124 123
153 12 102 99
154 12 125 123
155 12 126 124
156 12 104 102
157 12 127 125
158 12 128 126
159 12 129 126
160 12 130 129
161 12 108 104
162 12 131 127
163 12 132 128
164 12 133 130
165 12 112 108
166 12 134 131
167 12 135 132
168 12 136 133
169 12 137 130
170 12 138 137
171 12 139 138
172 12 B 112
173 12 B 134
174 12 B 135
175 12 B 136
176 12 B 139
177 12 140 138
178 12 141 140
179 12 B 141
180 12 142 141
181 12 B 142
182 12 144 143
183 12 146 145
184 12 148 147
185 12 B 121
186 13 149 T
187 13 151 150
188 13 151 149
189 13 152 151
190 13 154 153
191 13 155 154
192 13 157 156
193 13 158 157
194 13 155 152
195 13 159 155
196 13 160 158
197 13 162 161
198 13 163 162
199 13 164 163
200 13 166 165
201 13 167 166
202 13 168 167
203 13 160 159
204 13 169 160
205 13 170 164
206 13 171 168
207 13 173 172
208 13 174 173
209 13 175 174
210 13 176 175
211 13 170 169
212 13 177 170
213 13 178 171
214 13 179 176
215 13 178 177
216 13 180 178
217 13 181 179
218 13 182 159
219 13 B 182
220 13 182 158
221 13 B 183
222 13 183 162
223 13 B 184
224 13 184 165
225 13 B 185
226 14 186 T
227 14 187 186
228 14 188 186
229 14 189 188
230 14 190 187
231 14 191 189
232 14 192 190
233 14 193 191
234 14 194 189
235 14 195 194
236 14 196 195
237 14 197 192
238 14 198 193
239 14 199 196
240 14 200 197
241 14 201 198
242 14 202 199
243 14 203 195
244 14 204 203
245 14 205 204
246 14 206 205
247 14 207 200
248 14 208 201
249 14 209 202
250 14 210 206
251 14 211 204
252 14 212 211
253 14 213 212
254 14 214 213
255 14 215 212
256 14 216 215
257 14 217 216
258 14 219 218
259 14 221 220
260 14 223 222
261 14 225 224
262 15 228 226
263 15 229 227
264 15 231 230
265 15 233 232
266 15 229 228
267 15 234 229
268 15 235 231
269 15 236 233
270 15 238 237
271 15 239 238
272 15 241 240
273 15 242 241
274 15 235 234
275 15 243 235
276 15 244 236
277 15 245 239
278 15 246 242
279 15 248 247
280 15 249 248
281 15 250 249
282 15 244 243
283 15 251 244
284 15 252 245
285 15 253 246
286 15 254 250
287 15 252 251
288 15 255 252
289 15 256 253
290 15 257 254
291 15 258 243
292 15 B 258
293 15 258 236
294 15 B 259
295 15 259 238
296 15 B 260
297 15 260 240
298 15 B 261
299 16 227 226
300 16 263 262
301 16 230 227
302 16 264 263
303 16 232 230
304 16 265 264
305 16 267 266
306 16 268 267
307 16 269 268
308 16 237 232
309 16 270 265
310 16 271 269
311 16 240 237
312 16 272 270
313 16 273 271
314 16 274 267
315 16 275 274
316 16 276 275
317 16 277 276
318 16 278 277
319 16 247 240
320 16 279 272
321 16 280 273
322 16 281 278
323 16 B 247
324 16 B 279
325 16 B 280
326 16 B 281
327 16 282 275
328 16 283 282
329 16 284 283
330 16 285 284
331 16 286 285
332 16 B 286
333 16 287 283
334 16 288 287
335 16 289 288
336 16 290 289
337 16 B 290
338 16 292 291
339 16 294 293
340 16 296 295
341 16 298 297
342 16 B 261
343 17 300 299
344 17 302 301
345 17 304 303
346 17 305 300
347 17 306 302
348 17 307 304
349 17 309 308
350 17 310 309
351 17 312 311
352 17 313 312
353 17 314 305
354 17 315 306
355 17 316 307
356 17 317 310
357 17 318 313
358 17 320 319
359 17 321 320
360 17 322 321
361 17 324 323
362 17 325 324
363 17 326 325
364 17 315 314
365 17 327 315
366 17 328 316
367 17 329 317
368 17 330 318
369 17 331 322
370 17 332 326
371 17 328 327
372 17 333 328
373 17 334 329
374 17 335 330
375 17 336 331
376 17 337 332
377 17 338 327
378 17 B 338
379 17 338 316
380 17 B 339
381 17 339 310
382 17 B 340
383 17 340 312
384 17 B 341
385 17 341 319
386 17 B 342
387 18 344 343
388 18 345 344
389 18 347 346
390 18 348 347
391 18 349 345
392 18 350 348
393 18 351 349
394 18 352 350
395 18 354 353
396 18 355 354
397 18 356 355
398 18 357 356
399 18 358 351
400 18 359 352
401 18 360 357
402 18 361 358
403 18 362 359
404 18 363 360
405 18 365 364
406 18 366 365
407 18 367 366
408 18 368 367
409 18 369 368
410 18 370 369
411 18 371 365
412 18 372 371
413 18 373 372
414 18 374 373
415 18 375 374
416 18 376 375
417 18 378 377
418 18 380 379
419 18 382 381
420 18 384 383
421 18 386 385
422 19 389 387
423 19 390 388
424 19 392 391
425 19 394 393
426 19 395 389
427 19 396 390
428 19 397 392
429 19 398 394
430 19 400 399
431 19 401 400
432 19 403 402
433 19 404 403
434 19 405 395
435 19 406 396
436 19 407 397
437 19 408 398
438 19 409 401
439 19 410 404
440 19 411 405
441 19 412 406
442 19 413 407
443 19 414 408
444 19 415 409
445 19 416 410
446 19 417 411
447 19 B 417
448 19 417 406
449 19 B 418
450 19 418 397
451 19 B 419
452 19 419 394
453 19 B 420
454 19 420 399
455 19 B 421
456 20 388 387
457 20 423 422
458 20 391 388
459 20 424 423
460 20 393 391
461 20 425 424
462 20 427 426
463 20 428 427
464 20 429 428
465 20 399 393
466 20 430 425
467 20 431 429
468 20 402 399
469 20 432 430
470 20 433 431
471 20 435 434
472 20 436 435
473 20 437 436
474 20 438 437
475 20 439 438
476 20 B 402
477 20 B 432
478 20 B 433
479 20 B 439
480 20 441 440
481 20 442 441
482 20 443 442
483 20 444 443
484 20 445 444
485 20 B 445
486 20 447 446
487 20 449 448
488 20 451 450
489 20 453 452
490 20 455 454
491 20 B 421
492 21 457 456
493 21 459 458
494 21 461 460
495 21 462 457
496 21 463 459
497 21 464 461
498 21 466 465
499 21 467 466
500 21 469 468
501 21 470 469
502 21 471 462
503 21 472 463
504 21 473 464
505 21 474 467
506 21 475 470
507 21 477 476
508 21 478 477
509 21 479 478
510 21 480 471
511 21 481 472
512 21 482 473
513 21 483 474
514 21 484 475
515 21 485 479
516 21 486 480
517 21 B 487
518 21 487 472
519 21 B 488
520 21 488 464
521 21 B 489
522 21 489 466
523 21 B 490
524 21 490 468
525 21 B 491
526 22 493 492
527 22 494 493
528 22 496 495
529 22 497 496
530 22 498 494
531 22 499 497
532 22 500 498
533 22 501 499
534 22 503 502
535 22 504 503
536 22 505 504
537 22 506 505
538 22 507 500
539 22 508 501
540 22 509 506
541 22 511 510
542 22 512 511
543 22 513 512
544 22 514 513
545 22 515 514
546 22 517 516
547 22 519 518
548 22 521 520
549 22 523 522
550 22 525 524
551 23 528 526
552 23 529 527
553 23 531 530
554 23 533 532
555 23 534 528
556 23 535 529
557 23 536 531
558 23 537 533
559 23 539 538
560 23 540 539
561 23 541 534
562 23 542 535
563 23 543 536
564 23 544 537
565 23 545 540
566 23 546 541
567 23 B 547
568 23 547 535
569 23 B 548
570 23 548 531
571 23 B 549
572 23 549 532
573 23 B 550
574 24 527 526
575 24 552 551
576 24 530 527
577 24 553 552
578 24 532 530
579 24 554 553
580 24 556 555
581 24 557 556
582 24 558 557
583 24 538 532
584 24 559 554
585 24 560 558
586 24 B 538
587 24 B 559
588 24 B 560
589 24 562 561
590 24 563 562
591 24 564 563
592 24 565 564
593 24 B 565
594 24 567 566
595 24 569 568
596 24 571 570
597 24 573 572
598 24 B 550
599 25 575 574
600 25 577 576
601 25 579 578
602 25 580 575
603 25 581 577
604 25 582 579
605 25 584 583
606 25 585 584
607 25 587 586
608 25 588 587
609 25 589 580
610 25 590 581
611 25 591 582
612 25 592 585
613 25 593 588
614 25 594 589
615 25 B 595
616 25 595 581
617 25 B 596
618 25 596 579
619 25 B 597
620 25 597 583
621 25 B 598
622 26 600 599
623 26 601 600
624 26 603 602
625 26 604 603
626 26 605 601
627 26 606 604
628 26 607 605
629 26 608 606
630 26 610 609
631 26 611 610
632 26 612 611
633 26 613 612
634 26 615 614
635 26 617 616
636 26 619 618
637 26 621 620
638 27 624 622
639 27 625 623
640 27 627 626
641 27 629 628
642 27 630 624
643 27 631 625
644 27 632 627
645 27 633 629
646 27 634 630
647 27 B 635
648 27 635 625
649 27 B 636
650 27 636 626
651 27 B 637
652 28 623 622
653 28 639 638
654 28 626 623
655 28 640 639
656 28 628 626
657 28 641 640
658 28 643 642
659 28 644 643
660 28 645 644
661 28 B 628
662 28 B 641
663 28 B 645
664 28 647 646
665 28 649 648
666 28 651 650
667 28 B 637
668 29 653 652
669 29 655 654
670 29 657 656
671 29 658 653
672 29 659 655
673 29 660 657
674 29 662 661
675 29 663 662
676 29 664 658
677 29 B 665
678 29 665 655
679 29 B 666
680 29 666 656
681 29 B 667
682 30 669 668
683 30 670 669
684 30 672 671
685 30 673 672
686 30 674 670
687 30 675 673
688 30 677 676
689 30 679 678
690 30 681 680
691 31 684 682
692 31 685 683
693 31 687 686
694 31 688 684
695 31 B 689
696 31 689 683
697 31 B 690
698 32 683 682
699 32 692 691
700 32 686 683
701 32 693 692
702 32 B 686
703 32 B 693
704 32 695 694
705 32 697 696
706 32 B 690
707 33 699 698
708 33 701 700
709 33 703 702
710 33 704 699
711 33 B 705
712 33 705 700
713 33 B 706
714 34 708 707
715 34 709 708
716 34 711 710
717 34 713 712
718 35 716 714
719 35 B 717
720 36 715 714
721 36 719 718
722 36 B 717
723 37 721 720
724 37 B 722
725 38 724 723
726 40 B 725
727 42 B 726