1 1 B T
2 2 1 T
3 2 B 1
4 2 B T
5 3 2 T
6 3 3 2
7 3 B 3
8 3 3 4
9 3 B 2
10 3 B 4
11 4 5 T
12 4 6 5
13 4 7 6
14 4 B 7
15 4 8 5
16 4 9 5
17 4 10 5
18 5 11 T
19 5 12 11
20 5 13 12
21 5 14 13
22 5 B 14
23 5 13 15
24 5 16 11
25 5 B 16
26 5 B 17
27 6 18 T
28 6 19 18
29 6 20 19
30 6 21 20
31 6 11 T
32 6 22 21
33 6 15 11
34 6 23 19
35 6 B 22
36 6 B 15
37 6 B 23
38 6 B 21
39 6 25 24
40 6 26 24
41 6 B 17
42 7 27 T
43 7 28 27
44 7 29 28
45 7 30 29
46 7 28 31
47 7 32 30
48 7 34 33
49 7 30 34
50 7 35 32
51 7 B 35
52 7 37 36
53 7 38 37
54 7 35 38
55 7 39 28
56 7 B 39
57 7 B 40
58 7 40 33
59 7 B 41
60 8 42 T
61 8 43 42
62 8 44 43
63 8 45 44
64 8 46 42
65 8 47 45
66 8 48 46
67 8 49 44
68 8 50 47
69 8 51 50
70 8 52 48
71 8 53 49
72 8 54 47
73 8 B 51
74 8 56 55
75 8 57 55
76 8 59 58
77 9 60 T
78 9 61 60
79 9 62 61
80 9 63 62
81 9 62 64
82 9 65 63
83 9 67 66
84 9 65 67
85 9 68 65
86 9 69 68
87 9 71 70
88 9 72 71
89 9 69 72
90 9 73 69
91 9 B 73
92 9 74 62
93 9 B 74
94 9 B 75
95 9 75 66
96 9 B 76
97 10 77 T
98 10 78 77
99 10 60 T
100 10 79 78
101 10 80 79
102 10 64 60
103 10 81 78
104 10 82 80
105 10 66 64
106 10 83 81
107 10 84 80
108 10 85 82
109 10 86 85
110 10 70 66
111 10 87 83
112 10 88 84
113 10 89 85
114 10 90 86
115 10 B 70
116 10 B 87
117 10 B 88
118 10 B 89
119 10 B 90
120 10 91 90
121 10 B 91
122 10 93 92
123 10 94 92
124 10 96 95
125 10 B 76
126 11 97 T
127 11 98 97
128 11 98 99
129 11 100 98
130 11 101 100
131 11 103 102
132 11 101 103
133 11 104 101
134 11 106 105
135 11 107 106
136 11 108 107
137 11 108 104
138 11 109 108
139 11 111 110
140 11 112 111
141 11 113 112
142 11 114 113
143 11 116 115
144 11 117 116
145 11 118 117
146 11 119 118
147 11 114 109
148 11 120 114
149 11 121 119
150 11 121 120
151 11 B 121
152 11 122 101
153 11 B 122
154 11 B 123
155 11 123 106
156 11 B 124
157 11 124 110
158 11 B 125
159 12 126 T
160 12 127 126
161 12 128 126
162 12 129 127
163 12 130 129
164 12 131 128
165 12 132 129
166 12 133 130
167 12 134 131
168 12 135 132
169 12 136 133
170 12 137 133
171 12 138 137
172 12 139 134
173 12 140 135
174 12 141 136
175 12 142 138
176 12 143 139
177 12 144 140
178 12 145 141
179 12 146 142
180 12 147 138
181 12 148 147
182 12 149 148
183 12 150 148
184 12 151 150
185 12 B 151
186 12 153 152
187 12 154 152
188 12 156 155
189 12 158 157
190 13 159 T
191 13 160 159
192 13 162 161
193 13 162 160
194 13 163 162
195 13 165 164
196 13 166 165
197 13 168 167
198 13 169 168
199 13 166 163
200 13 170 166
201 13 171 169
202 13 173 172
203 13 174 173
204 13 175 174
205 13 177 176
206 13 178 177
207 13 179 178
208 13 171 170
209 13 180 171
210 13 181 175
211 13 182 179
212 13 181 180
213 13 183 181
214 13 184 182
215 13 184 183
216 13 185 184
217 13 186 166
218 13 B 186
219 13 B 187
220 13 187 168
221 13 B 188
222 13 188 172
223 13 B 189
224 14 190 T
225 14 159 T
226 14 191 190
227 14 161 159
228 14 192 191
229 14 193 191
230 14 194 193
231 14 164 161
232 14 195 192
233 14 196 194
234 14 167 164
235 14 197 195
236 14 198 196
237 14 199 194
238 14 200 199
239 14 201 200
240 14 172 167
241 14 202 197
242 14 203 198
243 14 204 201
244 14 176 172
245 14 205 202
246 14 206 203
247 14 207 204
248 14 208 200
249 14 209 208
250 14 210 209
251 14 211 210
252 14 B 176
253 14 B 205
254 14 B 206
255 14 B 207
256 14 B 211
257 14 212 209
258 14 213 212
259 14 214 213
260 14 B 214
261 14 215 213
262 14 216 215
263 14 B 216
264 14 218 217
265 14 219 217
266 14 221 220
267 14 223 222
268 14 B 189
269 15 224 T
270 15 226 225
271 15 228 227
272 15 226 224
273 15 229 226
274 15 230 228
275 15 232 231
276 15 233 232
277 15 235 234
278 15 236 235
279 15 230 229
280 15 237 230
281 15 238 233
282 15 239 236
283 15 241 240
284 15 242 241
285 15 243 242
286 15 245 244
287 15 246 245
288 15 247 246
289 15 238 237
290 15 248 238
291 15 249 239
292 15 250 243
293 15 251 247
294 15 253 252
295 15 254 253
296 15 255 254
297 15 256 255
298 15 249 248
299 15 257 249
300 15 258 250
301 15 259 251
302 15 260 256
303 15 258 257
304 15 261 258
305 15 262 259
306 15 263 260
307 15 264 238
308 15 B 264
309 15 B 265
310 15 265 236
311 15 B 266
312 15 266 241
313 15 B 267
314 15 267 244
315 15 B 268
316 16 270 269
317 16 271 270
318 16 273 272
319 16 274 273
320 16 275 271
321 16 276 274
322 16 277 275
323 16 278 276
324 16 279 273
325 16 280 279
326 16 281 280
327 16 282 281
328 16 283 277
329 16 284 278
330 16 285 282
331 16 286 283
332 16 287 284
333 16 288 285
334 16 289 280
335 16 290 289
336 16 291 290
337 16 292 291
338 16 293 292
339 16 294 286
340 16 295 287
341 16 296 288
342 16 297 293
343 16 298 290
344 16 299 298
345 16 300 299
346 16 301 300
347 16 302 301
348 16 303 299
349 16 304 303
350 16 305 304
351 16 306 305
352 16 308 307
353 16 309 307
354 16 311 310
355 16 313 312
356 16 315 314
357 17 318 316
358 17 319 317
359 17 321 320
360 17 323 322
361 17 324 318
362 17 325 319
363 17 326 321
364 17 327 323
365 17 329 328
366 17 330 329
367 17 332 331
368 17 333 332
369 17 325 324
370 17 334 325
371 17 335 326
372 17 336 327
373 17 337 330
374 17 338 333
375 17 340 339
376 17 341 340
377 17 342 341
378 17 335 334
379 17 343 335
380 17 344 336
381 17 345 337
382 17 346 338
383 17 347 342
384 17 344 343
385 17 348 344
386 17 349 345
387 17 350 346
388 17 351 347
389 17 352 335
390 17 B 352
391 17 B 353
392 17 353 327
393 17 B 354
394 17 354 329
395 17 B 355
396 17 355 331
397 17 B 356
398 18 317 316
399 18 358 357
400 18 320 317
401 18 359 358
402 18 322 320
403 18 360 359
404 18 362 361
405 18 363 362
406 18 364 363
407 18 328 322
408 18 365 360
409 18 366 364
410 18 331 328
411 18 367 365
412 18 368 366
413 18 370 369
414 18 371 370
415 18 372 371
416 18 373 372
417 18 374 373
418 18 339 331
419 18 375 367
420 18 376 368
421 18 377 374
422 18 B 339
423 18 B 375
424 18 B 376
425 18 B 377
426 18 378 370
427 18 379 378
428 18 380 379
429 18 381 380
430 18 382 381
431 18 383 382
432 18 B 383
433 18 384 379
434 18 385 384
435 18 386 385
436 18 387 386
437 18 388 387
438 18 B 388
439 18 390 389
440 18 391 389
441 18 393 392
442 18 395 394
443 18 397 396
444 18 B 356
445 19 399 398
446 19 401 400
447 19 403 402
448 19 404 399
449 19 405 401
450 19 406 403
451 19 408 407
452 19 409 408
453 19 411 410
454 19 412 411
455 19 413 404
456 19 414 405
457 19 415 406
458 19 416 409
459 19 417 412
460 19 419 418
461 19 420 419
462 19 421 420
463 19 423 422
464 19 424 423
465 19 425 424
466 19 426 413
467 19 427 414
468 19 428 415
469 19 429 416
470 19 430 417
471 19 431 421
472 19 432 425
473 19 427 426
474 19 433 427
475 19 434 428
476 19 435 429
477 19 436 430
478 19 437 431
479 19 438 432
480 19 439 427
481 19 B 439
482 19 B 440
483 19 440 415
484 19 B 441
485 19 441 409
486 19 B 442
487 19 442 411
488 19 B 443
489 19 443 418
490 19 B 444
491 20 446 445
492 20 447 446
493 20 449 448
494 20 450 449
495 20 451 447
496 20 452 450
497 20 453 451
498 20 454 452
499 20 456 455
500 20 457 456
501 20 458 457
502 20 459 458
503 20 460 453
504 20 461 454
505 20 462 459
506 20 463 460
507 20 464 461
508 20 465 462
509 20 467 466
510 20 468 467
511 20 469 468
512 20 470 469
513 20 471 470
514 20 472 471
515 20 474 473
516 20 475 474
517 20 476 475
518 20 477 476
519 20 478 477
520 20 479 478
521 20 481 480
522 20 482 480
523 20 484 483
524 20 486 485
525 20 488 487
526 20 490 489
527 21 493 491
528 21 494 492
529 21 496 495
530 21 498 497
531 21 499 493
532 21 500 494
533 21 501 496
534 21 502 498
535 21 504 503
536 21 505 504
537 21 507 506
538 21 508 507
539 21 509 499
540 21 510 500
541 21 511 501
542 21 512 502
543 21 513 505
544 21 514 508
545 21 515 509
546 21 516 510
547 21 517 511
548 21 518 512
549 21 519 513
550 21 520 514
551 21 521 515
552 21 B 522
553 21 522 510
554 21 B 523
555 21 523 501
556 21 B 524
557 21 524 498
558 21 B 525
559 21 525 503
560 21 B 526
561 22 492 491
562 22 528 527
563 22 495 492
564 22 529 528
565 22 497 495
566 22 530 529
567 22 532 531
568 22 533 532
569 22 534 533
570 22 503 497
571 22 535 530
572 22 536 534
573 22 506 503
574 22 537 535
575 22 538 536
576 22 540 539
577 22 541 540
578 22 542 541
579 22 543 542
580 22 544 543
581 22 B 506
582 22 B 537
583 22 B 538
584 22 B 544
585 22 546 545
586 22 547 546
587 22 548 547
588 22 549 548
589 22 550 549
590 22 B 550
591 22 552 551
592 22 554 553
593 22 556 555
594 22 558 557
595 22 560 559
596 22 B 526
597 23 562 561
598 23 564 563
599 23 566 565
600 23 567 562
601 23 568 564
602 23 569 566
603 23 571 570
604 23 572 571
605 23 574 573
606 23 575 574
607 23 576 567
608 23 577 568
609 23 578 569
610 23 579 572
611 23 580 575
612 23 582 581
613 23 583 582
614 23 584 583
615 23 585 576
616 23 586 577
617 23 587 578
618 23 588 579
619 23 589 580
620 23 590 584
621 23 591 585
622 23 B 592
623 23 592 577
624 23 B 593
625 23 593 569
626 23 B 594
627 23 594 571
628 23 B 595
629 23 595 573
630 23 B 596
631 24 598 597
632 24 599 598
633 24 601 600
634 24 602 601
635 24 603 599
636 24 604 602
637 24 605 603
638 24 606 604
639 24 608 607
640 24 609 608
641 24 610 609
642 24 611 610
643 24 612 605
644 24 613 606
645 24 614 611
646 24 616 615
647 24 617 616
648 24 618 617
649 24 619 618
650 24 620 619
651 24 622 621
652 24 624 623
653 24 626 625
654 24 628 627
655 24 630 629
656 25 633 631
657 25 634 632
658 25 636 635
659 25 638 637
660 25 639 633
661 25 640 634
662 25 641 636
663 25 642 638
664 25 644 643
665 25 645 644
666 25 646 639
667 25 647 640
668 25 648 641
669 25 649 642
670 25 650 645
671 25 651 646
672 25 B 652
673 25 652 640
674 25 B 653
675 25 653 636
676 25 B 654
677 25 654 637
678 25 B 655
679 26 632 631
680 26 657 656
681 26 635 632
682 26 658 657
683 26 637 635
684 26 659 658
685 26 661 660
686 26 662 661
687 26 663 662
688 26 643 637
689 26 664 659
690 26 665 663
691 26 B 643
692 26 B 664
693 26 B 665
694 26 667 666
695 26 668 667
696 26 669 668
697 26 670 669
698 26 B 670
699 26 672 671
700 26 674 673
701 26 676 675
702 26 678 677
703 26 B 655
704 27 680 679
705 27 682 681
706 27 684 683
707 27 685 680
708 27 686 682
709 27 687 684
710 27 689 688
711 27 690 689
712 27 692 691
713 27 693 692
714 27 694 685
715 27 695 686
716 27 696 687
717 27 697 690
718 27 698 693
719 27 699 694
720 27 B 700
721 27 700 686
722 27 B 701
723 27 701 684
724 27 B 702
725 27 702 688
726 27 B 703
727 28 705 704
728 28 706 705
729 28 708 707
730 28 709 708
731 28 710 706
732 28 711 709
733 28 712 710
734 28 713 711
735 28 715 714
736 28 716 715
737 28 717 716
738 28 718 717
739 28 720 719
740 28 722 721
741 28 724 723
742 28 726 725
743 29 729 727
744 29 730 728
745 29 732 731
746 29 734 733
747 29 735 729
748 29 736 730
749 29 737 732
750 29 738 734
751 29 739 735
752 29 B 740
753 29 740 730
754 29 B 741
755 29 741 731
756 29 B 742
757 30 728 727
758 30 744 743
759 30 731 728
760 30 745 744
761 30 733 731
762 30 746 745
763 30 748 747
764 30 749 748
765 30 750 749
766 30 B 733
767 30 B 746
768 30 B 750
769 30 752 751
770 30 754 753
771 30 756 755
772 30 B 742
773 31 758 757
774 31 760 759
775 31 762 761
776 31 763 758
777 31 764 760
778 31 765 762
779 31 767 766
780 31 768 767
781 31 769 763
782 31 B 770
783 31 770 760
784 31 B 771
785 31 771 761
786 31 B 772
787 32 774 773
788 32 775 774
789 32 777 776
790 32 778 777
791 32 779 775
792 32 780 778
793 32 782 781
794 32 784 783
795 32 786 785
796 33 789 787
797 33 790 788
798 33 792 791
799 33 793 789
800 33 B 794
801 33 794 788
802 33 B 795
803 34 788 787
804 34 797 796
805 34 791 788
806 34 798 797
807 34 B 791
808 34 B 798
809 34 800 799
810 34 802 801
811 34 B 795
812 35 804 803
813 35 806 805
814 35 808 807
815 35 809 804
816 35 B 810
817 35 810 805
818 35 B 811
819 36 813 812
820 36 814 813
821 36 816 815
822 36 818 817
823 37 821 819
824 37 B 822
825 38 820 819
826 38 824 823
827 38 B 822
828 39 826 825
829 39 B 827
830 40 829 828
831 42 B 830
832 44 B 831