1 1 B T
2 2 1 T
3 2 B 1
4 3 2 T
5 3 3 2
6 3 B 3
7 3 B 2
8 4 4 T
9 4 5 4
10 4 6 5
11 4 B 6
12 4 2 T
13 4 B 2
14 4 B 5
15 4 7 4
16 5 8 T
17 5 9 8
18 5 10 9
19 5 11 10
20 5 9 12
21 5 B 11
22 5 14 13
23 5 11 14
24 5 15 8
25 5 B 15
26 5 15 12
27 5 B 13
28 6 16 T
29 6 17 16
30 6 18 17
31 6 19 18
32 6 20 16
33 6 21 19
34 6 22 20
35 6 23 18
36 6 B 21
37 6 25 24
38 6 27 26
39 7 28 T
40 7 29 28
41 7 30 29
42 7 31 30
43 7 30 32
44 7 33 31
45 7 35 34
46 7 33 35
47 7 36 33
48 7 B 36
49 7 37 29
50 7 B 37
51 7 37 32
52 7 B 38
53 8 39 T
54 8 40 39
55 8 28 T
56 8 41 40
57 8 42 41
58 8 32 28
59 8 43 40
60 8 44 42
61 8 34 32
62 8 45 43
63 8 46 42
64 8 47 44
65 8 48 47
66 8 B 34
67 8 B 45
68 8 B 46
69 8 B 47
70 8 B 48
71 8 50 49
72 8 52 51
73 8 B 38
74 9 53 T
75 9 54 53
76 9 54 55
77 9 56 54
78 9 57 56
79 9 59 58
80 9 57 59
81 9 60 57
82 9 62 61
83 9 63 62
84 9 64 63
85 9 64 60
86 9 65 64
87 9 67 66
88 9 68 67
89 9 69 68
90 9 70 69
91 9 70 65
92 9 B 70
93 9 71 56
94 9 B 71
95 9 71 59
96 9 B 72
97 9 72 61
98 9 B 73
99 10 74 T
100 10 75 74
101 10 76 74
102 10 77 75
103 10 78 77
104 10 79 76
105 10 80 77
106 10 81 78
107 10 82 79
108 10 83 80
109 10 84 81
110 10 85 81
111 10 86 85
112 10 87 82
113 10 88 83
114 10 89 84
115 10 90 86
116 10 91 86
117 10 92 91
118 10 B 92
119 10 94 93
120 10 96 95
121 10 98 97
122 11 99 T
123 11 100 99
124 11 102 101
125 11 102 100
126 11 103 102
127 11 105 104
128 11 106 105
129 11 108 107
130 11 109 108
131 11 106 103
132 11 110 106
133 11 111 109
134 11 113 112
135 11 114 113
136 11 115 114
137 11 111 110
138 11 116 111
139 11 117 115
140 11 117 116
141 11 118 117
142 11 119 103
143 11 B 119
144 11 119 105
145 11 B 120
146 11 120 107
147 11 B 121
148 12 122 T
149 12 99 T
150 12 123 122
151 12 101 99
152 12 124 123
153 12 125 123
154 12 126 125
155 12 104 101
156 12 127 124
157 12 128 126
158 12 107 104
159 12 129 127
160 12 130 128
161 12 131 126
162 12 132 131
163 12 133 132
164 12 112 107
165 12 134 129
166 12 135 130
167 12 136 133
168 12 B 112
169 12 B 134
170 12 B 135
171 12 B 136
172 12 137 132
173 12 138 137
174 12 139 138
175 12 B 139
176 12 140 138
177 12 141 140
178 12 B 141
179 12 143 142
180 12 145 144
181 12 147 146
182 12 B 121
183 13 148 T
184 13 150 149
185 13 152 151
186 13 150 148
187 13 153 150
188 13 154 152
189 13 156 155
190 13 157 156
191 13 159 158
192 13 160 159
193 13 154 153
194 13 161 154
195 13 162 157
196 13 163 160
197 13 165 164
198 13 166 165
199 13 167 166
200 13 169 168
201 13 170 169
202 13 171 170
203 13 162 161
204 13 172 162
205 13 173 163
206 13 174 167
207 13 175 171
208 13 173 172
209 13 176 173
210 13 177 174
211 13 178 175
212 13 179 161
213 13 B 179
214 13 179 157
215 13 B 180
216 13 180 159
217 13 B 181
218 13 181 164
219 13 B 182
220 14 184 183
221 14 185 184
222 14 187 186
223 14 188 187
224 14 189 185
225 14 190 188
226 14 191 189
227 14 192 190
228 14 193 187
229 14 194 193
230 14 195 194
231 14 196 195
232 14 197 191
233 14 198 192
234 14 199 196
235 14 200 197
236 14 201 198
237 14 202 199
238 14 203 194
239 14 204 203
240 14 205 204
241 14 206 205
242 14 207 206
243 14 208 204
244 14 209 208
245 14 210 209
246 14 211 210
247 14 213 212
248 14 215 214
249 14 217 216
250 14 219 218
251 15 222 220
252 15 223 221
253 15 225 224
254 15 227 226
255 15 228 222
256 15 229 223
257 15 230 225
258 15 231 227
259 15 233 232
260 15 234 233
261 15 236 235
262 15 237 236
263 15 229 228
264 15 238 229
265 15 239 230
266 15 240 231
267 15 241 234
268 15 242 237
269 15 239 238
270 15 243 239
271 15 244 240
272 15 245 241
273 15 246 242
274 15 247 238
275 15 B 247
276 15 247 230
277 15 B 248
278 15 248 227
279 15 B 249
280 15 249 232
281 15 B 250
282 16 221 220
283 16 252 251
284 16 224 221
285 16 253 252
286 16 226 224
287 16 254 253
288 16 256 255
289 16 257 256
290 16 258 257
291 16 232 226
292 16 259 254
293 16 260 258
294 16 235 232
295 16 261 259
296 16 262 260
297 16 264 263
298 16 265 264
299 16 266 265
300 16 267 266
301 16 268 267
302 16 B 235
303 16 B 261
304 16 B 262
305 16 B 268
306 16 269 264
307 16 270 269
308 16 271 270
309 16 272 271
310 16 273 272
311 16 B 273
312 16 275 274
313 16 277 276
314 16 279 278
315 16 281 280
316 16 B 250
317 17 283 282
318 17 285 284
319 17 287 286
320 17 288 283
321 17 289 285
322 17 290 287
323 17 292 291
324 17 293 292
325 17 295 294
326 17 296 295
327 17 297 288
328 17 298 289
329 17 299 290
330 17 300 293
331 17 301 296
332 17 303 302
333 17 304 303
334 17 305 304
335 17 306 297
336 17 307 298
337 17 308 299
338 17 309 300
339 17 310 301
340 17 311 305
341 17 312 306
342 17 B 312
343 17 312 298
344 17 B 313
345 17 313 290
346 17 B 314
347 17 314 292
348 17 B 315
349 17 315 294
350 17 B 316
351 18 318 317
352 18 319 318
353 18 321 320
354 18 322 321
355 18 323 319
356 18 324 322
357 18 325 323
358 18 326 324
359 18 328 327
360 18 329 328
361 18 330 329
362 18 331 330
363 18 332 325
364 18 333 326
365 18 334 331
366 18 336 335
367 18 337 336
368 18 338 337
369 18 339 338
370 18 340 339
371 18 342 341
372 18 344 343
373 18 346 345
374 18 348 347
375 18 350 349
376 19 353 351
377 19 354 352
378 19 356 355
379 19 358 357
380 19 359 353
381 19 360 354
382 19 361 356
383 19 362 358
384 19 364 363
385 19 365 364
386 19 366 359
387 19 367 360
388 19 368 361
389 19 369 362
390 19 370 365
391 19 371 366
392 19 B 372
393 19 372 360
394 19 B 373
395 19 373 356
396 19 B 374
397 19 374 357
398 19 B 375
399 20 352 351
400 20 377 376
401 20 355 352
402 20 378 377
403 20 357 355
404 20 379 378
405 20 381 380
406 20 382 381
407 20 383 382
408 20 363 357
409 20 384 379
410 20 385 383
411 20 B 363
412 20 B 384
413 20 B 385
414 20 387 386
415 20 388 387
416 20 389 388
417 20 390 389
418 20 B 390
419 20 392 391
420 20 394 393
421 20 396 395
422 20 398 397
423 20 B 375
424 21 400 399
425 21 402 401
426 21 404 403
427 21 405 400
428 21 406 402
429 21 407 404
430 21 409 408
431 21 410 409
432 21 412 411
433 21 413 412
434 21 414 405
435 21 415 406
436 21 416 407
437 21 417 410
438 21 418 413
439 21 419 414
440 21 B 420
441 21 420 406
442 21 B 421
443 21 421 404
444 21 B 422
445 21 422 408
446 21 B 423
447 22 425 424
448 22 426 425
449 22 428 427
450 22 429 428
451 22 430 426
452 22 431 429
453 22 432 430
454 22 433 431
455 22 435 434
456 22 436 435
457 22 437 436
458 22 438 437
459 22 440 439
460 22 442 441
461 22 444 443
462 22 446 445
463 23 449 447
464 23 450 448
465 23 452 451
466 23 454 453
467 23 455 449
468 23 456 450
469 23 457 452
470 23 458 454
471 23 459 455
472 23 B 460
473 23 460 450
474 23 B 461
475 23 461 451
476 23 B 462
477 24 448 447
478 24 464 463
479 24 451 448
480 24 465 464
481 24 453 451
482 24 466 465
483 24 468 467
484 24 469 468
485 24 470 469
486 24 B 453
487 24 B 466
488 24 B 470
489 24 472 471
490 24 474 473
491 24 476 475
492 24 B 462
493 25 478 477
494 25 480 479
495 25 482 481
496 25 483 478
497 25 484 480
498 25 485 482
499 25 487 486
500 25 488 487
501 25 489 483
502 25 B 490
503 25 490 480
504 25 B 491
505 25 491 481
506 25 B 492
507 26 494 493
508 26 495 494
509 26 497 496
510 26 498 497
511 26 499 495
512 26 500 498
513 26 502 501
514 26 504 503
515 26 506 505
516 27 509 507
517 27 510 508
518 27 512 511
519 27 513 509
520 27 B 514
521 27 514 508
522 27 B 515
523 28 508 507
524 28 517 516
525 28 511 508
526 28 518 517
527 28 B 511
528 28 B 518
529 28 520 519
530 28 522 521
531 28 B 515
532 29 524 523
533 29 526 525
534 29 528 527
535 29 529 524
536 29 B 530
537 29 530 525
538 29 B 531
539 30 533 532
540 30 534 533
541 30 536 535
542 30 538 537
543 31 541 539
544 31 B 542
545 32 540 539
546 32 544 543
547 32 B 542
548 33 546 545
549 33 B 547
550 34 549 548
551 36 B 550
552 38 B 551